1403638522.577829599 0.01362 0.00805 0.15484 0.83042 0.01113 0.55545 -0.04177
1403638522.677829504 0.01951 0.00869 0.20069 0.82795 0.01484 0.55868 -0.04641
1403638522.777829409 0.02683 0.01115 0.24859 0.82204 0.02242 0.56681 -0.04970
1403638522.877829552 0.03280 0.01272 0.29780 0.81632 0.02105 0.57381 -0.06254
1403638522.977829456 0.03634 0.00997 0.34447 0.81111 0.01634 0.58033 -0.07101
1403638523.077829599 0.03786 0.00502 0.37789 0.80857 0.01491 0.58379 -0.07202
1403638523.177829504 0.03751 -0.00044 0.39244 0.80756 0.01528 0.58526 -0.07130
1403638523.277829409 0.03526 -0.00872 0.38300 0.80516 0.01519 0.58962 -0.06201
1403638523.377829552 0.03455 -0.01435 0.35141 0.80409 0.01431 0.59155 -0.05748
1403638523.477829456 0.03305 -0.02062 0.30919 0.80778 0.01685 0.58688 -0.05280
1403638523.577829599 0.02818 -0.02779 0.25868 0.81699 0.02119 0.57444 -0.04587
1403638523.677829504 0.02120 -0.03385 0.20890 0.82634 0.02409 0.56130 -0.03892
1403638523.777829409 0.01500 -0.03877 0.16085 0.83089 0.02698 0.55467 -0.03525
1403638523.877829552 0.00695 -0.04290 0.11736 0.83142 0.02990 0.55391 -0.03193
1403638523.977829456 0.00154 -0.04782 0.08372 0.83144 0.03601 0.55398 -0.02279
1403638524.077829599 -0.00258 -0.04936 0.07099 0.83451 0.04442 0.54898 -0.01579
1403638524.177829504 -0.00356 -0.04791 0.08995 0.83904 0.04948 0.54157 -0.01650
1403638524.277829409 -0.00203 -0.04765 0.13490 0.83999 0.05071 0.53974 -0.02290
1403638524.377829552 0.00192 -0.04723 0.19025 0.83717 0.04928 0.54374 -0.03246
1403638524.477829456 0.00862 -0.04621 0.25065 0.83056 0.04757 0.55349 -0.03950
1403638524.577829599 0.01663 -0.04420 0.31037 0.82168 0.04628 0.56646 -0.04270
1403638524.677829504 0.02538 -0.04116 0.36415 0.81519 0.04078 0.57646 -0.03870
1403638524.777829409 0.03211 -0.03685 0.40435 0.81133 0.03569 0.58292 -0.02601
1403638524.877829552 0.03713 -0.03245 0.43049 0.80983 0.03306 0.58531 -0.02234
1403638524.977829456 0.03966 -0.02951 0.43990 0.80831 0.03552 0.58696 -0.02910
1403638525.077829599 0.04124 -0.02836 0.42714 0.80564 0.03915 0.59049 -0.02707
1403638525.177829504 0.04308 -0.02717 0.39325 0.80417 0.04387 0.59225 -0.02495
1403638525.277829409 0.04236 -0.02820 0.34737 0.80677 0.04895 0.58830 -0.02525
1403638525.377829552 0.04137 -0.02819 0.29328 0.81565 0.05408 0.57533 -0.02804
1403638525.477829456 0.03890 -0.02740 0.23999 0.82786 0.05613 0.55691 -0.03673
1403638525.577829599 0.03418 -0.02835 0.19346 0.83683 0.05569 0.54292 -0.04307
1403638525.677829504 0.03228 -0.03041 0.15449 0.83972 0.05277 0.53865 -0.04418
1403638525.777829409 0.02875 -0.03187 0.12340 0.83808 0.04695 0.54194 -0.04151
1403638525.877829552 0.02700 -0.03390 0.10174 0.83441 0.04276 0.54838 -0.03480
1403638525.977829456 0.02411 -0.04270 0.09184 0.83303 0.04175 0.55100 -0.02670
1403638526.077829599 0.02061 -0.06231 0.09263 0.83463 0.03973 0.54891 -0.02244
1403638526.177829504 0.01757 -0.09181 0.10051 0.83701 0.03079 0.54592 -0.02078
1403638526.277829409 0.01311 -0.12834 0.11398 0.83610 0.02192 0.54787 -0.01751
1403638526.377829552 0.00675 -0.16960 0.12845 0.83199 0.01342 0.55442 -0.01541
1403638526.477829456 -0.00176 -0.21553 0.14090 0.82690 0.00247 0.56216 -0.01428
1403638526.577829599 -0.01147 -0.26797 0.14998 0.82157 -0.00856 0.56989 -0.01300
1403638526.677829504 -0.02272 -0.32789 0.15716 0.81646 -0.01686 0.57709 -0.00876
1403638526.777829409 -0.03647 -0.39340 0.16240 0.81341 -0.02223 0.58127 -0.00049
1403638526.877829552 -0.05171 -0.45903 0.16587 0.81268 -0.02539 0.58211 0.00741
1403638526.977829456 -0.06771 -0.52120 0.16853 0.81576 -0.03175 0.57740 0.01174
1403638527.077829599 -0.08160 -0.57910 0.17168 0.82028 -0.04489 0.56987 0.01951
1403638527.177829504 -0.09254 -0.63105 0.17671 0.82207 -0.06006 0.56555 0.02735
1403638527.277829409 -0.09842 -0.67257 0.18286 0.81918 -0.07381 0.56744 0.03887
1403638527.377829552 -0.09915 -0.69684 0.18839 0.81407 -0.08258 0.57229 0.05434
1403638527.477829456 -0.09542 -0.69980 0.19137 0.81043 -0.08702 0.57570 0.06475
1403638527.577829599 -0.08614 -0.67954 0.19234 0.80973 -0.08830 0.57612 0.06796
1403638527.677829504 -0.07221 -0.64053 0.19071 0.81023 -0.08482 0.57612 0.06646
1403638527.777829409 -0.05587 -0.59231 0.18975 0.81164 -0.07761 0.57575 0.06109
1403638527.877829552 -0.03916 -0.53661 0.19164 0.81479 -0.07284 0.57321 0.04735
1403638527.977829456 -0.01999 -0.47633 0.19473 0.81571 -0.06804 0.57323 0.03738
1403638528.077829599 -0.00113 -0.41694 0.19596 0.81450 -0.06066 0.57617 0.03073
1403638528.177829504 0.01838 -0.36071 0.19301 0.81494 -0.05178 0.57684 0.02107
1403638528.277829409 0.04234 -0.31046 0.18826 0.81639 -0.04119 0.57597 0.00861
1403638528.377829552 0.07245 -0.27205 0.18250 0.81604 -0.03307 0.57705 0.00145
1403638528.477829456 0.10714 -0.24520 0.17761 0.81528 -0.02977 0.57829 0.00305
1403638528.577829599 0.14190 -0.22339 0.17326 0.81720 -0.03431 0.57531 0.00464
1403638528.677829504 0.17807 -0.20951 0.17301 0.81854 -0.04196 0.57290 0.00357
1403638528.777829409 0.20817 -0.20032 0.17575 0.81772 -0.04714 0.57362 0.00869
1403638528.877829552 0.22399 -0.19303 0.18191 0.81675 -0.05469 0.57437 0.00501
1403638528.977829456 0.22624 -0.18233 0.19341 0.81660 -0.06153 0.57391 -0.00159
1403638529.077829599 0.20847 -0.17287 0.20946 0.81754 -0.06288 0.57243 -0.00025
1403638529.177829504 0.18092 -0.15585 0.21955 0.81852 -0.05604 0.57149 0.01682
1403638529.277829409 0.14693 -0.13471 0.21946 0.82048 -0.05006 0.56876 0.02859
1403638529.377829552 0.11225 -0.10758 0.20793 0.82581 -0.04579 0.56114 0.03279
1403638529.477829456 0.08131 -0.09019 0.18816 0.83594 -0.04331 0.54620 0.03153
1403638529.577829599 0.05491 -0.07691 0.16249 0.84617 -0.04049 0.53057 0.02930
1403638529.677829504 0.03414 -0.07308 0.13660 0.85004 -0.03739 0.52450 0.03044
1403638529.777829409 0.01913 -0.06997 0.11368 0.84644 -0.03648 0.53040 0.02954
1403638529.877829552 0.01154 -0.06179 0.09376 0.84002 -0.03759 0.54050 0.02831
1403638529.977829456 0.01178 -0.05678 0.07786 0.83740 -0.03779 0.54456 0.02798
1403638530.077829599 0.01966 -0.05479 0.06627 0.83879 -0.03838 0.54234 0.02872
1403638530.177829504 0.03216 -0.05527 0.05625 0.84046 -0.04288 0.53935 0.02981
1403638530.277829409 0.04727 -0.05719 0.04620 0.84001 -0.04896 0.53940 0.03205
1403638530.377829552 0.06058 -0.06067 0.03599 0.83935 -0.05426 0.53976 0.03471
1403638530.477829456 0.07241 -0.06458 0.02834 0.83907 -0.05820 0.53977 0.03510
1403638530.577829599 0.08029 -0.06897 0.02268 0.83901 -0.06162 0.53951 0.03452
1403638530.677829504 0.08466 -0.07234 0.01742 0.84194 -0.06391 0.53458 0.03581
1403638530.777829409 0.08784 -0.07455 0.01159 0.84532 -0.06554 0.52900 0.03598
1403638530.877829552 0.09007 -0.07588 0.00687 0.84596 -0.06494 0.52818 0.03413
1403638530.977829456 0.09139 -0.07625 0.00394 0.84374 -0.06496 0.53178 0.03295
1403638531.077829599 0.09157 -0.07589 0.00215 0.84032 -0.06367 0.53728 0.03378
1403638531.177829504 0.09161 -0.07421 0.00295 0.83817 -0.06159 0.54082 0.03453
1403638531.277829409 0.09195 -0.07319 0.00158 0.83698 -0.06032 0.54261 0.03741
1403638531.377829552 0.09172 -0.07237 0.00140 0.83576 -0.06059 0.54446 0.03747
1403638531.477829456 0.09153 -0.07279 0.00160 0.83472 -0.06107 0.54598 0.03777
1403638531.577829599 0.09136 -0.07289 0.00146 0.83506 -0.06005 0.54552 0.03849
1403638531.677829504 0.09134 -0.07268 0.00132 0.83516 -0.06072 0.54533 0.03787
1403638531.777829409 0.09143 -0.07278 0.00131 0.83509 -0.06087 0.54539 0.03835
1403638531.877829552 0.09137 -0.07282 0.00127 0.83515 -0.06084 0.54528 0.03862
1403638531.977829456 0.09141 -0.07291 0.00124 0.83514 -0.06095 0.54526 0.03898
1403638532.077829599 0.09140 -0.07295 0.00120 0.83514 -0.06091 0.54524 0.03925
1403638532.177829504 0.09142 -0.07295 0.00117 0.83512 -0.06107 0.54525 0.03931
1403638532.277829409 0.09143 -0.07294 0.00116 0.83510 -0.06133 0.54525 0.03931
1403638532.377829552 0.09142 -0.07294 0.00113 0.83508 -0.06143 0.54527 0.03934
1403638532.477829456 0.09143 -0.07297 0.00113 0.83505 -0.06160 0.54530 0.03939
1403638532.577829599 0.09141 -0.07298 0.00110 0.83506 -0.06170 0.54526 0.03950
1403638532.677829504 0.09145 -0.07303 0.00110 0.83502 -0.06175 0.54530 0.03965
1403638532.777829409 0.09142 -0.07306 0.00110 0.83504 -0.06169 0.54526 0.03982
1403638532.877829552 0.09142 -0.07307 0.00110 0.83503 -0.06176 0.54527 0.03996
1403638532.977829456 0.09142 -0.07310 0.00110 0.83500 -0.06181 0.54530 0.04004
1403638533.077829599 0.09140 -0.07311 0.00109 0.83499 -0.06188 0.54529 0.04011
1403638533.177829504 0.09142 -0.07313 0.00108 0.83495 -0.06197 0.54535 0.04017
1403638533.277829409 0.09140 -0.07314 0.00107 0.83492 -0.06205 0.54538 0.04022
1403638533.377829552 0.09140 -0.07316 0.00106 0.83491 -0.06206 0.54539 0.04035
1403638533.477829456 0.09142 -0.07319 0.00106 0.83489 -0.06212 0.54540 0.04038
1403638533.577829599 0.09139 -0.07318 0.00106 0.83489 -0.06216 0.54541 0.04040
1403638533.677829504 0.09141 -0.07319 0.00106 0.83486 -0.06226 0.54543 0.04044
1403638533.777829409 0.09139 -0.07319 0.00106 0.83484 -0.06230 0.54545 0.04047
1403638533.877829552 0.09142 -0.07315 0.00104 0.83488 -0.06205 0.54543 0.04029
1403638533.977829456 0.09145 -0.07321 0.00102 0.83487 -0.06233 0.54540 0.04048
1403638534.077829599 0.09138 -0.07326 0.00102 0.83480 -0.06275 0.54544 0.04093
1403638534.177829504 0.09139 -0.07325 0.00105 0.83483 -0.06258 0.54543 0.04061
1403638534.277829409 0.09141 -0.07320 0.00103 0.83492 -0.06249 0.54532 0.04039
1403638534.377829552 0.09142 -0.07320 0.00105 0.83492 -0.06254 0.54531 0.04043
1403638534.477829456 0.09140 -0.07327 0.00105 0.83493 -0.06283 0.54525 0.04061
1403638534.577829599 0.09143 -0.07323 0.00106 0.83503 -0.06255 0.54513 0.04051
1403638534.677829504 0.09145 -0.07318 0.00109 0.83503 -0.06237 0.54516 0.04033
1403638534.777829409 0.09143 -0.07323 0.00110 0.83504 -0.06230 0.54516 0.04045
1403638534.877829552 0.09142 -0.07328 0.00110 0.83498 -0.06248 0.54520 0.04077
1403638534.977829456 0.09139 -0.07334 0.00111 0.83502 -0.06254 0.54513 0.04085
1403638535.077829599 0.09139 -0.07334 0.00111 0.83508 -0.06255 0.54504 0.04074
1403638535.177829504 0.09140 -0.07334 0.00110 0.83505 -0.06259 0.54509 0.04067
1403638535.277829409 0.09140 -0.07334 0.00109 0.83505 -0.06259 0.54509 0.04061
1403638535.377829552 0.09139 -0.07332 0.00111 0.83505 -0.06257 0.54508 0.04066
1403638535.477829456 0.09139 -0.07333 0.00112 0.83506 -0.06260 0.54506 0.04076
1403638535.577829599 0.09140 -0.07332 0.00113 0.83508 -0.06255 0.54505 0.04073
1403638535.677829504 0.09140 -0.07332 0.00113 0.83506 -0.06259 0.54507 0.04069
1403638535.777829409 0.09139 -0.07333 0.00112 0.83505 -0.06260 0.54509 0.04073
1403638535.877829552 0.09140 -0.07333 0.00112 0.83506 -0.06255 0.54507 0.04065
1403638535.977829456 0.09137 -0.07333 0.00113 0.83511 -0.06255 0.54500 0.04062
1403638536.077829599 0.09139 -0.07334 0.00113 0.83506 -0.06262 0.54507 0.04061
1403638536.177829504 0.09139 -0.07335 0.00113 0.83505 -0.06265 0.54508 0.04060
1403638536.277829409 0.09140 -0.07335 0.00111 0.83506 -0.06260 0.54508 0.04063
1403638536.377829552 0.09140 -0.07335 0.00112 0.83501 -0.06261 0.54514 0.04063
1403638536.477829456 0.09139 -0.07334 0.00113 0.83501 -0.06259 0.54516 0.04063
1403638536.577829599 0.09139 -0.07334 0.00113 0.83502 -0.06259 0.54515 0.04054
1403638536.677829504 0.09138 -0.07335 0.00113 0.83502 -0.06257 0.54515 0.04054
1403638536.777829409 0.09137 -0.07335 0.00112 0.83498 -0.06262 0.54519 0.04059
1403638536.877829552 0.09137 -0.07334 0.00111 0.83493 -0.06271 0.54527 0.04050
1403638536.977829456 0.09137 -0.07335 0.00112 0.83496 -0.06276 0.54523 0.04045
1403638537.077829599 0.09140 -0.07333 0.00113 0.83497 -0.06267 0.54522 0.04046
1403638537.177829504 0.09140 -0.07332 0.00113 0.83492 -0.06264 0.54529 0.04061
1403638537.277829409 0.09140 -0.07332 0.00118 0.83494 -0.06258 0.54525 0.04074
1403638537.377829552 0.09139 -0.07333 0.00117 0.83492 -0.06257 0.54528 0.04074
1403638537.477829456 0.09140 -0.07333 0.00117 0.83491 -0.06257 0.54530 0.04070
1403638537.577829599 0.09138 -0.07332 0.00121 0.83495 -0.06246 0.54525 0.04075
1403638537.677829504 0.09140 -0.07332 0.00125 0.83498 -0.06247 0.54520 0.04081
1403638537.777829409 0.09141 -0.07331 0.00124 0.83494 -0.06249 0.54525 0.04076
1403638537.877829552 0.09144 -0.07331 0.00126 0.83494 -0.06239 0.54527 0.04086
1403638537.977829456 0.09142 -0.07331 0.00129 0.83491 -0.06251 0.54530 0.04090
1403638538.077829599 0.09141 -0.07330 0.00132 0.83489 -0.06250 0.54532 0.04087
1403638538.177829504 0.09141 -0.07332 0.00134 0.83487 -0.06249 0.54536 0.04091
1403638538.277829409 0.09152 -0.07328 0.00133 0.83483 -0.06238 0.54542 0.04092
1403638538.377829552 0.09145 -0.07331 0.00138 0.83479 -0.06237 0.54547 0.04110
1403638538.477829456 0.09143 -0.07331 0.00145 0.83481 -0.06234 0.54545 0.04108
1403638538.577829599 0.09147 -0.07331 0.00150 0.83479 -0.06234 0.54546 0.04130
1403638538.677829504 0.09145 -0.07329 0.00157 0.83461 -0.06243 0.54574 0.04112
1403638538.777829409 0.09156 -0.07333 0.00194 0.83384 -0.06225 0.54696 0.04097
1403638538.877829552 0.09306 -0.07289 0.00240 0.83284 -0.06173 0.54859 0.04023
1403638538.977829456 0.09663 -0.07276 0.00515 0.82815 -0.06093 0.55568 0.04103
1403638539.077829599 0.10120 -0.07280 0.00895 0.82251 -0.06240 0.56371 0.04262
1403638539.177829504 0.10900 -0.07280 0.01717 0.81721 -0.06281 0.57137 0.04193
1403638539.277829409 0.11754 -0.07257 0.03330 0.81351 -0.06208 0.57671 0.04181
1403638539.377829552 0.12541 -0.07232 0.05735 0.81446 -0.06160 0.57545 0.04144
1403638539.477829456 0.13385 -0.07236 0.08793 0.81650 -0.06069 0.57266 0.04121
1403638539.577829599 0.14182 -0.07214 0.12199 0.81743 -0.05941 0.57148 0.04103
1403638539.677829504 0.15023 -0.07254 0.15083 0.81802 -0.05906 0.57079 0.03948
1403638539.777829409 0.15941 -0.07268 0.16797 0.81929 -0.05733 0.56911 0.03997
1403638539.877829552 0.17012 -0.07258 0.17804 0.82185 -0.05680 0.56551 0.03913
1403638539.977829456 0.18344 -0.07242 0.18687 0.82643 -0.05659 0.55895 0.03741
1403638540.077829599 0.20249 -0.07421 0.19435 0.83236 -0.05660 0.55008 0.03724
1403638540.177829504 0.22597 -0.07453 0.20233 0.83633 -0.05639 0.54406 0.03700
1403638540.277829409 0.26106 -0.07762 0.20923 0.83218 -0.05509 0.55047 0.03760
1403638540.377829552 0.29795 -0.07865 0.22021 0.82611 -0.05305 0.55969 0.03842
1403638540.477829456 0.33866 -0.07908 0.22891 0.82386 -0.04706 0.56373 0.03531
1403638540.577829599 0.38442 -0.07861 0.23431 0.82421 -0.03564 0.56446 0.02814
1403638540.677829504 0.43407 -0.07745 0.23898 0.82454 -0.01850 0.56515 0.01986
1403638540.777829409 0.48780 -0.07408 0.24311 0.82389 0.00547 0.56659 0.01199
1403638540.877829552 0.54111 -0.06682 0.24723 0.82341 0.03342 0.56646 0.00177
1403638540.977829456 0.59508 -0.05477 0.24976 0.82204 0.05970 0.56616 -0.01195
1403638541.077829599 0.64910 -0.03874 0.25017 0.81998 0.07919 0.56630 -0.02572
1403638541.177829504 0.70437 -0.01864 0.24638 0.81832 0.09249 0.56616 -0.03551
1403638541.277829409 0.75837 0.00520 0.24106 0.81756 0.10127 0.56540 -0.04071
1403638541.377829552 0.81348 0.03423 0.24197 0.81740 0.10486 0.56475 -0.04377
1403638541.477829456 0.86838 0.06786 0.24719 0.81721 0.10506 0.56490 -0.04502
1403638541.577829599 0.92253 0.10672 0.25939 0.81578 0.10568 0.56689 -0.04437
1403638541.677829504 0.97941 0.15251 0.27883 0.81409 0.10870 0.56840 -0.04868
1403638541.777829409 1.03548 0.20349 0.30484 0.81280 0.11433 0.56819 -0.05865
1403638541.877829552 1.08880 0.25843 0.33684 0.81144 0.12325 0.56689 -0.07070
1403638541.977829456 1.13878 0.31540 0.36641 0.81042 0.13758 0.56345 -0.08258
1403638542.077829599 1.18682 0.37444 0.38930 0.80836 0.15461 0.55975 -0.09659
1403638542.177829504 1.23225 0.43392 0.40639 0.80455 0.17455 0.55648 -0.11204
1403638542.277829409 1.27860 0.49568 0.41732 0.80065 0.19785 0.55109 -0.12692
1403638542.377829552 1.32316 0.55750 0.42548 0.79295 0.21971 0.55060 -0.14072
1403638542.477829456 1.36772 0.62003 0.43183 0.77931 0.24011 0.55982 -0.14708
1403638542.577829599 1.40966 0.68410 0.43578 0.76712 0.25873 0.56922 -0.14344
1403638542.677829504 1.44465 0.75175 0.44194 0.76349 0.26827 0.56943 -0.14444
1403638542.777829409 1.47227 0.82399 0.45440 0.76737 0.26740 0.56210 -0.15388
1403638542.877829552 1.49531 0.90170 0.47408 0.77259 0.26442 0.55433 -0.16092
1403638542.977829456 1.51273 0.98013 0.50047 0.77706 0.26137 0.54820 -0.16533
1403638543.077829599 1.52811 1.05893 0.52930 0.78057 0.25832 0.54376 -0.16825
1403638543.177829504 1.54311 1.13755 0.55281 0.78177 0.25591 0.54309 -0.16854
1403638543.277829409 1.55895 1.21684 0.57221 0.78215 0.25346 0.54362 -0.16873
1403638543.377829552 1.57401 1.29714 0.58394 0.78332 0.25251 0.54256 -0.16816
1403638543.477829456 1.59076 1.37982 0.59214 0.78235 0.25692 0.54119 -0.17039
1403638543.577829599 1.60839 1.46354 0.59851 0.77949 0.26787 0.53841 -0.17537
1403638543.677829504 1.62446 1.55164 0.60144 0.77394 0.28534 0.53520 -0.18210
1403638543.777829409 1.63870 1.64143 0.60680 0.76602 0.30647 0.53140 -0.19211
1403638543.877829552 1.65124 1.72715 0.61887 0.75605 0.32889 0.52793 -0.20372
1403638543.977829456 1.66618 1.82244 0.63869 0.74771 0.34710 0.52259 -0.21761
1403638544.077829599 1.67881 1.91444 0.66227 0.74377 0.35836 0.51411 -0.23254
1403638544.177829504 1.69290 2.00748 0.68527 0.74070 0.36490 0.50908 -0.24299
1403638544.277829409 1.70958 2.10426 0.70198 0.73822 0.36822 0.50703 -0.24974
1403638544.377829552 1.72660 2.19845 0.71232 0.73761 0.37078 0.50526 -0.25134
1403638544.477829456 1.74440 2.29080 0.71989 0.73815 0.37193 0.50398 -0.25063
1403638544.577829599 1.76398 2.38860 0.72561 0.73550 0.37108 0.50753 -0.25248
1403638544.677829504 1.78296 2.48383 0.73963 0.72897 0.37050 0.51471 -0.25769
1403638544.777829409 1.80214 2.57945 0.75503 0.72817 0.37147 0.51449 -0.25900
1403638544.877829552 1.81894 2.67042 0.77062 0.73139 0.37387 0.50900 -0.25732
1403638544.977829456 1.83717 2.76102 0.77881 0.73220 0.37466 0.50708 -0.25764
1403638545.077829599 1.85516 2.85065 0.78154 0.73092 0.37471 0.50804 -0.25932
1403638545.177829504 1.87067 2.93959 0.78048 0.73048 0.37591 0.50778 -0.25933
1403638545.277829409 1.88875 3.02926 0.77126 0.72984 0.37763 0.50772 -0.25874
1403638545.377829552 1.90690 3.11917 0.75841 0.72715 0.37681 0.51121 -0.26064
1403638545.477829456 1.91995 3.20441 0.74435 0.72698 0.37779 0.50953 -0.26297
1403638545.577829599 1.93626 3.29500 0.73097 0.72476 0.38447 0.50547 -0.26722
1403638545.677829504 1.94987 3.38097 0.72512 0.71920 0.39592 0.49980 -0.27605
1403638545.777829409 1.96321 3.46718 0.72725 0.71141 0.41249 0.49243 -0.28505
1403638545.877829552 1.97693 3.55319 0.73528 0.70076 0.43201 0.48440 -0.29606
1403638545.977829456 1.99109 3.63952 0.75068 0.68832 0.45405 0.47584 -0.30600
1403638546.077829599 2.00698 3.72851 0.76906 0.67640 0.47297 0.47023 -0.31250
1403638546.177829504 2.02219 3.81614 0.78195 0.66774 0.48526 0.46490 -0.32018
1403638546.277829409 2.03795 3.90980 0.78730 0.66306 0.49279 0.46017 -0.32518
1403638546.377829552 2.05266 4.00585 0.78742 0.66156 0.49492 0.45552 -0.33149
1403638546.477829456 2.06714 4.10259 0.78210 0.66127 0.49613 0.45266 -0.33417
1403638546.577829599 2.08082 4.19968 0.77657 0.65927 0.49930 0.45135 -0.33518
1403638546.677829504 2.09310 4.29861 0.77703 0.65447 0.50519 0.44909 -0.33878
1403638546.777829409 2.10493 4.40058 0.78780 0.64995 0.51087 0.44734 -0.34127
1403638546.877829552 2.11575 4.50366 0.80694 0.64632 0.51583 0.44634 -0.34203
1403638546.977829456 2.12597 4.60953 0.82496 0.64311 0.52020 0.44695 -0.34064
1403638547.077829599 2.13415 4.71962 0.83441 0.64062 0.52350 0.44814 -0.33870
1403638547.177829504 2.13955 4.82847 0.83957 0.63865 0.52671 0.44950 -0.33564
1403638547.277829409 2.13912 4.94400 0.83802 0.63715 0.52831 0.45100 -0.33396
1403638547.377829552 2.13568 5.05265 0.83501 0.63869 0.52600 0.44929 -0.33696
1403638547.477829456 2.12893 5.16437 0.82820 0.64182 0.52225 0.44569 -0.34157
1403638547.577829599 2.11583 5.27463 0.81425 0.64508 0.51896 0.44218 -0.34502
1403638547.677829504 2.10529 5.38793 0.79805 0.64637 0.51729 0.44188 -0.34549
1403638547.777829409 2.09111 5.49324 0.77527 0.64558 0.51798 0.44359 -0.34375
1403638547.877829552 2.07764 5.60810 0.75076 0.64277 0.52004 0.44805 -0.34008
1403638547.977829456 2.06105 5.72322 0.72764 0.64261 0.52041 0.44769 -0.34029
1403638548.077829599 2.03811 5.83082 0.71040 0.64211 0.52276 0.44345 -0.34318
1403638548.177829504 2.01735 5.96069 0.70396 0.63838 0.52818 0.43897 -0.34755
1403638548.277829409 1.99229 6.08231 0.70508 0.63199 0.53674 0.43243 -0.35426
1403638548.377829552 1.96640 6.20872 0.71481 0.62257 0.54828 0.42519 -0.36195
1403638548.477829456 1.93977 6.33684 0.73151 0.61300 0.55899 0.41810 -0.37008
1403638548.577829599 1.91362 6.46225 0.74655 0.60506 0.56697 0.41305 -0.37661
1403638548.677829504 1.88830 6.58593 0.75785 0.59953 0.57250 0.40900 -0.38149
1403638548.777829409 1.86360 6.70951 0.76811 0.59560 0.57656 0.40637 -0.38432
1403638548.877829552 1.83821 6.83691 0.78372 0.59341 0.57928 0.40440 -0.38570
1403638548.977829456 1.81271 6.96515 0.80554 0.59231 0.58025 0.40321 -0.38716
1403638549.077829599 1.78494 7.09731 0.83058 0.59204 0.58069 0.40248 -0.38768
1403638549.177829504 1.75894 7.22372 0.86271 0.59193 0.57980 0.40270 -0.38894
1403638549.277829409 1.73134 7.35607 0.89932 0.59280 0.57885 0.40211 -0.38965
1403638549.377829552 1.70508 7.48845 0.94121 0.59429 0.57651 0.40106 -0.39193
1403638549.477829456 1.67803 7.62273 0.97948 0.59573 0.57440 0.40014 -0.39378
1403638549.577829599 1.65308 7.75538 1.01386 0.59577 0.57271 0.40110 -0.39520
1403638549.677829504 1.62884 7.88998 1.04226 0.59523 0.57123 0.40267 -0.39655
1403638549.777829409 1.60671 8.02316 1.07163 0.59542 0.57178 0.40314 -0.39501
1403638549.877829552 1.58388 8.15953 1.10616 0.59693 0.57194 0.40164 -0.39402
1403638549.977829456 1.56397 8.30148 1.14962 0.59783 0.57202 0.40048 -0.39371
1403638550.077829599 1.54399 8.44557 1.19979 0.59817 0.57178 0.40003 -0.39399
1403638550.177829504 1.52712 8.59089 1.25833 0.59866 0.57169 0.39865 -0.39479
1403638550.277829409 1.50910 8.73988 1.32416 0.59822 0.57255 0.39859 -0.39427
1403638550.377829552 1.49331 8.89049 1.39271 0.59722 0.57297 0.39940 -0.39436
1403638550.477829456 1.47816 9.04145 1.45462 0.59780 0.57143 0.39807 -0.39704
1403638550.577829599 1.46625 9.19398 1.50736 0.59842 0.56910 0.39653 -0.40098
1403638550.677829504 1.45782 9.34030 1.55461 0.59674 0.56577 0.39877 -0.40594
1403638550.777829409 1.45348 9.48228 1.59734 0.59591 0.56365 0.39992 -0.40897
1403638550.877829552 1.45308 9.62383 1.63663 0.59210 0.55946 0.40534 -0.41488
1403638550.977829456 1.45426 9.76421 1.67233 0.58788 0.55503 0.41171 -0.42052
1403638551.077829599 1.45859 9.89351 1.70265 0.58537 0.55217 0.41535 -0.42420
1403638551.177829504 1.46589 10.01687 1.73424 0.58580 0.54940 0.41389 -0.42860
1403638551.277829409 1.47619 10.13764 1.77156 0.58758 0.54826 0.41224 -0.42921
1403638551.377829552 1.49400 10.24889 1.81436 0.59526 0.54524 0.41007 -0.42453
1403638551.477829456 1.51805 10.35336 1.85006 0.60783 0.53590 0.41155 -0.41711
1403638551.577829599 1.54981 10.45163 1.88246 0.62288 0.51961 0.41607 -0.41099
1403638551.677829504 1.58847 10.55316 1.90839 0.63987 0.50114 0.41962 -0.40416
1403638551.777829409 1.63590 10.65074 1.92987 0.65400 0.48265 0.42819 -0.39496
1403638551.877829552 1.69138 10.74183 1.94690 0.66456 0.46708 0.43830 -0.38483
1403638551.977829456 1.75433 10.82443 1.96749 0.66791 0.45940 0.45143 -0.37291
1403638552.077829599 1.82294 10.90185 1.99491 0.66943 0.45436 0.46199 -0.36329
1403638552.177829504 1.89442 10.96839 2.02779 0.67430 0.45126 0.46254 -0.35740
1403638552.277829409 1.96919 11.02996 2.06649 0.67826 0.45029 0.46089 -0.35325
1403638552.377829552 2.04667 11.08494 2.10476 0.67927 0.44749 0.46060 -0.35524
1403638552.477829456 2.12881 11.13921 2.13720 0.67563 0.44200 0.46564 -0.36242
1403638552.577829599 2.21370 11.18053 2.16465 0.67190 0.43858 0.46992 -0.36792
1403638552.677829504 2.30175 11.21427 2.18624 0.66960 0.43984 0.47158 -0.36849
1403638552.777829409 2.39313 11.23849 2.20175 0.66896 0.44211 0.47087 -0.36785
1403638552.877829552 2.48845 11.25859 2.21196 0.66760 0.44608 0.47074 -0.36570
1403638552.977829456 2.58595 11.26857 2.21818 0.66526 0.45216 0.47161 -0.36134
1403638553.077829599 2.68515 11.27521 2.21896 0.66300 0.45758 0.47236 -0.35767
1403638553.177829504 2.78429 11.27638 2.21762 0.65916 0.45631 0.47483 -0.36308
1403638553.277829409 2.88370 11.27079 2.21648 0.65340 0.45313 0.48020 -0.37035
1403638553.377829552 2.98289 11.25625 2.22005 0.64818 0.45401 0.48515 -0.37197
1403638553.477829456 3.08343 11.22711 2.23380 0.64266 0.45773 0.49153 -0.36859
1403638553.577829599 3.17970 11.19030 2.25005 0.63832 0.46078 0.49653 -0.36562
1403638553.677829504 3.27023 11.13918 2.26876 0.63737 0.46305 0.49728 -0.36340
1403638553.777829409 3.36236 11.08157 2.29798 0.63786 0.46502 0.49613 -0.36158
1403638553.877829552 3.44436 11.01206 2.33079 0.63965 0.46656 0.49396 -0.35939
1403638553.977829456 3.52889 10.94139 2.36867 0.64276 0.46703 0.48999 -0.35867
1403638554.077829599 3.60223 10.85802 2.39740 0.64603 0.46798 0.48585 -0.35719
1403638554.177829504 3.68570 10.78148 2.42711 0.64899 0.47176 0.48174 -0.35239
1403638554.277829409 3.75535 10.68965 2.44319 0.65484 0.47758 0.47372 -0.34451
1403638554.377829552 3.83337 10.60952 2.46311 0.65813 0.48226 0.46864 -0.33862
1403638554.477829456 3.90078 10.52262 2.47493 0.65954 0.48446 0.46630 -0.33596
1403638554.577829599 3.96975 10.44067 2.48504 0.66041 0.48420 0.46451 -0.33711
1403638554.677829504 4.03481 10.35557 2.49399 0.66263 0.48043 0.46090 -0.34303
1403638554.777829409 4.09882 10.27253 2.50942 0.66325 0.47725 0.45960 -0.34800
1403638554.877829552 4.16233 10.18828 2.52819 0.66338 0.47528 0.45909 -0.35109
1403638554.977829456 4.22565 10.10520 2.54720 0.66409 0.47209 0.45940 -0.35364
1403638555.077829599 4.29552 10.02524 2.56364 0.66728 0.46786 0.46188 -0.35002
1403638555.177829504 4.36309 9.93906 2.56995 0.67335 0.46119 0.46475 -0.34338
1403638555.277829409 4.43449 9.85804 2.57502 0.67956 0.45320 0.46803 -0.33727
1403638555.377829552 4.50776 9.77491 2.57556 0.68274 0.44860 0.47287 -0.33018
1403638555.477829456 4.58191 9.69245 2.57222 0.68483 0.44564 0.47664 -0.32438
1403638555.577829599 4.65609 9.60822 2.56754 0.68616 0.44307 0.47872 -0.32203
1403638555.677829504 4.72818 9.52321 2.56661 0.68791 0.44143 0.47816 -0.32138
1403638555.777829409 4.80183 9.43673 2.57822 0.68910 0.44171 0.47685 -0.32039
1403638555.877829552 4.87327 9.34986 2.59742 0.68910 0.44275 0.47634 -0.31971
1403638555.977829456 4.94484 9.26486 2.61848 0.68783 0.44442 0.47750 -0.31839
1403638556.077829599 5.01648 9.18450 2.64571 0.68798 0.44576 0.47710 -0.31680
1403638556.177829504 5.08915 9.10391 2.66683 0.69232 0.44632 0.47086 -0.31589
1403638556.277829409 5.16052 9.02937 2.68323 0.69565 0.44734 0.46601 -0.31432
1403638556.377829552 5.23493 8.95358 2.69391 0.69773 0.44811 0.46293 -0.31315
1403638556.477829456 5.30701 8.88813 2.70546 0.70092 0.44931 0.45865 -0.31058
1403638556.577829599 5.38651 8.82163 2.71536 0.70383 0.44896 0.45481 -0.31018
1403638556.677829504 5.46459 8.76878 2.72782 0.70641 0.44284 0.45168 -0.31759
1403638556.777829409 5.55072 8.71126 2.74652 0.70321 0.43811 0.45654 -0.32423
1403638556.877829552 5.63790 8.66440 2.77336 0.70177 0.43382 0.45872 -0.32999
1403638556.977829456 5.73108 8.61809 2.80321 0.70036 0.43123 0.46083 -0.33343
1403638557.077829599 5.82912 8.57326 2.82708 0.69892 0.43269 0.46265 -0.33203
1403638557.177829504 5.93277 8.52786 2.84353 0.69733 0.43432 0.46463 -0.33048
1403638557.277829409 6.03754 8.48277 2.85425 0.69627 0.43546 0.46591 -0.32942
1403638557.377829552 6.14698 8.43486 2.86103 0.69505 0.43759 0.46745 -0.32698
1403638557.477829456 6.25785 8.38797 2.86973 0.69205 0.44199 0.47152 -0.32152
1403638557.577829599 6.36926 8.34126 2.88510 0.68966 0.44515 0.47507 -0.31706
1403638557.677829504 6.48003 8.29678 2.90504 0.68851 0.44705 0.47661 -0.31454
1403638557.777829409 6.58954 8.25286 2.92767 0.68821 0.44672 0.47735 -0.31454
1403638557.877829552 6.69759 8.20925 2.94450 0.68818 0.44812 0.47798 -0.31165
1403638557.977829456 6.80609 8.16596 2.95544 0.68941 0.44977 0.47643 -0.30892
1403638558.077829599 6.91342 8.12421 2.95989 0.69316 0.45055 0.47086 -0.30794
1403638558.177829504 7.02107 8.08482 2.96136 0.69895 0.45208 0.46264 -0.30504
1403638558.277829409 7.12991 8.05030 2.96804 0.70305 0.45381 0.45704 -0.30149
1403638558.377829552 7.23986 8.02335 2.98495 0.70436 0.45656 0.45538 -0.29674
1403638558.477829456 7.34850 8.00316 3.00945 0.70802 0.46020 0.45015 -0.29034
1403638558.577829599 7.45865 7.99190 3.04160 0.71055 0.45890 0.44668 -0.29156
1403638558.677829504 7.57109 7.99074 3.08015 0.71128 0.45241 0.44667 -0.29983
1403638558.777829409 7.68921 7.99610 3.11747 0.71094 0.44633 0.44796 -0.30772
1403638558.877829552 7.81240 8.00598 3.14753 0.70962 0.44424 0.45024 -0.31043
1403638558.977829456 7.93774 8.02061 3.17081 0.70481 0.44307 0.45758 -0.31234
1403638559.077829599 8.06338 8.03970 3.18562 0.70035 0.44292 0.46405 -0.31302
1403638559.177829504 8.18984 8.06244 3.19397 0.69695 0.44335 0.46852 -0.31335
1403638559.277829409 8.31603 8.08617 3.19656 0.69415 0.44569 0.47182 -0.31130
1403638559.377829552 8.44232 8.11054 3.19274 0.69187 0.44894 0.47444 -0.30770
1403638559.477829456 8.56568 8.13622 3.18423 0.68955 0.45114 0.47706 -0.30563
1403638559.577829599 8.68356 8.16365 3.16995 0.68739 0.45264 0.47943 -0.30455
1403638559.677829504 8.79837 8.19273 3.15269 0.68635 0.45280 0.48038 -0.30517
1403638559.777829409 8.90926 8.22312 3.13890 0.68551 0.45347 0.48073 -0.30552
1403638559.877829552 9.01807 8.25546 3.13106 0.68628 0.45273 0.47949 -0.30684
1403638559.977829456 9.12536 8.28995 3.12361 0.68982 0.44681 0.48066 -0.30574
1403638560.077829599 9.23065 8.32356 3.11007 0.69767 0.43396 0.48449 -0.30035
1403638560.177829504 9.33674 8.35730 3.08933 0.70733 0.41590 0.49215 -0.29067
1403638560.277829409 9.44237 8.38981 3.06406 0.71808 0.39472 0.50105 -0.27842
1403638560.377829552 9.54661 8.42082 3.03701 0.72583 0.37044 0.51431 -0.26727
1403638560.477829456 9.64753 8.44924 3.00657 0.73378 0.34528 0.52678 -0.25465
1403638560.577829599 9.74330 8.47396 2.97170 0.74295 0.31839 0.53611 -0.24338
1403638560.677829504 9.83429 8.49429 2.93264 0.75342 0.29038 0.54170 -0.23368
1403638560.777829409 9.92182 8.50916 2.89666 0.76217 0.26479 0.54563 -0.22645
1403638560.877829552 10.00665 8.51497 2.86862 0.76858 0.24193 0.55156 -0.21570
1403638560.977829456 10.09080 8.51435 2.84805 0.77283 0.22094 0.55905 -0.20340
1403638561.077829599 10.17394 8.50499 2.83560 0.77534 0.20104 0.56734 -0.19121
1403638561.177829504 10.25175 8.48770 2.82910 0.77667 0.18335 0.57504 -0.18030
1403638561.277829409 10.32458 8.46377 2.82963 0.77691 0.16996 0.58091 -0.17341
1403638561.377829552 10.39036 8.43188 2.83226 0.78149 0.16511 0.57880 -0.16432
1403638561.477829456 10.45352 8.39443 2.83110 0.78734 0.16877 0.57347 -0.15083
1403638561.577829599 10.51154 8.35246 2.82491 0.79077 0.17341 0.56982 -0.14115
1403638561.677829504 10.56878 8.30981 2.81472 0.79240 0.17627 0.56759 -0.13737
1403638561.777829409 10.62206 8.26527 2.80015 0.79251 0.17867 0.56687 -0.13658
1403638561.877829552 10.67131 8.21887 2.77753 0.79186 0.17931 0.56818 -0.13408
1403638561.977829456 10.72126 8.17043 2.75356 0.79278 0.17505 0.56940 -0.12902
1403638562.077829599 10.76890 8.12214 2.72942 0.79451 0.16645 0.57115 -0.12182
1403638562.177829504 10.81147 8.07199 2.71396 0.79631 0.15684 0.57291 -0.11435
1403638562.277829409 10.85268 8.02384 2.70228 0.79729 0.14871 0.57493 -0.10799
1403638562.377829552 10.89136 7.97543 2.69646 0.79815 0.13694 0.57773 -0.10211
1403638562.477829456 10.92850 7.92577 2.69451 0.80046 0.12112 0.57939 -0.09439
1403638562.577829599 10.96345 7.87556 2.69983 0.80277 0.10122 0.58146 -0.08502
1403638562.677829504 10.99552 7.82459 2.70916 0.80561 0.07720 0.58240 -0.07646
1403638562.777829409 11.02375 7.77072 2.71936 0.80721 0.05107 0.58413 -0.06776
1403638562.877829552 11.04751 7.71277 2.72535 0.80841 0.02656 0.58549 -0.05440
1403638562.977829456 11.06634 7.65137 2.72541 0.80914 0.00398 0.58624 -0.03997
1403638563.077829599 11.08068 7.58683 2.72013 0.80902 -0.02002 0.58662 -0.03104
1403638563.177829504 11.08886 7.51794 2.71108 0.80887 -0.03961 0.58634 -0.01923
1403638563.277829409 11.09261 7.44461 2.69802 0.80577 -0.05327 0.58978 -0.00781
1403638563.377829552 11.08993 7.36688 2.68066 0.79802 -0.06277 0.59935 -0.00130
1403638563.477829456 11.08110 7.28472 2.65818 0.79198 -0.06952 0.60658 -0.00015
1403638563.577829599 11.06520 7.19668 2.63532 0.79259 -0.06910 0.60581 0.00540
1403638563.677829504 11.04173 7.10366 2.61905 0.79613 -0.06906 0.60115 0.00551
1403638563.777829409 11.01298 7.00489 2.60954 0.79843 -0.06926 0.59809 0.00240
1403638563.877829552 10.97837 6.90282 2.60806 0.79810 -0.06831 0.59864 -0.00075
1403638563.977829456 10.93734 6.79642 2.61316 0.79707 -0.06656 0.60020 -0.00427
1403638564.077829599 10.89291 6.68213 2.61559 0.79781 -0.06421 0.59942 -0.00885
1403638564.177829504 10.83927 6.56525 2.61302 0.79778 -0.05951 0.59991 -0.01058
1403638564.277829409 10.77985 6.44269 2.60862 0.79619 -0.05396 0.60255 -0.00973
1403638564.377829552 10.71909 6.31314 2.60983 0.79489 -0.04880 0.60471 -0.00994
1403638564.477829456 10.64811 6.18153 2.61704 0.79365 -0.04445 0.60668 -0.00926
1403638564.577829599 10.57176 6.04628 2.63109 0.79551 -0.04392 0.60423 -0.01206
1403638564.677829504 10.48476 5.90940 2.64117 0.79724 -0.04675 0.60161 -0.01716
1403638564.777829409 10.39486 5.76820 2.64860 0.79790 -0.04983 0.60036 -0.02094
1403638564.877829552 10.29686 5.61967 2.64339 0.79741 -0.05226 0.60073 -0.02308
1403638564.977829456 10.19730 5.46611 2.62637 0.79693 -0.05400 0.60113 -0.02494
1403638565.077829599 10.09133 5.30688 2.59110 0.79734 -0.05475 0.60048 -0.02611
1403638565.177829504 9.98294 5.14424 2.54040 0.79812 -0.05502 0.59939 -0.02648
1403638565.277829409 9.87109 4.97502 2.48286 0.79912 -0.05426 0.59820 -0.02477
1403638565.377829552 9.75510 4.79747 2.42248 0.80015 -0.05301 0.59705 -0.02202
1403638565.477829456 9.63513 4.61813 2.36159 0.79947 -0.05207 0.59814 -0.01897
1403638565.577829599 9.51227 4.43476 2.30728 0.79732 -0.04981 0.60137 -0.01229
1403638565.677829504 9.38495 4.24681 2.26156 0.79700 -0.04380 0.60238 -0.00048
1403638565.777829409 9.25457 4.06031 2.22275 0.79967 -0.03944 0.59908 0.00861
1403638565.877829552 9.11728 3.87494 2.19153 0.80180 -0.03616 0.59629 0.01587
1403638565.977829456 8.97621 3.69357 2.16420 0.80357 -0.03676 0.59379 0.01835
1403638566.077829599 8.83224 3.51559 2.13089 0.80454 -0.03716 0.59240 0.01990
1403638566.177829504 8.68749 3.34099 2.08884 0.80468 -0.03859 0.59219 0.01784
1403638566.277829409 8.54080 3.16944 2.03839 0.80425 -0.03774 0.59280 0.01844
1403638566.377829552 8.39445 3.00164 1.97921 0.80522 -0.03669 0.59155 0.01868
1403638566.477829456 8.25015 2.83623 1.91470 0.80546 -0.03737 0.59128 0.01528
1403638566.577829599 8.10753 2.67577 1.84421 0.80861 -0.03557 0.58708 0.01457
1403638566.677829504 7.96623 2.52143 1.76561 0.81793 -0.03377 0.57415 0.01385
1403638566.777829409 7.82985 2.37331 1.68232 0.82963 -0.03200 0.55723 0.01326
1403638566.877829552 7.69939 2.23032 1.59580 0.83766 -0.03084 0.54520 0.01178
1403638566.977829456 7.57791 2.09325 1.50729 0.84158 -0.02809 0.53928 0.01197
1403638567.077829599 7.46621 1.95773 1.42108 0.83346 -0.02665 0.55181 0.01180
1403638567.177829504 7.36113 1.82209 1.33255 0.82109 -0.02452 0.57010 0.01379
1403638567.277829409 7.25871 1.68904 1.23927 0.81241 -0.02268 0.58241 0.01685
1403638567.377829552 7.15605 1.55888 1.14102 0.81049 -0.02200 0.58501 0.01971
1403638567.477829456 7.05225 1.43228 1.04629 0.81129 -0.02282 0.58380 0.02159
1403638567.577829599 6.94772 1.30960 0.95852 0.81483 -0.02448 0.57874 0.02294
1403638567.677829504 6.84093 1.18880 0.87942 0.81808 -0.02494 0.57396 0.02628
1403638567.777829409 6.73550 1.07235 0.80901 0.82133 -0.02547 0.56918 0.02834
1403638567.877829552 6.63829 0.96281 0.74799 0.82475 -0.02772 0.56414 0.02760
1403638567.977829456 6.55178 0.86079 0.69475 0.82572 -0.02873 0.56268 0.02761
1403638568.077829599 6.46768 0.76082 0.64942 0.82555 -0.02695 0.56285 0.03067
1403638568.177829504 6.39020 0.66828 0.61428 0.82484 -0.02567 0.56383 0.03274
1403638568.277829409 6.31644 0.58031 0.58631 0.82472 -0.02595 0.56393 0.03374
1403638568.377829552 6.24201 0.49561 0.55549 0.82516 -0.02638 0.56327 0.03392
1403638568.477829456 6.17727 0.41744 0.52487 0.82605 -0.02618 0.56195 0.03431
1403638568.577829599 6.11055 0.34180 0.48548 0.82738 -0.02563 0.55995 0.03535
1403638568.677829504 6.05258 0.27191 0.44900 0.82917 -0.02414 0.55727 0.03658
1403638568.777829409 5.99501 0.20665 0.41082 0.83045 -0.02424 0.55538 0.03632
1403638568.877829552 5.94528 0.14985 0.38564 0.82979 -0.02581 0.55641 0.03435
1403638568.977829456 5.89941 0.09525 0.36321 0.82923 -0.02411 0.55720 0.03627
1403638569.077829599 5.85859 0.04635 0.35235 0.82898 -0.02309 0.55752 0.03780
1403638569.177829504 5.82136 0.00149 0.34449 0.82977 -0.02306 0.55630 0.03840
1403638569.277829409 5.78566 -0.03910 0.33974 0.83097 -0.02204 0.55440 0.04048
1403638569.377829552 5.75631 -0.07453 0.32777 0.83087 -0.02178 0.55450 0.04133
1403638569.477829456 5.73087 -0.10476 0.31361 0.82940 -0.02134 0.55668 0.04183
1403638569.577829599 5.71285 -0.12788 0.29454 0.82812 -0.02098 0.55854 0.04253
1403638569.677829504 5.69938 -0.14547 0.28087 0.82699 -0.02191 0.56024 0.04160
1403638569.777829409 5.68869 -0.15753 0.27370 0.82616 -0.02127 0.56143 0.04252
1403638569.877829552 5.68016 -0.16550 0.27283 0.82487 -0.02018 0.56328 0.04350
1403638569.977829456 5.67572 -0.16683 0.27566 0.82336 -0.02101 0.56556 0.04223
1403638570.077829599 5.67523 -0.16240 0.27614 0.82278 -0.02253 0.56651 0.03988
1403638570.177829504 5.67691 -0.15421 0.27058 0.82296 -0.02531 0.56646 0.03489
1403638570.277829409 5.67973 -0.14379 0.25892 0.82246 -0.02994 0.56738 0.02727
1403638570.377829552 5.68411 -0.13240 0.24257 0.82221 -0.03725 0.56758 0.02091
1403638570.477829456 5.69024 -0.12238 0.22113 0.82170 -0.05285 0.56723 0.01660
1403638570.577829599 5.69244 -0.11713 0.19243 0.81903 -0.07987 0.56809 0.00956
1403638570.677829504 5.69624 -0.11927 0.16015 0.81381 -0.10910 0.57071 0.01031
1403638570.777829409 5.69810 -0.13182 0.12484 0.80265 -0.13673 0.58030 0.01751
1403638570.877829552 5.69538 -0.15435 0.08771 0.79090 -0.16122 0.58956 0.03008
1403638570.977829456 5.68520 -0.18771 0.04733 0.78268 -0.18261 0.59329 0.04551
1403638571.077829599 5.66638 -0.23134 0.00308 0.77988 -0.20174 0.58924 0.06234
1403638571.177829504 5.63856 -0.28367 -0.03919 0.78246 -0.21417 0.57869 0.08376
1403638571.277829409 5.60306 -0.34324 -0.07151 0.78366 -0.22067 0.57131 0.10388
1403638571.377829552 5.56173 -0.40709 -0.09413 0.78295 -0.22609 0.56772 0.11651
1403638571.477829456 5.51508 -0.47427 -0.10699 0.78009 -0.23082 0.56850 0.12243
1403638571.577829599 5.46269 -0.54502 -0.11506 0.77767 -0.23496 0.56862 0.12925
1403638571.677829504 5.40743 -0.61854 -0.12814 0.77731 -0.24430 0.56371 0.13540
1403638571.777829409 5.34910 -0.69503 -0.14757 0.77668 -0.25771 0.55657 0.14350
1403638571.877829552 5.28877 -0.77535 -0.17021 0.77362 -0.27535 0.55041 0.15081
1403638571.977829456 5.22562 -0.86004 -0.19067 0.76748 -0.29524 0.54652 0.15851
1403638572.077829599 5.15890 -0.94833 -0.20349 0.76045 -0.31436 0.54294 0.16765
1403638572.177829504 5.08742 -1.03993 -0.20807 0.75351 -0.32944 0.53856 0.18343
1403638572.277829409 5.01260 -1.13541 -0.20730 0.74911 -0.34597 0.52925 0.19757
1403638572.377829552 4.93671 -1.23404 -0.20892 0.74416 -0.36422 0.51882 0.21070
1403638572.477829456 4.86136 -1.33535 -0.21353 0.74008 -0.37728 0.50933 0.22477
1403638572.577829599 4.78755 -1.44062 -0.21904 0.73621 -0.38587 0.50352 0.23573
1403638572.677829504 4.71605 -1.54839 -0.22288 0.73436 -0.39125 0.49923 0.24167
1403638572.777829409 4.64702 -1.66076 -0.21782 0.73573 -0.39101 0.49351 0.24954
1403638572.877829552 4.58263 -1.77575 -0.20406 0.73814 -0.39029 0.48858 0.25320
1403638572.977829456 4.52307 -1.89326 -0.18515 0.74027 -0.38929 0.48579 0.25389
1403638573.077829599 4.46731 -2.01292 -0.16985 0.74232 -0.38808 0.48396 0.25325
1403638573.177829504 4.41567 -2.13431 -0.16109 0.74389 -0.38688 0.48341 0.25154
1403638573.277829409 4.36828 -2.25860 -0.15469 0.74527 -0.38490 0.48369 0.24993
1403638573.377829552 4.32691 -2.38678 -0.14723 0.74604 -0.38400 0.48360 0.24919
1403638573.477829456 4.28905 -2.51726 -0.13754 0.74613 -0.38413 0.48175 0.25230
1403638573.577829599 4.25966 -2.65203 -0.11821 0.74602 -0.38443 0.48077 0.25403
1403638573.677829504 4.23226 -2.78793 -0.09181 0.74632 -0.38499 0.47831 0.25690
1403638573.777829409 4.21184 -2.92529 -0.06132 0.74265 -0.38841 0.47751 0.26379
1403638573.877829552 4.19822 -3.06445 -0.03269 0.73231 -0.39401 0.48118 0.27738
1403638573.977829456 4.18943 -3.20303 -0.00938 0.71682 -0.40753 0.48634 0.28908
1403638574.077829599 4.18353 -3.33842 0.00684 0.69648 -0.42909 0.49388 0.29477
1403638574.177829504 4.17786 -3.46986 0.01704 0.67424 -0.45310 0.49970 0.30067
1403638574.277829409 4.16752 -3.59862 0.02297 0.65556 -0.47534 0.49819 0.30999
1403638574.377829552 4.15144 -3.72261 0.02500 0.64223 -0.49525 0.48817 0.32242
1403638574.477829456 4.12969 -3.84260 0.02377 0.63058 -0.51330 0.47541 0.33599
1403638574.577829599 4.10350 -3.95944 0.02553 0.61989 -0.52746 0.46634 0.34648
1403638574.677829504 4.07384 -4.07459 0.03438 0.61350 -0.53456 0.45762 0.35840
1403638574.777829409 4.04318 -4.18890 0.04886 0.61333 -0.53709 0.44612 0.36924
1403638574.877829552 4.01210 -4.30035 0.06688 0.61543 -0.54146 0.43667 0.37064
1403638574.977829456 3.98079 -4.40828 0.07976 0.61782 -0.54470 0.43036 0.36931
1403638575.077829599 3.94841 -4.51542 0.08641 0.61648 -0.55002 0.43191 0.36178
1403638575.177829504 3.91552 -4.62453 0.08709 0.61386 -0.55329 0.43631 0.35592
1403638575.277829409 3.87933 -4.73529 0.08593 0.61260 -0.55411 0.43984 0.35246
1403638575.377829552 3.84065 -4.84700 0.07927 0.61601 -0.55407 0.43763 0.34932
1403638575.477829456 3.79824 -4.95987 0.07018 0.62154 -0.55239 0.43335 0.34750
1403638575.577829599 3.75431 -5.07665 0.06051 0.62661 -0.54982 0.42998 0.34665
1403638575.677829504 3.70900 -5.19689 0.05735 0.63298 -0.54451 0.42450 0.35021
1403638575.777829409 3.66270 -5.32123 0.06275 0.63958 -0.54140 0.41767 0.35126
1403638575.877829552 3.61916 -5.45023 0.07810 0.64384 -0.53924 0.41393 0.35121
1403638575.977829456 3.58026 -5.58420 0.10244 0.64422 -0.53845 0.41479 0.35072
1403638576.077829599 3.54469 -5.72138 0.13456 0.64485 -0.53701 0.41511 0.35140
1403638576.177829504 3.51118 -5.86647 0.17199 0.64329 -0.53653 0.41746 0.35219
1403638576.277829409 3.48064 -6.01518 0.20545 0.64385 -0.53392 0.41656 0.35620
1403638576.377829552 3.45394 -6.16712 0.23272 0.64541 -0.53089 0.41410 0.36074
1403638576.477829456 3.43169 -6.32366 0.25421 0.64805 -0.52830 0.40993 0.36453
1403638576.577829599 3.41627 -6.47976 0.27151 0.65214 -0.52534 0.40310 0.36911
1403638576.677829504 3.40856 -6.64206 0.28319 0.65362 -0.52311 0.40070 0.37226
1403638576.777829409 3.40997 -6.80436 0.29144 0.65125 -0.51942 0.40477 0.37714
1403638576.877829552 3.41870 -6.96858 0.29450 0.64628 -0.51765 0.41246 0.37978
1403638576.977829456 3.43496 -7.13173 0.29305 0.63993 -0.51947 0.42185 0.37774
1403638577.077829599 3.45640 -7.29125 0.29066 0.63618 -0.52286 0.42715 0.37341
1403638577.177829504 3.48151 -7.44900 0.29591 0.63341 -0.52497 0.43115 0.37056
1403638577.277829409 3.50966 -7.60421 0.30762 0.63395 -0.52472 0.43034 0.37092
1403638577.377829552 3.53987 -7.76091 0.32761 0.63819 -0.51974 0.42431 0.37756
1403638577.477829456 3.57457 -7.91443 0.35322 0.64066 -0.51644 0.42070 0.38190
1403638577.577829599 3.61581 -8.06656 0.37594 0.64068 -0.51823 0.42114 0.37895
1403638577.677829504 3.66152 -8.21493 0.39105 0.63965 -0.52035 0.42307 0.37562
1403638577.777829409 3.71113 -8.36198 0.39881 0.63919 -0.52190 0.42426 0.37290
1403638577.877829552 3.76439 -8.50747 0.40030 0.63937 -0.52165 0.42455 0.37262
1403638577.977829456 3.82222 -8.65068 0.39992 0.63991 -0.52027 0.42470 0.37346
1403638578.077829599 3.88402 -8.79656 0.40651 0.63916 -0.52021 0.42685 0.37235
1403638578.177829504 3.94997 -8.93791 0.41832 0.63621 -0.52266 0.43225 0.36774
1403638578.277829409 4.01750 -9.08491 0.43785 0.63145 -0.52818 0.43967 0.35915
1403638578.377829552 4.08375 -9.22639 0.45472 0.62911 -0.52982 0.44270 0.35711
1403638578.477829456 4.14795 -9.36691 0.46518 0.62871 -0.53023 0.44263 0.35729
1403638578.577829599 4.20988 -9.50495 0.47109 0.62815 -0.53094 0.44256 0.35732
1403638578.677829504 4.27024 -9.64532 0.47360 0.62803 -0.52978 0.44214 0.35976
1403638578.777829409 4.32798 -9.77982 0.47285 0.63057 -0.52638 0.43821 0.36508
1403638578.877829552 4.38745 -9.91678 0.46843 0.63337 -0.52272 0.43425 0.37019
1403638578.977829456 4.44798 -10.04776 0.46352 0.63474 -0.52061 0.43268 0.37263
1403638579.077829599 4.51255 -10.18178 0.46741 0.63543 -0.51959 0.43250 0.37310
1403638579.177829504 4.57758 -10.30931 0.48046 0.63551 -0.51872 0.43298 0.37362
1403638579.277829409 4.64730 -10.43939 0.49956 0.63457 -0.51979 0.43498 0.37139
1403638579.377829552 4.71627 -10.55789 0.51979 0.63140 -0.52352 0.43995 0.36567
1403638579.477829456 4.78761 -10.68465 0.53601 0.62721 -0.52742 0.44604 0.35985
1403638579.577829599 4.85346 -10.79893 0.54730 0.62474 -0.52468 0.45372 0.35854
1403638579.677829504 4.91880 -10.91263 0.55463 0.62541 -0.51254 0.46491 0.36058
1403638579.777829409 4.98345 -11.02356 0.55511 0.63597 -0.49356 0.47236 0.35890
1403638579.877829552 5.04757 -11.12759 0.54899 0.65605 -0.47241 0.47452 0.34822
1403638579.977829456 5.11201 -11.22571 0.53720 0.67619 -0.44744 0.48267 0.33106
1403638580.077829599 5.17704 -11.31772 0.52377 0.69078 -0.41303 0.50202 0.31656
1403638580.177829504 5.24252 -11.40454 0.50747 0.70512 -0.37622 0.52280 0.29656
1403638580.277829409 5.30345 -11.47566 0.48600 0.72213 -0.34147 0.53755 0.27013
1403638580.377829552 5.36377 -11.54412 0.45891 0.73838 -0.31527 0.54578 0.23984
1403638580.477829456 5.41449 -11.60209 0.42677 0.74999 -0.29878 0.55008 0.21365
1403638580.577829599 5.46100 -11.65735 0.39323 0.75730 -0.28539 0.55371 0.19609
1403638580.677829504 5.50239 -11.70803 0.35944 0.76740 -0.27070 0.55242 0.18070
1403638580.777829409 5.54032 -11.75740 0.33250 0.77751 -0.25565 0.54874 0.17031
1403638580.877829552 5.57586 -11.80915 0.31408 0.78444 -0.24472 0.54532 0.16549
1403638580.977829456 5.61191 -11.86138 0.30620 0.78592 -0.24118 0.54655 0.15955
1403638581.077829599 5.64663 -11.91319 0.30662 0.78695 -0.23927 0.54627 0.15825
1403638581.177829504 5.68156 -11.96493 0.31502 0.78691 -0.23770 0.54628 0.16079
1403638581.277829409 5.71394 -12.01406 0.32451 0.78701 -0.23737 0.54508 0.16481
1403638581.377829552 5.74546 -12.05942 0.33917 0.78578 -0.23846 0.54537 0.16808
1403638581.477829456 5.77632 -12.10304 0.35055 0.78367 -0.24013 0.54683 0.17081
1403638581.577829599 5.80295 -12.13760 0.37811 0.78312 -0.24208 0.54580 0.17385
1403638581.677829504 5.83495 -12.17544 0.39561 0.77902 -0.24205 0.55001 0.17898
1403638581.777829409 5.86398 -12.20620 0.41103 0.77546 -0.24358 0.55367 0.18104
1403638581.877829552 5.87115 -12.19546 0.44681 0.77217 -0.24370 0.55709 0.18442
1403638581.977829456 5.90038 -12.22013 0.45074 0.76461 -0.24209 0.56683 0.18835
1403638582.077829599 5.91771 -12.22337 0.46650 0.76633 -0.24398 0.56403 0.18729
1403638582.177829504 5.94085 -12.23661 0.48256 0.77371 -0.24731 0.55373 0.18328
1403638582.277829409 5.96503 -12.25218 0.50489 0.77673 -0.24730 0.54936 0.18369
1403638582.377829552 5.99289 -12.26740 0.54136 0.77351 -0.24509 0.55404 0.18617
1403638582.477829456 6.01747 -12.27637 0.58412 0.77234 -0.24349 0.55565 0.18828
1403638582.577829599 6.04213 -12.28221 0.63882 0.77176 -0.24243 0.55658 0.18931
1403638582.677829504 6.07080 -12.29337 0.70058 0.77289 -0.24265 0.55503 0.18897
1403638582.777829409 6.09261 -12.28736 0.77266 0.77444 -0.24447 0.55264 0.18726
1403638582.877829552 6.11443 -12.28003 0.84606 0.77575 -0.24504 0.55039 0.18771
1403638582.977829456 6.13610 -12.26930 0.91282 0.77796 -0.24666 0.54693 0.18656
1403638583.077829599 6.15676 -12.25609 0.97184 0.78045 -0.24837 0.54291 0.18562
1403638583.177829504 6.17775 -12.23910 1.02246 0.78203 -0.24911 0.54029 0.18561
1403638583.277829409 6.20099 -12.22028 1.06677 0.78261 -0.25041 0.53927 0.18438
1403638583.377829552 6.22630 -12.20051 1.10611 0.78229 -0.24998 0.53977 0.18485
1403638583.477829456 6.25759 -12.18580 1.13890 0.78299 -0.25004 0.53870 0.18496
1403638583.577829599 6.28810 -12.16204 1.18303 0.78295 -0.24998 0.53872 0.18516
1403638583.677829504 6.31812 -12.13614 1.23369 0.78323 -0.24877 0.53827 0.18688
1403638583.777829409 6.35003 -12.10864 1.28517 0.78292 -0.24878 0.53881 0.18664
1403638583.877829552 6.39179 -12.08509 1.32007 0.78212 -0.24829 0.53994 0.18734
1403638583.977829456 6.42953 -12.05531 1.35791 0.78213 -0.24799 0.53991 0.18778
1403638584.077829599 6.46475 -12.01990 1.39009 0.77870 -0.24579 0.54484 0.19072
1403638584.177829504 6.50811 -11.98204 1.40624 0.76975 -0.24236 0.55746 0.19491
1403638584.277829409 6.53970 -11.94034 1.43010 0.76073 -0.24003 0.56993 0.19710
1403638584.377829552 6.57449 -11.89081 1.42845 0.75795 -0.23881 0.57355 0.19879
1403638584.477829456 6.59783 -11.83039 1.42054 0.75786 -0.23816 0.57366 0.19963
1403638584.577829599 6.61713 -11.77085 1.42963 0.75806 -0.23823 0.57349 0.19926
1403638584.677829504 6.63340 -11.70428 1.44607 0.75987 -0.23956 0.57133 0.19697
1403638584.777829409 6.63662 -11.62709 1.44471 0.76669 -0.24181 0.56247 0.19325
1403638584.877829552 6.64729 -11.55025 1.47592 0.77434 -0.24642 0.55204 0.18690
1403638584.977829456 6.64096 -11.46546 1.47154 0.77792 -0.24835 0.54679 0.18491
1403638585.077829599 6.63604 -11.37998 1.46615 0.77917 -0.24898 0.54487 0.18447
1403638585.177829504 6.64507 -11.29913 1.47706 0.77900 -0.25059 0.54516 0.18208
1403638585.277829409 6.63444 -11.21697 1.45337 0.77716 -0.24968 0.54791 0.18299
1403638585.377829552 6.63955 -11.13617 1.44743 0.77510 -0.24896 0.55096 0.18352
1403638585.477829456 6.59951 -11.06479 1.40359 0.77539 -0.24867 0.55093 0.18277
1403638585.577829599 6.60548 -10.98464 1.40398 0.77724 -0.24882 0.54855 0.18188
1403638585.677829504 6.60344 -10.90664 1.40728 0.77985 -0.24872 0.54497 0.18160
1403638585.777829409 6.60436 -10.82754 1.42021 0.78489 -0.25079 0.53781 0.17834
1403638585.877829552 6.59993 -10.75247 1.43909 0.78878 -0.25249 0.53221 0.17559
1403638585.977829456 6.57389 -10.67980 1.46221 0.78869 -0.25395 0.53242 0.17324
1403638586.077829599 6.58800 -10.60344 1.49603 0.78453 -0.25335 0.53814 0.17528
1403638586.177829504 6.59195 -10.52777 1.52370 0.78169 -0.25274 0.54199 0.17702
1403638586.277829409 6.60606 -10.45550 1.54584 0.77913 -0.25162 0.54543 0.17932
1403638586.377829552 6.62148 -10.38398 1.56303 0.77607 -0.24801 0.54948 0.18514
1403638586.477829456 6.63616 -10.31140 1.57574 0.77444 -0.24306 0.55121 0.19320
1403638586.577829599 6.65113 -10.23600 1.58298 0.77373 -0.24190 0.55193 0.19543
1403638586.677829504 6.66518 -10.15680 1.58382 0.77464 -0.24409 0.55070 0.19255
1403638586.777829409 6.64532 -10.04884 1.57586 0.77401 -0.24668 0.55185 0.18846
1403638586.877829552 6.65568 -9.96390 1.56314 0.77291 -0.24762 0.55372 0.18627
1403638586.977829456 6.65820 -9.87494 1.54359 0.77261 -0.24730 0.55421 0.18647
1403638587.077829599 6.66724 -9.79064 1.52235 0.77244 -0.24781 0.55448 0.18567
1403638587.177829504 6.66701 -9.70208 1.50701 0.77363 -0.24770 0.55305 0.18515
1403638587.277829409 6.67321 -9.61277 1.50085 0.77533 -0.24782 0.55087 0.18438
1403638587.377829552 6.67326 -9.51716 1.49868 0.77689 -0.24815 0.54871 0.18379
1403638587.477829456 6.67804 -9.42378 1.50188 0.77695 -0.24992 0.54843 0.18196
1403638587.577829599 6.68028 -9.32770 1.50050 0.77700 -0.25088 0.54819 0.18116
1403638587.677829504 6.68483 -9.23365 1.49539 0.77655 -0.25146 0.54863 0.18094
1403638587.777829409 6.68899 -9.14284 1.48360 0.77619 -0.25184 0.54899 0.18087
1403638587.877829552 6.69313 -9.04974 1.46874 0.77577 -0.25273 0.54946 0.18004
1403638587.977829456 6.69782 -8.96090 1.44841 0.77541 -0.25318 0.54983 0.17980
1403638588.077829599 6.70004 -8.86955 1.42586 0.77490 -0.25206 0.55069 0.18093
1403638588.177829504 6.70236 -8.77890 1.40035 0.77573 -0.24765 0.54931 0.18755
1403638588.277829409 6.70407 -8.68733 1.37504 0.77649 -0.24521 0.54836 0.19036
1403638588.377829552 6.70932 -8.59868 1.35280 0.77691 -0.24443 0.54791 0.19095
1403638588.477829456 6.71326 -8.50097 1.34199 0.77680 -0.24544 0.54820 0.18924
1403638588.577829599 6.71643 -8.40502 1.33688 0.77612 -0.24702 0.54930 0.18677
1403638588.677829504 6.71896 -8.30119 1.34225 0.77530 -0.24835 0.55064 0.18446
1403638588.777829409 6.72046 -8.19870 1.35068 0.77383 -0.24970 0.55261 0.18292
1403638588.877829552 6.72004 -8.09517 1.35721 0.77322 -0.25198 0.55324 0.18046
1403638588.977829456 6.71889 -7.99439 1.35738 0.77317 -0.25225 0.55310 0.18072
1403638589.077829599 6.71560 -7.89014 1.34780 0.77335 -0.25253 0.55258 0.18118
1403638589.177829504 6.71212 -7.79190 1.33784 0.77314 -0.25181 0.55267 0.18276
1403638589.277829409 6.70699 -7.68558 1.31902 0.77206 -0.25193 0.55421 0.18250
1403638589.377829552 6.70212 -7.58353 1.30396 0.77190 -0.25175 0.55445 0.18269
1403638589.477829456 6.69445 -7.47615 1.28873 0.77269 -0.25239 0.55316 0.18238
1403638589.577829599 6.68966 -7.37404 1.28453 0.77270 -0.25280 0.55317 0.18175
1403638589.677829504 6.67993 -7.26692 1.28461 0.77322 -0.25287 0.55254 0.18135
1403638589.777829409 6.67679 -7.17015 1.29658 0.77485 -0.25328 0.54994 0.18173
1403638589.877829552 6.66678 -7.06470 1.30259 0.77532 -0.25433 0.54878 0.18175
1403638589.977829456 6.66607 -6.97469 1.30837 0.77542 -0.25478 0.54831 0.18211
1403638590.077829599 6.65618 -6.87003 1.30372 0.77534 -0.25565 0.54815 0.18172
1403638590.177829504 6.65531 -6.77901 1.29850 0.77438 -0.25597 0.54917 0.18229
1403638590.277829409 6.64489 -6.67605 1.28523 0.77360 -0.25659 0.55008 0.18197
1403638590.377829552 6.63994 -6.58743 1.27180 0.77398 -0.25700 0.54932 0.18208
1403638590.477829456 6.62706 -6.48575 1.25201 0.77454 -0.25724 0.54839 0.18215
1403638590.577829599 6.61670 -6.38924 1.23592 0.77565 -0.25790 0.54690 0.18102
1403638590.677829504 6.60511 -6.28990 1.22612 0.77732 -0.25892 0.54464 0.17915
1403638590.777829409 6.59646 -6.19901 1.22520 0.77818 -0.25935 0.54349 0.17830
1403638590.877829552 6.58694 -6.10488 1.23057 0.77901 -0.25936 0.54222 0.17851
1403638590.977829456 6.57823 -6.01203 1.24316 0.77961 -0.26024 0.54137 0.17719
1403638591.077829599 6.56706 -5.91435 1.25779 0.78046 -0.26168 0.53989 0.17585
1403638591.177829504 6.55661 -5.81812 1.26729 0.78463 -0.26287 0.53353 0.17495
1403638591.277829409 6.54982 -5.72914 1.27083 0.79048 -0.26507 0.52453 0.17246
1403638591.377829552 6.54625 -5.63903 1.26716 0.79476 -0.26763 0.51780 0.16918
1403638591.477829456 6.54896 -5.56013 1.25940 0.79748 -0.26977 0.51335 0.16647
1403638591.577829599 6.55906 -5.49017 1.24551 0.80024 -0.27204 0.50872 0.16375
1403638591.677829504 6.57515 -5.43154 1.22866 0.80055 -0.27311 0.50811 0.16237
1403638591.777829409 6.59824 -5.38357 1.21135 0.79874 -0.27201 0.51100 0.16402
1403638591.877829552 6.62730 -5.34175 1.19666 0.79644 -0.27115 0.51474 0.16494
1403638591.977829456 6.66240 -5.31171 1.18957 0.79384 -0.27038 0.51893 0.16559
1403638592.077829599 6.70411 -5.30086 1.19289 0.79136 -0.26922 0.52321 0.16587
1403638592.177829504 6.74939 -5.28492 1.20337 0.78855 -0.26735 0.52903 0.16383
1403638592.277829409 6.79688 -5.28174 1.22561 0.78313 -0.26189 0.54126 0.15864
1403638592.377829552 6.84454 -5.27598 1.25589 0.78058 -0.25297 0.55167 0.14957
1403638592.477829456 6.89100 -5.26946 1.29477 0.78307 -0.23914 0.55733 0.13782
1403638592.577829599 6.93334 -5.26507 1.33959 0.79042 -0.22497 0.55471 0.13006
1403638592.677829504 6.97301 -5.26361 1.38969 0.79787 -0.21375 0.54996 0.12350
1403638592.777829409 7.01225 -5.26574 1.43832 0.80492 -0.20625 0.54364 0.11837
1403638592.877829552 7.05230 -5.27218 1.48117 0.80994 -0.20169 0.53875 0.11427
1403638592.977829456 7.09402 -5.28199 1.51904 0.81247 -0.19803 0.53645 0.11358
1403638593.077829599 7.14002 -5.29698 1.55078 0.81322 -0.19672 0.53601 0.11255
1403638593.177829504 7.18934 -5.31539 1.58477 0.81153 -0.19578 0.53889 0.11265
1403638593.277829409 7.24387 -5.33872 1.62326 0.80826 -0.19199 0.54369 0.11942
1403638593.377829552 7.29960 -5.36320 1.66922 0.80488 -0.18684 0.54842 0.12844
1403638593.477829456 7.35562 -5.38764 1.71188 0.80027 -0.18284 0.55449 0.13664
1403638593.577829599 7.41108 -5.40789 1.75015 0.79740 -0.18151 0.55790 0.14126
1403638593.677829504 7.46852 -5.42599 1.78019 0.79619 -0.18118 0.55905 0.14397
1403638593.777829409 7.52584 -5.44023 1.80466 0.79285 -0.18147 0.56333 0.14528
1403638593.877829552 7.58234 -5.45048 1.82856 0.78242 -0.18152 0.57879 0.14101
1403638593.977829456 7.63336 -5.45458 1.85767 0.77902 -0.17840 0.58585 0.13446
1403638594.077829599 7.67718 -5.45517 1.88990 0.78459 -0.17639 0.58085 0.12619
1403638594.177829504 7.71501 -5.45405 1.92709 0.79071 -0.17179 0.57435 0.12401
1403638594.277829409 7.75004 -5.45197 1.96270 0.79317 -0.16702 0.57229 0.12439
1403638594.377829552 7.78200 -5.44687 1.99338 0.79220 -0.16214 0.57448 0.12690
1403638594.477829456 7.80844 -5.43837 2.03097 0.79090 -0.15667 0.57696 0.13060
1403638594.577829599 7.83281 -5.42493 2.07012 0.79119 -0.15859 0.57727 0.12503
1403638594.677829504 7.84995 -5.40825 2.11939 0.79177 -0.16177 0.57679 0.11933
1403638594.777829409 7.86763 -5.39074 2.16026 0.79249 -0.16381 0.57566 0.11721
1403638594.877829552 7.87561 -5.37083 2.19897 0.79252 -0.16547 0.57541 0.11588
1403638594.977829456 7.88758 -5.35067 2.22623 0.79435 -0.16602 0.57249 0.11704
1403638595.077829599 7.89721 -5.32948 2.24842 0.79553 -0.16784 0.57058 0.11572
1403638595.177829504 7.90537 -5.30808 2.26467 0.79601 -0.16910 0.56956 0.11561
1403638595.277829409 7.90458 -5.28330 2.28007 0.79640 -0.16940 0.56881 0.11624
1403638595.377829552 7.90949 -5.26113 2.28290 0.79608 -0.17015 0.56906 0.11607
1403638595.477829456 7.91295 -5.23824 2.28286 0.79641 -0.17040 0.56850 0.11623
1403638595.577829599 7.91487 -5.21517 2.28060 0.79719 -0.17013 0.56746 0.11634
1403638595.677829504 7.91455 -5.19157 2.28360 0.79724 -0.16847 0.56738 0.11878
1403638595.777829409 7.91328 -5.16626 2.29184 0.79821 -0.16555 0.56595 0.12313
1403638595.877829552 7.90348 -5.13664 2.30318 0.79854 -0.16492 0.56538 0.12446
1403638595.977829456 7.90081 -5.11030 2.29292 0.79826 -0.16347 0.56565 0.12685
1403638596.077829599 7.89945 -5.08025 2.27491 0.79901 -0.15863 0.56425 0.13436
1403638596.177829504 7.89830 -5.04485 2.25729 0.80045 -0.15078 0.56152 0.14572
1403638596.277829409 7.89355 -4.99938 2.24998 0.80216 -0.14216 0.55813 0.15757
1403638596.377829552 7.89392 -4.94989 2.24395 0.80234 -0.13457 0.55702 0.16692
1403638596.477829456 7.89558 -4.88585 2.25270 0.80202 -0.12986 0.55690 0.17252
1403638596.577829599 7.90283 -4.81268 2.26484 0.80279 -0.12433 0.55490 0.17931
1403638596.677829504 7.91580 -4.72443 2.28550 0.80308 -0.11833 0.55326 0.18698
1403638596.777829409 7.93333 -4.61918 2.31783 0.80320 -0.11505 0.55242 0.19095
1403638596.877829552 7.95455 -4.49831 2.35269 0.80256 -0.11205 0.55273 0.19452
1403638596.977829456 7.98195 -4.36081 2.39330 0.80132 -0.11120 0.55406 0.19632
1403638597.077829599 8.01339 -4.20789 2.42769 0.80047 -0.11011 0.55450 0.19915
1403638597.177829504 8.04757 -4.03830 2.45523 0.79864 -0.10979 0.55633 0.20151
1403638597.277829409 8.08624 -3.85401 2.47407 0.79597 -0.11273 0.56044 0.19907
1403638597.377829552 8.12873 -3.65425 2.48838 0.79424 -0.11764 0.56355 0.19433
1403638597.477829456 8.17175 -3.43874 2.49859 0.79100 -0.12463 0.56947 0.18572
1403638597.577829599 8.21366 -3.21229 2.50370 0.78641 -0.13409 0.57763 0.17295
1403638597.677829504 8.25311 -2.97684 2.50408 0.78411 -0.13812 0.58111 0.16855
1403638597.777829409 8.28983 -2.73490 2.49933 0.78590 -0.13301 0.57864 0.17273
1403638597.877829552 8.32509 -2.48485 2.48949 0.78854 -0.12163 0.57629 0.17691
1403638597.977829456 8.35727 -2.22449 2.47690 0.79020 -0.11245 0.57554 0.17802
1403638598.077829599 8.39049 -1.95359 2.46874 0.79042 -0.10991 0.57781 0.17114
1403638598.177829504 8.42189 -1.67088 2.46628 0.79197 -0.11909 0.57987 0.14948
1403638598.277829409 8.44971 -1.38232 2.46844 0.79392 -0.12752 0.57967 0.13198
1403638598.377829552 8.47564 -1.09293 2.46843 0.79573 -0.13283 0.57837 0.12104
1403638598.477829456 8.49921 -0.80460 2.46264 0.79803 -0.13463 0.57566 0.11680
1403638598.577829599 8.52015 -0.51781 2.44876 0.80004 -0.13262 0.57432 0.11182
1403638598.677829504 8.53977 -0.23330 2.42973 0.80240 -0.12406 0.57378 0.10744
1403638598.777829409 8.55854 0.04894 2.41170 0.80466 -0.11322 0.57437 0.09900
1403638598.877829552 8.57531 0.32885 2.40005 0.80578 -0.09877 0.57699 0.08974
1403638598.977829456 8.58874 0.60602 2.39187 0.80835 -0.08237 0.57742 0.07980
1403638599.077829599 8.60122 0.88171 2.38917 0.80986 -0.06568 0.57899 0.06772
1403638599.177829504 8.61095 1.15530 2.39318 0.81127 -0.04798 0.58003 0.05569
1403638599.277829409 8.61796 1.42613 2.40176 0.81333 -0.02891 0.57936 0.04468
1403638599.377829552 8.62313 1.69562 2.41828 0.81662 -0.01156 0.57616 0.03217
1403638599.477829456 8.62630 1.96359 2.43958 0.81882 0.00184 0.57358 0.02309
1403638599.577829599 8.62933 2.23045 2.45942 0.82116 0.01040 0.57033 0.01758
1403638599.677829504 8.63083 2.49587 2.47089 0.82264 0.01506 0.56820 0.01394
1403638599.777829409 8.63214 2.76031 2.47324 0.82274 0.01618 0.56805 0.01265
1403638599.877829552 8.63709 3.02243 2.46863 0.82404 0.01378 0.56626 0.01070
1403638599.977829456 8.64407 3.28380 2.45914 0.82423 0.00821 0.56615 0.00694
1403638600.077829599 8.65551 3.54240 2.44539 0.82538 0.00042 0.56458 0.00058
1403638600.177829504 8.67007 3.79543 2.42819 0.82711 -0.01132 0.56181 -0.01145
1403638600.277829409 8.68580 4.04030 2.40579 0.82922 -0.02196 0.55808 -0.02138
1403638600.377829552 8.70566 4.27365 2.38204 0.83064 -0.03054 0.55521 -0.02895
1403638600.477829456 8.72915 4.49288 2.36405 0.83180 -0.03699 0.55272 -0.03517
1403638600.577829599 8.75796 4.69632 2.35657 0.83238 -0.03761 0.55194 -0.03314
1403638600.677829504 8.79112 4.88548 2.35695 0.83388 -0.04058 0.54928 -0.03598
1403638600.777829409 8.83039 5.06087 2.36471 0.83761 -0.04041 0.54360 -0.03566
1403638600.877829552 8.87692 5.22079 2.37792 0.84145 -0.03157 0.53884 -0.02469
1403638600.977829456 8.92887 5.37089 2.38913 0.84360 -0.01808 0.53661 -0.00788
1403638601.077829599 8.98924 5.51208 2.39594 0.84404 -0.01005 0.53619 0.00129
1403638601.177829504 9.06017 5.64072 2.39897 0.84273 -0.00350 0.53824 0.00905
1403638601.277829409 9.13601 5.77576 2.39817 0.83634 0.00400 0.54789 0.01850
1403638601.377829552 9.21669 5.91296 2.39596 0.83128 0.00782 0.55558 0.01581
1403638601.477829456 9.30101 6.05372 2.39711 0.82687 0.01244 0.56225 0.00279
1403638601.577829599 9.38621 6.19257 2.40581 0.82209 0.02674 0.56867 -0.00801
1403638601.677829504 9.47178 6.32957 2.41964 0.81953 0.04684 0.57079 -0.01924
1403638601.777829409 9.55514 6.46553 2.44076 0.81668 0.07238 0.57165 -0.03189
1403638601.877829552 9.63586 6.60167 2.47015 0.81170 0.10149 0.57337 -0.04582
1403638601.977829456 9.71353 6.74148 2.50002 0.80857 0.12491 0.57178 -0.06066
1403638602.077829599 9.78865 6.88171 2.52427 0.80694 0.14186 0.56878 -0.07219
1403638602.177829504 9.86090 7.02257 2.54211 0.80226 0.15752 0.57049 -0.07813
1403638602.277829409 9.92868 7.16619 2.55508 0.79526 0.17498 0.57410 -0.08574
1403638602.377829552 9.99085 7.31413 2.56796 0.78421 0.18751 0.58150 -0.10821
1403638602.477829456 10.04543 7.46282 2.59128 0.76221 0.19393 0.60078 -0.14311
1403638602.577829599 10.08719 7.60444 2.62179 0.74059 0.19886 0.61659 -0.17831
1403638602.677829504 10.11411 7.73185 2.65675 0.73034 0.21224 0.61803 -0.19897
1403638602.777829409 10.12450 7.84218 2.69603 0.72606 0.23184 0.61238 -0.20995
1403638602.877829552 10.11887 7.93538 2.73941 0.72274 0.25142 0.60464 -0.22102
1403638602.977829456 10.10034 8.01623 2.78505 0.72299 0.26670 0.59016 -0.24056
1403638603.077829599 10.07243 8.08362 2.82760 0.71811 0.28128 0.58136 -0.25928
