0 0 0 1 -0.16 -0.39665 
0 0 6.5 1 -0.100484 0.295571 
10 0 0 1 -0.267213 -0.149406 
10 0 6.5 1 -0.24038 0.198102 
10 10 0 1 0.191297 -0.154074 
10 10 6.5 1 0.222862 0.136777 
0 10 0 1 0.595512 -0.337098 
0 10 6.5 1 0.664241 0.161558 
0 5 10 1 0.383307 0.549381 
10 5 10 1 0.0283682 0.340969 
0 6 0 1 0.348918 -0.356535 
0 8 0 1 0.479341 -0.346255 
0 8 5 1 0.531672 0.0566522 
0 6 5 1 0.400691 0.0715131 
0 2 2.5 1 0.057236 -0.14094 
0 4 2.5 1 0.226356 -0.143443 
0 4 5 1 0.252051 0.0883776 
0 2 5 1 0.0819213 0.10768 
0.5 0.5 -0.5 1 -0.125465 -0.417415 
0.5 0.5 6 1 -0.0685424 0.225766 
10.5 0.5 -0.5 1 -0.245443 -0.168849 
10.5 0.5 6 1 -0.219066 0.165858 
10.5 10.5 -0.5 1 0.196226 -0.170369 
10.5 10.5 6 1 0.22694 0.111461 
0.5 10.5 -0.5 1 0.583868 -0.355403 
0.5 10.5 6 1 0.64872 0.117292 
0.5 5.5 9.5 1 0.381854 0.473944 
10.5 5.5 9.5 1 0.0392412 0.306457 
0.5 6.5 -0.5 1 0.349476 -0.375894 
0.5 8.5 -0.5 1 0.473093 -0.365087 
0.5 8.5 4.5 1 0.522469 0.0158407 
0.5 6.5 4.5 1 0.39834 0.0274301 
0.5 2.5 2 1 0.076294 -0.176792 
0.5 4.5 2 1 0.234213 -0.176908 
0.5 4.5 4.5 1 0.25848 0.0404882 
0.5 2.5 4.5 1 0.0996983 0.0553131 
