0 0 0 1 0.251489 -0.098095 
0 0 6.5 1 0.262262 0.259772 
10 0 0 1 -0.0667723 -0.340797 
10 0 6.5 1 -0.0899687 0.302492 
10 10 0 1 -0.574785 -0.169831 
10 10 6.5 1 -0.633542 0.252606 
0 10 0 1 -0.153544 -0.0394149 
0 10 6.5 1 -0.167751 0.237885 
0 5 10 1 0.0157968 0.432454 
10 5 10 1 -0.454569 0.594111 
0 6 0 1 -0.0152043 -0.0594572 
0 8 0 1 -0.0875865 -0.0489706 
0 8 5 1 -0.0959885 0.171434 
0 6 5 1 -0.0206756 0.171694 
0 2 2.5 1 0.154263 0.0410134 
0 4 2.5 1 0.0636805 0.0475827 
0 4 5 1 0.0627266 0.171982 
0 2 5 1 0.155595 0.172303 
0.5 0.5 -0.5 1 0.215675 -0.126871 
0.5 0.5 6 1 0.223877 0.229871 
10.5 0.5 -0.5 1 -0.13219 -0.393301 
10.5 0.5 6 1 -0.164505 0.24605 
10.5 10.5 -0.5 1 -0.619592 -0.204074 
10.5 10.5 6 1 -0.682438 0.216748 
0.5 10.5 -0.5 1 -0.182186 -0.061678 
0.5 10.5 6 1 -0.198014 0.214956 
0.5 5.5 9.5 1 -0.0192485 0.406037 
10.5 5.5 9.5 1 -0.51737 0.548938 
0.5 6.5 -0.5 1 -0.0463458 -0.0839366 
0.5 8.5 -0.5 1 -0.117427 -0.0722893 
0.5 8.5 4.5 1 -0.127167 0.147554 
0.5 6.5 4.5 1 -0.0532778 0.146595 
0.5 2.5 2 1 0.119294 0.0134456 
0.5 4.5 2 1 0.0303399 0.0214786 
0.5 4.5 4.5 1 0.0285666 0.145533 
0.5 2.5 4.5 1 0.119724 0.14435 
