0 0 0 1 0.273138 -0.483382 
0 0 6.5 1 0.244691 -0.148478 
10 0 0 1 0.710822 -0.769181 
10 0 6.5 1 0.611279 -0.111548 
10 10 0 1 -0.342816 -0.945167 
10 10 6.5 1 -0.328824 -0.142844 
0 10 0 1 -0.251808 -0.536041 
0 10 6.5 1 -0.250539 -0.167228 
0 5 10 1 0.000569261 0.0149871 
10 5 10 1 0.157323 0.198681 
0 6 0 1 -0.0299978 -0.513791 
0 8 0 1 -0.13878 -0.524703 
0 8 5 1 -0.143139 -0.242696 
0 6 5 1 -0.0393181 -0.23734 
0 2 2.5 1 0.166443 -0.357127 
0 4 2.5 1 0.0676491 -0.364571 
0 4 5 1 0.0608492 -0.232173 
0 2 5 1 0.157552 -0.227185 
0.5 0.5 -0.5 1 0.262247 -0.521602 
0.5 0.5 6 1 0.233499 -0.173455 
10.5 0.5 -0.5 1 0.719817 -0.867825 
10.5 0.5 6 1 0.612948 -0.157384 
10.5 10.5 -0.5 1 -0.424515 -1.08219 
10.5 10.5 6 1 -0.398433 -0.200262 
0.5 10.5 -0.5 1 -0.283995 -0.58016 
0.5 10.5 6 1 -0.280628 -0.19525 
0.5 5.5 9.5 1 -0.0188853 -0.00485085 
10.5 5.5 9.5 1 0.12955 0.171911 
0.5 6.5 -0.5 1 -0.0527315 -0.555368 
0.5 8.5 -0.5 1 -0.166066 -0.567518 
0.5 8.5 4.5 1 -0.169249 -0.273305 
0.5 6.5 4.5 1 -0.0612897 -0.267194 
0.5 2.5 2 1 0.151904 -0.390755 
0.5 4.5 2 1 0.0493427 -0.39909 
0.5 4.5 4.5 1 0.0427388 -0.261305 
0.5 2.5 4.5 1 0.143047 -0.255626 
