0.350561 -0.551463 0.343189 6.10004e-05 
-0.317466 -0.424824 -0.278116 -0.0184552 
-0.0337369 -0.34379 -0.0204509 -0.0811558 
0.401992 -0.398823 0.394952 -0.0824115 
0.350561 -0.551463 -0.317466 -0.424824 
-0.317466 -0.424824 -0.0337369 -0.34379 
-0.0337369 -0.34379 0.401992 -0.398823 
0.401992 -0.398823 0.350561 -0.551463 
0.343189 6.10004e-05 0.372074 0.143358 
0.372074 0.143358 0.394952 -0.0824115 
-0.278116 -0.0184552 -0.11156 0.101788 
-0.11156 0.101788 -0.0204509 -0.0811558 
0.372074 0.143358 -0.11156 0.101788 
0.343189 6.10004e-05 -0.278116 -0.0184552 
0.394952 -0.0824115 -0.0204509 -0.0811558 
0.387912 -0.440608 0.395622 -0.417726 
0.395622 -0.417726 0.389927 -0.148095 
0.389927 -0.148095 0.382026 -0.142879 
0.382026 -0.142879 0.387912 -0.440608 
0.363217 -0.310642 0.375295 -0.298025 
0.375295 -0.298025 0.372368 -0.136503 
0.372368 -0.136503 0.360295 -0.128532 
0.360295 -0.128532 0.363217 -0.310642 
