0.0645487 -0.135953 0.0407733 0.118604 
0.494639 -0.153692 0.471724 0.177878 
0.338435 -0.348064 0.294001 0.215567 
-0.238051 -0.256823 -0.279476 0.115373 
0.0645487 -0.135953 0.494639 -0.153692 
0.494639 -0.153692 0.338435 -0.348064 
0.338435 -0.348064 -0.238051 -0.256823 
-0.238051 -0.256823 0.0645487 -0.135953 
0.0407733 0.118604 -0.105587 0.284434 
-0.105587 0.284434 -0.279476 0.115373 
0.471724 0.177878 0.389408 0.424886 
0.389408 0.424886 0.294001 0.215567 
-0.105587 0.284434 0.389408 0.424886 
0.0407733 0.118604 0.471724 0.177878 
-0.279476 0.115373 0.294001 0.215567 
-0.0886716 -0.197155 -0.157039 -0.224464 
-0.157039 -0.224464 -0.184821 0.0364502 
-0.184821 0.0364502 -0.113321 0.0434909 
-0.113321 0.0434909 -0.0886716 -0.197155 
0.0104322 -0.0500676 -0.0411845 -0.0628538 
-0.0411845 -0.0628538 -0.0523049 0.0494992 
-0.0523049 0.0494992 0.000376097 0.0546867 
0.000376097 0.0546867 0.0104322 -0.0500676 
