0 0 0 1 -0.547768 -0.474386 
0 0 6.5 1 -0.591234 0.123169 
10 0 0 1 -0.213043 -0.260888 
10 0 6.5 1 -0.240455 0.0515199 
10 10 0 1 0.283695 -0.227191 
10 10 6.5 1 0.247082 0.108159 
0 10 0 1 0.42442 -0.438381 
0 10 6.5 1 0.345915 0.249167 
0 5 10 1 -0.186179 0.511822 
10 5 10 1 -0.022214 0.249306 
0 6 0 1 0.00108724 -0.454059 
0 8 0 1 0.206311 -0.446459 
0 8 5 1 0.152113 0.0703435 
0 6 5 1 -0.0471674 0.0479665 
0 2 2.5 1 -0.394231 -0.228135 
0 4 2.5 1 -0.214031 -0.214633 
0 4 5 1 -0.235251 0.0268468 
0 2 5 1 -0.413055 0.00688137 
0.5 0.5 -0.5 1 -0.472989 -0.49861 
0.5 0.5 6 1 -0.516766 0.0786575 
10.5 0.5 -0.5 1 -0.179747 -0.277789 
10.5 0.5 6 1 -0.207082 0.028985 
10.5 10.5 -0.5 1 0.309334 -0.246039 
10.5 10.5 6 1 0.273097 0.0828285 
0.5 10.5 -0.5 1 0.470388 -0.467734 
0.5 10.5 6 1 0.393738 0.193098 
0.5 5.5 9.5 1 -0.122649 0.450633 
10.5 5.5 9.5 1 0.00788501 0.222331 
0.5 6.5 -0.5 1 0.060901 -0.481136 
0.5 8.5 -0.5 1 0.259663 -0.474631 
0.5 8.5 4.5 1 0.206461 0.0225268 
0.5 6.5 4.5 1 0.0132564 0.00233132 
0.5 2.5 2 1 -0.323789 -0.261735 
0.5 4.5 2 1 -0.148406 -0.249655 
0.5 4.5 4.5 1 -0.169494 -0.0167714 
0.5 2.5 4.5 1 -0.342618 -0.0348679 
