-0.331495 -0.686589 -0.24965 0.0426599 
-0.29594 -0.355069 -0.256683 -0.00566978 
0.198423 -0.364721 0.221734 -0.0554869 
0.593174 -0.631741 0.619002 -0.0581066 
-0.331495 -0.686589 -0.29594 -0.355069 
-0.29594 -0.355069 0.198423 -0.364721 
0.198423 -0.364721 0.593174 -0.631741 
0.593174 -0.631741 -0.331495 -0.686589 
-0.24965 0.0426599 0.259658 0.307793 
0.259658 0.307793 0.619002 -0.0581066 
-0.256683 -0.00566978 0.0129665 0.137989 
0.0129665 0.137989 0.221734 -0.0554869 
0.259658 0.307793 0.0129665 0.137989 
-0.24965 0.0426599 -0.256683 -0.00566978 
0.619002 -0.0581066 0.221734 -0.0554869 
0.276691 -0.650513 0.442196 -0.640696 
0.442196 -0.640696 0.468289 -0.175062 
0.468289 -0.175062 0.309891 -0.162925 
0.309891 -0.162925 0.276691 -0.650513 
-0.0808294 -0.398713 0.115663 -0.400594 
0.115663 -0.400594 0.136079 -0.149606 
0.136079 -0.149606 -0.0555114 -0.134926 
-0.0555114 -0.134926 -0.0808294 -0.398713 
