0 0 0 1 0.25681 -0.443066 
0 0 6.5 1 0.251402 -0.0932277 
10 0 0 1 0.479429 -0.722285 
10 0 6.5 1 0.441457 0.00517273 
10 10 0 1 -0.61604 -0.652891 
10 10 6.5 1 -0.525485 0.0242567 
0 10 0 1 -0.271686 -0.418109 
0 10 6.5 1 -0.245266 -0.0803384 
0 5 10 1 0.00465101 0.0816137 
10 5 10 1 -0.0429235 0.327823 
0 6 0 1 -0.0644179 -0.427897 
0 8 0 1 -0.168722 -0.422972 
0 8 5 1 -0.152829 -0.157652 
0 6 5 1 -0.0533608 -0.160698 
0 2 2.5 1 0.148835 -0.299098 
0 4 2.5 1 0.0443761 -0.295053 
0 4 5 1 0.0473494 -0.163782 
0 2 5 1 0.149325 -0.166905 
0.5 0.5 -0.5 1 0.234541 -0.478093 
0.5 0.5 6 1 0.230393 -0.115964 
10.5 0.5 -0.5 1 0.445574 -0.817956 
10.5 0.5 6 1 0.409763 -0.0354209 
10.5 10.5 -0.5 1 -0.716208 -0.737528 
10.5 10.5 6 1 -0.60848 -0.0127952 
0.5 10.5 -0.5 1 -0.308916 -0.451236 
0.5 10.5 6 1 -0.279467 -0.102009 
0.5 5.5 9.5 1 -0.0221118 0.0647542 
10.5 5.5 9.5 1 -0.0974468 0.308171 
0.5 6.5 -0.5 1 -0.0959083 -0.461762 
0.5 8.5 -0.5 1 -0.203122 -0.456464 
0.5 8.5 4.5 1 -0.185113 -0.181975 
0.5 6.5 4.5 1 -0.083002 -0.185263 
0.5 2.5 2 1 0.124065 -0.328726 
0.5 4.5 2 1 0.0166832 -0.324367 
0.5 4.5 4.5 1 0.0204203 -0.188594 
0.5 2.5 4.5 1 0.12518 -0.191968 
