0.327132 -0.166743 0.295028 0.241001 
-0.317327 -0.2603 -0.370263 0.196786 
-0.263308 -0.138646 -0.293521 0.131201 
0.132797 -0.088919 0.110296 0.162936 
0.327132 -0.166743 -0.317327 -0.2603 
-0.317327 -0.2603 -0.263308 -0.138646 
-0.263308 -0.138646 0.132797 -0.088919 
0.132797 -0.088919 0.327132 -0.166743 
0.295028 0.241001 0.165951 0.364903 
0.165951 0.364903 0.110296 0.162936 
-0.370263 0.196786 -0.343223 0.343628 
-0.343223 0.343628 -0.293521 0.131201 
0.165951 0.364903 -0.343223 0.343628 
0.295028 0.241001 -0.370263 0.196786 
0.110296 0.162936 -0.293521 0.131201 
0.189654 -0.111688 0.158889 -0.0993682 
0.158889 -0.0993682 0.140511 0.109665 
0.140511 0.109665 0.170004 0.11614 
0.170004 0.11614 0.189654 -0.111688 
0.26004 -0.0065789 0.215998 -0.0021401 
0.215998 -0.0021401 0.20538 0.123907 
0.20538 0.123907 0.248591 0.133395 
0.248591 0.133395 0.26004 -0.0065789 
