0.322754 -0.108684 0.307191 0.309395 
-0.318972 -0.17864 -0.373218 0.269361 
-0.242026 -0.0605186 -0.27125 0.206639 
0.151538 -0.0224593 0.136509 0.233764 
0.322754 -0.108684 -0.318972 -0.17864 
-0.318972 -0.17864 -0.242026 -0.0605186 
-0.242026 -0.0605186 0.151538 -0.0224593 
0.151538 -0.0224593 0.322754 -0.108684 
0.307191 0.309395 0.191725 0.444336 
0.191725 0.444336 0.136509 0.233764 
-0.373218 0.269361 -0.330869 0.42232 
-0.330869 0.42232 -0.27125 0.206639 
0.191725 0.444336 -0.330869 0.42232 
0.307191 0.309395 -0.373218 0.269361 
0.136509 0.233764 -0.27125 0.206639 
0.201529 -0.0476352 0.174469 -0.0340077 
0.174469 -0.0340077 0.162643 0.177891 
0.162643 0.177891 0.189407 0.183499 
0.189407 0.183499 0.201529 -0.0476352 
0.267449 0.054821 0.22789 0.0611087 
0.22789 0.0611087 0.221639 0.190253 
0.221639 0.190253 0.261205 0.198544 
0.261205 0.198544 0.267449 0.054821 
