0 0 0 1 0.339037 -0.303032 
0 0 6.5 1 0.293691 0.100395 
10 0 0 1 -0.316328 -0.422104 
10 0 6.5 1 -0.354783 0.0604088 
10 10 0 1 -0.293643 -0.276678 
10 10 6.5 1 -0.316504 0.00421993 
0 10 0 1 0.1123 -0.217203 
0 10 6.5 1 0.0866641 0.0349228 
0 5 10 1 0.149228 0.223359 
10 5 10 1 -0.345683 0.211102 
0 6 0 1 0.178829 -0.242387 
0 8 0 1 0.142851 -0.228768 
0 8 5 1 0.121161 -0.0184453 
0 6 5 1 0.154828 -0.0134423 
0 2 2.5 1 0.258785 -0.138385 
0 4 2.5 1 0.208316 -0.132286 
0 4 5 1 0.194978 -0.00747603 
0 2 5 1 0.24368 -0.000238791 
0.5 0.5 -0.5 1 0.297793 -0.332191 
0.5 0.5 6 1 0.254147 0.0638189 
10.5 0.5 -0.5 1 -0.349639 -0.453917 
10.5 0.5 6 1 -0.386424 0.0180171 
10.5 10.5 -0.5 1 -0.313497 -0.29738 
10.5 10.5 6 1 -0.335769 -0.0200989 
0.5 10.5 -0.5 1 0.0892838 -0.236593 
0.5 10.5 6 1 0.0642522 0.0126163 
0.5 5.5 9.5 1 0.121036 0.193382 
10.5 5.5 9.5 1 -0.369159 0.177257 
0.5 6.5 -0.5 1 0.150796 -0.264795 
0.5 8.5 -0.5 1 0.117565 -0.24956 
0.5 8.5 4.5 1 0.0964283 -0.0418735 
0.5 6.5 4.5 1 0.12746 -0.0389711 
0.5 2.5 2 1 0.223603 -0.167226 
0.5 4.5 2 1 0.177305 -0.158477 
0.5 4.5 4.5 1 0.16437 -0.035519 
0.5 2.5 4.5 1 0.209004 -0.0313444 
