0 0 0 1 0.280658 -0.236849 
0 0 6.5 1 0.250965 0.110172 
10 0 0 1 0.15121 -0.550248 
10 0 6.5 1 0.0876192 0.133597 
10 10 0 1 -0.579594 -0.444728 
10 10 6.5 1 -0.641083 0.0391569 
0 10 0 1 -0.174391 -0.228054 
0 10 6.5 1 -0.205036 0.0588192 
0 5 10 1 -0.015529 0.255037 
10 5 10 1 -0.375922 0.396135 
0 6 0 1 -0.0124641 -0.231183 
0 8 0 1 -0.096301 -0.229563 
0 8 5 1 -0.119811 -0.00169852 
0 6 5 1 -0.0359219 0.00514035 
0 2 2.5 1 0.163707 -0.10793 
0 4 2.5 1 0.066181 -0.110911 
0 4 5 1 0.0544507 0.0125077 
0 2 5 1 0.152088 0.0204673 
0.5 0.5 -0.5 1 0.251783 -0.27099 
0.5 0.5 6 1 0.221217 0.0801252 
10.5 0.5 -0.5 1 0.0902267 -0.626576 
10.5 0.5 6 1 0.0228712 0.0733234 
10.5 10.5 -0.5 1 -0.636175 -0.496604 
10.5 10.5 6 1 -0.700151 -0.00473473 
0.5 10.5 -0.5 1 -0.20323 -0.256185 
0.5 10.5 6 1 -0.234606 0.0334799 
0.5 5.5 9.5 1 -0.0458894 0.229433 
10.5 5.5 9.5 1 -0.440499 0.351781 
0.5 6.5 -0.5 1 -0.0415514 -0.261446 
0.5 8.5 -0.5 1 -0.125292 -0.258721 
0.5 8.5 4.5 1 -0.149384 -0.0285667 
0.5 6.5 4.5 1 -0.0656129 -0.0226582 
0.5 2.5 2 1 0.134336 -0.139252 
0.5 4.5 2 1 0.0367579 -0.141051 
0.5 4.5 4.5 1 0.0247119 -0.0162874 
0.5 2.5 4.5 1 0.122391 -0.00939791 
