0 0 0 1 -0.58388 -0.261256 
0 0 6.5 1 -0.663562 0.238089 
10 0 0 1 -0.198467 -0.0749746 
10 0 6.5 1 -0.22366 0.218717 
10 10 0 1 0.256294 -0.0939484 
10 10 6.5 1 0.254574 0.25256 
0 10 0 1 0.163622 -0.359935 
0 10 6.5 1 0.148406 0.31452 
0 5 10 1 -0.358563 0.63284 
10 5 10 1 -0.013749 0.420777 
0 6 0 1 -0.188169 -0.313495 
0 8 0 1 -0.0232729 -0.335263 
0 8 5 1 -0.0503132 0.136731 
0 6 5 1 -0.227069 0.130227 
0 2 2.5 1 -0.492297 -0.0856888 
0 4 2.5 1 -0.357802 -0.0926248 
0 4 5 1 -0.382655 0.124501 
0 2 5 1 -0.520659 0.119422 
0.5 0.5 -0.5 1 -0.51943 -0.283709 
0.5 0.5 6 1 -0.590955 0.198468 
10.5 0.5 -0.5 1 -0.166415 -0.0914786 
10.5 0.5 6 1 -0.189523 0.196225 
10.5 10.5 -0.5 1 0.284929 -0.112885 
10.5 10.5 6 1 0.284979 0.22532 
0.5 10.5 -0.5 1 0.221223 -0.385963 
0.5 10.5 6 1 0.213609 0.257473 
0.5 5.5 9.5 1 -0.281288 0.569872 
10.5 5.5 9.5 1 0.020246 0.39173 
0.5 6.5 -0.5 1 -0.125637 -0.338076 
0.5 8.5 -0.5 1 0.0373238 -0.360574 
0.5 8.5 4.5 1 0.0164297 0.0915465 
0.5 6.5 4.5 1 -0.158196 0.0880481 
0.5 2.5 2 1 -0.425016 -0.11542 
0.5 4.5 2 1 -0.291072 -0.123793 
0.5 4.5 4.5 1 -0.312601 0.0849547 
0.5 2.5 4.5 1 -0.450106 0.0821999 
