-0.542688 -0.511644 -0.576161 0.0994939 
-0.214917 -0.290746 -0.239505 0.0253423 
0.286713 -0.256652 0.249132 0.0788394 
0.451868 -0.470921 0.368285 0.217222 
-0.542688 -0.511644 -0.214917 -0.290746 
-0.214917 -0.290746 0.286713 -0.256652 
0.286713 -0.256652 0.451868 -0.470921 
0.451868 -0.470921 -0.542688 -0.511644 
-0.576161 0.0994939 -0.160581 0.480704 
-0.160581 0.480704 0.368285 0.217222 
-0.239505 0.0253423 -0.0187246 0.220653 
-0.0187246 0.220653 0.249132 0.0788394 
-0.160581 0.480704 -0.0187246 0.220653 
-0.576161 0.0994939 -0.239505 0.0253423 
0.368285 0.217222 0.249132 0.0788394 
0.0234086 -0.488464 0.231994 -0.479924 
0.231994 -0.479924 0.176332 0.041811 
0.176332 0.041811 -0.0237775 0.0206232 
-0.0237775 0.0206232 0.0234086 -0.488464 
-0.379684 -0.257523 -0.194802 -0.243864 
-0.194802 -0.243864 -0.214202 0.000460683 
-0.214202 0.000460683 -0.395629 -0.0187491 
-0.395629 -0.0187491 -0.379684 -0.257523 
