0.261888 -0.473232 0.213089 0.136096 
-0.225973 -0.291231 -0.266334 0.0698292 
0.127235 -0.165323 0.104333 0.0967332 
0.571533 -0.224109 0.549912 0.147971 
0.261888 -0.473232 -0.225973 -0.291231 
-0.225973 -0.291231 0.127235 -0.165323 
0.127235 -0.165323 0.571533 -0.224109 
0.571533 -0.224109 0.261888 -0.473232 
0.213089 0.136096 0.40623 0.404367 
0.40623 0.404367 0.549912 0.147971 
-0.266334 0.0698292 -0.0672569 0.25415 
-0.0672569 0.25415 0.104333 0.0967332 
0.40623 0.404367 -0.0672569 0.25415 
0.213089 0.136096 -0.266334 0.0698292 
0.549912 0.147971 0.104333 0.0967332 
0.481997 -0.296144 0.530551 -0.257081 
0.530551 -0.257081 0.511741 0.051386 
0.511741 0.051386 0.460316 0.0405771 
0.460316 0.0405771 0.481997 -0.296144 
0.336916 -0.197537 0.411018 -0.160103 
0.411018 -0.160103 0.398162 0.0275134 
0.398162 0.0275134 0.321533 0.0114072 
0.321533 0.0114072 0.336916 -0.197537 
