0 0 0 1 -0.196231 -0.103112 
0 0 6.5 1 -0.177166 0.153109 
10 0 0 1 0.195707 -0.140346 
10 0 6.5 1 0.22373 0.117201 
10 10 0 1 0.304208 -0.285747 
10 10 6.5 1 0.355194 0.139923 
0 10 0 1 -0.340369 -0.2227 
0 10 6.5 1 -0.313973 0.199379 
0 5 10 1 -0.215977 0.34963 
10 5 10 1 0.293262 0.306087 
0 6 0 1 -0.265068 -0.160224 
0 8 0 1 -0.298441 -0.187913 
0 8 5 1 -0.279606 0.097392 
0 6 5 1 -0.247451 0.0959419 
0 2 2.5 1 -0.20761 -0.0135403 
0 4 2.5 1 -0.229704 -0.022613 
0 4 5 1 -0.22137 0.0947658 
0 2 5 1 -0.199791 0.0937926 
0.5 0.5 -0.5 1 -0.182368 -0.128344 
0.5 0.5 6 1 -0.162626 0.13218 
10.5 0.5 -0.5 1 0.217039 -0.166488 
10.5 0.5 6 1 0.246087 0.0954029 
10.5 10.5 -0.5 1 0.34323 -0.333958 
10.5 10.5 6 1 0.397388 0.103694 
0.5 10.5 -0.5 1 -0.3218 -0.268296 
0.5 10.5 6 1 -0.293847 0.165578 
0.5 5.5 9.5 1 -0.198381 0.327713 
10.5 5.5 9.5 1 0.323538 0.282862 
0.5 6.5 -0.5 1 -0.24854 -0.194763 
0.5 8.5 -0.5 1 -0.280895 -0.227238 
0.5 8.5 4.5 1 -0.261082 0.0650429 
0.5 6.5 4.5 1 -0.230104 0.067015 
0.5 2.5 2 1 -0.19264 -0.0393821 
0.5 4.5 2 1 -0.213797 -0.0511279 
0.5 4.5 4.5 1 -0.20511 0.0686062 
0.5 2.5 4.5 1 -0.184518 0.0699171 
