0 0 0 1 0.261283 -0.49596 
0 0 6.5 1 0.238431 -0.161433 
10 0 0 1 0.712394 -0.776263 
10 0 6.5 1 0.620153 -0.127121 
10 10 0 1 -0.325864 -0.952166 
10 10 6.5 1 -0.29795 -0.136589 
0 10 0 1 -0.263833 -0.543637 
0 10 6.5 1 -0.254233 -0.169795 
0 5 10 1 0.000643446 0.00688038 
10 5 10 1 0.18647 0.18939 
0 6 0 1 -0.0398456 -0.523301 
0 8 0 1 -0.149306 -0.533239 
0 8 5 1 -0.147789 -0.247986 
0 6 5 1 -0.0438086 -0.24454 
0 2 2.5 1 0.158196 -0.368114 
0 4 2.5 1 0.0602706 -0.374109 
0 4 5 1 0.05589 -0.241235 
0 2 5 1 0.151566 -0.238063 
0.5 0.5 -0.5 1 0.250807 -0.533959 
0.5 0.5 6 1 0.227839 -0.185862 
10.5 0.5 -0.5 1 0.723806 -0.873355 
10.5 0.5 6 1 0.62434 -0.171389 
10.5 10.5 -0.5 1 -0.407129 -1.09245 
10.5 10.5 6 1 -0.365156 -0.192098 
0.5 10.5 -0.5 1 -0.296593 -0.588119 
0.5 10.5 6 1 -0.284375 -0.197274 
0.5 5.5 9.5 1 -0.0182391 -0.0122327 
10.5 5.5 9.5 1 0.162234 0.16449 
0.5 6.5 -0.5 1 -0.0625449 -0.564962 
0.5 8.5 -0.5 1 -0.176818 -0.576268 
0.5 8.5 4.5 1 -0.173795 -0.278184 
0.5 6.5 4.5 1 -0.0654808 -0.273954 
0.5 2.5 2 1 0.144093 -0.401413 
0.5 4.5 2 1 0.0422968 -0.408355 
0.5 4.5 4.5 1 0.0382144 -0.269905 
0.5 2.5 4.5 1 0.13758 -0.266025 
