0.0936207 -0.0563924 0.0856876 0.204066 
0.519841 -0.122743 0.536603 0.233384 
0.255317 -0.338128 0.254548 0.240542 
-0.240787 -0.16621 -0.274368 0.196114 
0.0936207 -0.0563924 0.519841 -0.122743 
0.519841 -0.122743 0.255317 -0.338128 
0.255317 -0.338128 -0.240787 -0.16621 
-0.240787 -0.16621 0.0936207 -0.0563924 
0.0856876 0.204066 -0.0731079 0.378244 
-0.0731079 0.378244 -0.274368 0.196114 
0.536603 0.233384 0.439619 0.50471 
0.439619 0.50471 0.254548 0.240542 
-0.0731079 0.378244 0.439619 0.50471 
0.0856876 0.204066 0.536603 0.233384 
-0.274368 0.196114 0.254548 0.240542 
-0.0797668 -0.113332 -0.15441 -0.137844 
-0.15441 -0.137844 -0.173874 0.117027 
-0.173874 0.117027 -0.0946119 0.124539 
-0.0946119 0.124539 -0.0797668 -0.113332 
0.0386423 0.0298754 -0.0201186 0.0173457 
-0.0201186 0.0173457 -0.0258413 0.131058 
-0.0258413 0.131058 0.0343916 0.136767 
0.0343916 0.136767 0.0386423 0.0298754 
