-0.0335495 -0.381152 -0.0381382 -0.115333 
0.404142 -0.401964 0.374117 -0.0916554 
0.400953 -0.569156 0.350234 -0.0257788 
-0.295195 -0.496818 -0.282655 -0.0767133 
-0.0335495 -0.381152 0.404142 -0.401964 
0.404142 -0.401964 0.400953 -0.569156 
0.400953 -0.569156 -0.295195 -0.496818 
-0.295195 -0.496818 -0.0335495 -0.381152 
-0.0381382 -0.115333 -0.133929 0.0597409 
-0.133929 0.0597409 -0.282655 -0.0767133 
0.374117 -0.0916554 0.347095 0.123054 
0.347095 0.123054 0.350234 -0.0257788 
-0.133929 0.0597409 0.347095 0.123054 
-0.0381382 -0.115333 0.374117 -0.0916554 
-0.282655 -0.0767133 0.350234 -0.0257788 
-0.160471 -0.43726 -0.220699 -0.463885 
-0.220699 -0.463885 -0.215807 -0.169757 
-0.215807 -0.169757 -0.158918 -0.171223 
-0.158918 -0.171223 -0.160471 -0.43726 
-0.0702824 -0.282846 -0.111161 -0.291133 
-0.111161 -0.291133 -0.111535 -0.172444 
-0.111535 -0.172444 -0.0714584 -0.173477 
-0.0714584 -0.173477 -0.0702824 -0.282846 
