0.33739 -0.549719 0.296644 -0.123658 
-0.353016 -0.706585 -0.34273 -0.138053 
-0.382046 -0.483568 -0.374498 -0.164008 
0.0562912 -0.41985 0.0427825 -0.150849 
0.33739 -0.549719 -0.353016 -0.706585 
-0.353016 -0.706585 -0.382046 -0.483568 
-0.382046 -0.483568 0.0562912 -0.41985 
0.0562912 -0.41985 0.33739 -0.549719 
0.296644 -0.123658 0.131268 0.0227233 
0.131268 0.0227233 0.0427825 -0.150849 
-0.34273 -0.138053 -0.358518 0.0437715 
-0.358518 0.0437715 -0.374498 -0.164008 
0.131268 0.0227233 -0.358518 0.0437715 
0.296644 -0.123658 -0.34273 -0.138053 
0.0427825 -0.150849 -0.374498 -0.164008 
0.139278 -0.45819 0.0944524 -0.437481 
0.0944524 -0.437481 0.0816865 -0.211538 
0.0816865 -0.211538 0.123593 -0.212478 
0.123593 -0.212478 0.139278 -0.45819 
0.244721 -0.360056 0.182694 -0.345125 
0.182694 -0.345125 0.173157 -0.213591 
0.173157 -0.213591 0.232688 -0.214927 
0.232688 -0.214927 0.244721 -0.360056 
