0 0 0 1 -0.602764 -0.190675 
0 0 6.5 1 -0.607606 0.238395 
10 0 0 1 -0.166645 -0.0907695 
10 0 6.5 1 -0.1528 0.185048 
10 10 0 1 0.238182 -0.187815 
10 10 6.5 1 0.276407 0.164156 
0 10 0 1 -0.0874461 -0.418407 
0 10 6.5 1 -0.0458547 0.228474 
0 5 10 1 -0.382349 0.54552 
10 5 10 1 0.0477807 0.353953 
0 6 0 1 -0.345931 -0.304176 
0 8 0 1 -0.228644 -0.356008 
0 8 5 1 -0.209557 0.0869651 
0 6 5 1 -0.335464 0.102135 
0 2 2.5 1 -0.529695 -0.0529837 
0 4 2.5 1 -0.442836 -0.0777509 
0 4 5 1 -0.440652 0.114809 
0 2 5 1 -0.529846 0.125555 
0.5 0.5 -0.5 1 -0.552411 -0.221155 
0.5 0.5 6 1 -0.554144 0.199454 
10.5 0.5 -0.5 1 -0.138009 -0.111553 
10.5 0.5 6 1 -0.1232 0.160752 
10.5 10.5 -0.5 1 0.269834 -0.213168 
10.5 10.5 6 1 0.309141 0.133079 
0.5 10.5 -0.5 1 -0.0232379 -0.459111 
0.5 10.5 6 1 0.0233374 0.16855 
0.5 5.5 9.5 1 -0.319176 0.490308 
10.5 5.5 9.5 1 0.0796472 0.32401 
0.5 6.5 -0.5 1 -0.287694 -0.340191 
0.5 8.5 -0.5 1 -0.167455 -0.39426 
0.5 8.5 4.5 1 -0.144896 0.0369427 
0.5 6.5 4.5 1 -0.274065 0.0562191 
0.5 2.5 2 1 -0.475627 -0.0886181 
0.5 4.5 2 1 -0.386008 -0.115764 
0.5 4.5 4.5 1 -0.382354 0.0723795 
0.5 2.5 4.5 1 -0.474447 0.086123 
