0.19413 -0.388896 0.204011 -0.0816126 
0.646681 -0.59082 0.628699 -0.0465422 
-0.19577 -0.69808 -0.131376 0.0567289 
-0.295146 -0.400624 -0.257403 -0.0360336 
0.19413 -0.388896 0.646681 -0.59082 
0.646681 -0.59082 -0.19577 -0.69808 
-0.19577 -0.69808 -0.295146 -0.400624 
-0.295146 -0.400624 0.19413 -0.388896 
0.204011 -0.0816126 0.00355588 0.105708 
0.00355588 0.105708 -0.257403 -0.0360336 
0.628699 -0.0465422 0.312339 0.293034 
0.312339 0.293034 -0.131376 0.0567289 
0.00355588 0.105708 0.312339 0.293034 
0.204011 -0.0816126 0.628699 -0.0465422 
-0.257403 -0.0360336 -0.131376 0.0567289 
-0.0782113 -0.395424 -0.18261 -0.397927 
-0.18261 -0.397927 -0.158771 -0.124317 
-0.158771 -0.124317 -0.0592267 -0.13142 
-0.0592267 -0.13142 -0.0782113 -0.395424 
0.115062 -0.265319 0.0264068 -0.26315 
0.0264068 -0.26315 0.0336307 -0.138046 
0.0336307 -0.138046 0.120453 -0.144242 
0.120453 -0.144242 0.115062 -0.265319 
