0 0 0 1 0.279154 -0.467326 
0 0 6.5 1 0.247726 -0.133338 
10 0 0 1 0.704364 -0.752839 
10 0 6.5 1 0.602678 -0.0933106 
10 10 0 1 -0.352938 -0.925177 
10 10 6.5 1 -0.348876 -0.137516 
0 10 0 1 -0.244139 -0.522307 
0 10 6.5 1 -0.248332 -0.15828 
0 5 10 1 -5.44226e-05 0.0269261 
10 5 10 1 0.136766 0.212673 
0 6 0 1 -0.0244463 -0.499224 
0 8 0 1 -0.132447 -0.510572 
0 8 5 1 -0.140536 -0.231897 
0 6 5 1 -0.0370443 -0.225444 
0 2 2.5 1 0.170585 -0.342564 
0 4 2.5 1 0.0714529 -0.350814 
0 4 5 1 0.0632252 -0.219191 
0 2 5 1 0.160421 -0.21313 
0.5 0.5 -0.5 1 0.267924 -0.505418 
0.5 0.5 6 1 0.236091 -0.158562 
10.5 0.5 -0.5 1 0.711169 -0.851294 
10.5 0.5 6 1 0.602367 -0.139869 
10.5 10.5 -0.5 1 -0.434098 -1.058 
10.5 10.5 6 1 -0.419642 -0.195547 
0.5 10.5 -0.5 1 -0.27584 -0.565821 
0.5 10.5 6 1 -0.278314 -0.186481 
0.5 5.5 9.5 1 -0.019884 0.00669701 
10.5 5.5 9.5 1 0.106606 0.184862 
0.5 6.5 -0.5 1 -0.0471655 -0.540419 
0.5 8.5 -0.5 1 -0.159512 -0.552898 
0.5 8.5 4.5 1 -0.166661 -0.262582 
0.5 6.5 4.5 1 -0.0591872 -0.255405 
0.5 2.5 2 1 0.15573 -0.376195 
0.5 4.5 2 1 0.0529283 -0.385283 
0.5 4.5 4.5 1 0.0448273 -0.248459 
0.5 2.5 4.5 1 0.145547 -0.241733 
