0 0 0 1 0.285048 -0.412769 
0 0 6.5 1 0.258057 -0.0584688 
10 0 0 1 0.420064 -0.665559 
10 0 6.5 1 0.349024 0.0730308 
10 10 0 1 -0.626093 -0.619873 
10 10 6.5 1 -0.572107 0.0132607 
0 10 0 1 -0.236874 -0.409177 
0 10 6.5 1 -0.230921 -0.0810093 
0 5 10 1 -0.000234622 0.0964785 
10 5 10 1 -0.14462 0.345261 
0 6 0 1 -0.0381594 -0.410545 
0 8 0 1 -0.139086 -0.40985 
0 8 5 1 -0.138967 -0.150023 
0 6 5 1 -0.0428518 -0.146712 
0 2 2.5 1 0.165913 -0.272458 
0 4 2.5 1 0.0610327 -0.273955 
0 4 5 1 0.056248 -0.143299 
0 2 5 1 0.158473 -0.139778 
0.5 0.5 -0.5 1 0.261473 -0.448593 
0.5 0.5 6 1 0.235315 -0.0825186 
10.5 0.5 -0.5 1 0.376443 -0.760653 
10.5 0.5 6 1 0.307407 0.0309434 
10.5 10.5 -0.5 1 -0.717918 -0.697256 
10.5 10.5 6 1 -0.650813 -0.0256281 
0.5 10.5 -0.5 1 -0.272234 -0.442048 
0.5 10.5 6 1 -0.263985 -0.103811 
0.5 5.5 9.5 1 -0.0277556 0.0779542 
10.5 5.5 9.5 1 -0.203898 0.321661 
0.5 6.5 -0.5 1 -0.0693104 -0.444536 
0.5 8.5 -0.5 1 -0.172418 -0.443272 
0.5 8.5 4.5 1 -0.17069 -0.175254 
0.5 6.5 4.5 1 -0.0725996 -0.172254 
0.5 2.5 2 1 0.140095 -0.302935 
0.5 4.5 2 1 0.0328251 -0.303975 
0.5 4.5 4.5 1 0.0286163 -0.169158 
0.5 2.5 4.5 1 0.133109 -0.165962 
