-0.26933 0.0306197 -0.286354 0.308876 
0.127337 0.0441195 0.132151 0.304646 
0.306042 -0.048892 0.329294 0.37142 
-0.332176 -0.0816606 -0.367556 0.386869 
-0.26933 0.0306197 0.127337 0.0441195 
0.127337 0.0441195 0.306042 -0.048892 
0.306042 -0.048892 -0.332176 -0.0816606 
-0.332176 -0.0816606 -0.26933 0.0306197 
-0.286354 0.308876 -0.330093 0.546787 
-0.330093 0.546787 -0.367556 0.386869 
0.132151 0.304646 0.212931 0.521024 
0.212931 0.521024 0.329294 0.37142 
-0.330093 0.546787 0.212931 0.521024 
-0.286354 0.308876 0.132151 0.304646 
-0.367556 0.386869 0.329294 0.37142 
-0.29917 -0.0226918 -0.313751 -0.0487419 
-0.313751 -0.0487419 -0.335906 0.262244 
-0.335906 0.262244 -0.318059 0.255488 
-0.318059 0.255488 -0.29917 -0.0226918 
-0.284634 0.128179 -0.295346 0.121133 
-0.295346 0.121133 -0.303756 0.250074 
-0.303756 0.250074 -0.292036 0.245638 
-0.292036 0.245638 -0.284634 0.128179 
