0.241862 -0.49068 0.228014 -0.160317 
0.701547 -0.753885 0.625788 -0.126637 
-0.297813 -0.918726 -0.254339 -0.103608 
-0.278662 -0.529245 -0.258501 -0.153315 
0.241862 -0.49068 0.701547 -0.753885 
0.701547 -0.753885 -0.297813 -0.918726 
-0.297813 -0.918726 -0.278662 -0.529245 
-0.278662 -0.529245 0.241862 -0.49068 
0.228014 -0.160317 9.0744e-05 0.0141473 
9.0744e-05 0.0141473 -0.258501 -0.153315 
0.625788 -0.126637 0.22303 0.197488 
0.22303 0.197488 -0.254339 -0.103608 
9.0744e-05 0.0141473 0.22303 0.197488 
0.228014 -0.160317 0.625788 -0.126637 
-0.258501 -0.153315 -0.254339 -0.103608 
-0.0539467 -0.512596 -0.163255 -0.520694 
-0.163255 -0.520694 -0.153947 -0.234858 
-0.153947 -0.234858 -0.0504553 -0.234341 
-0.0504553 -0.234341 -0.0539467 -0.512596 
0.144874 -0.362206 0.0488308 -0.365919 
0.0488308 -0.365919 0.0479733 -0.233849 
0.0479733 -0.233849 0.141701 -0.23338 
0.141701 -0.23338 0.144874 -0.362206 
