0.0859549 -0.0708612 0.072848 0.187675 
0.513276 -0.123707 0.519182 0.225828 
0.27803 -0.338766 0.265812 0.235471 
-0.239314 -0.186678 -0.277126 0.177103 
0.0859549 -0.0708612 0.513276 -0.123707 
0.513276 -0.123707 0.27803 -0.338766 
0.27803 -0.338766 -0.239314 -0.186678 
-0.239314 -0.186678 0.0859549 -0.0708612 
0.072848 0.187675 -0.0836862 0.358444 
-0.0836862 0.358444 -0.277126 0.177103 
0.519182 0.225828 0.426096 0.489606 
0.426096 0.489606 0.265812 0.235471 
-0.0836862 0.358444 0.426096 0.489606 
0.072848 0.187675 0.519182 0.225828 
-0.277126 0.177103 0.265812 0.235471 
-0.0817477 -0.130574 -0.154569 -0.156503 
-0.154569 -0.156503 -0.177542 0.099087 
-0.177542 0.099087 -0.100282 0.107337 
-0.100282 0.107337 -0.0817477 -0.130574 
0.0309258 0.014486 -0.0258872 0.00127396 
-0.0258872 0.00127396 -0.0335368 0.114464 
-0.0335368 0.114464 0.0247033 0.120683 
0.0247033 0.120683 0.0309258 0.014486 
