0 0 0 1 -0.379976 -0.398964 
0 0 6.5 1 -0.400034 -0.0871577 
10 0 0 1 0.0408449 -0.308458 
10 0 6.5 1 0.0166225 -0.0520275 
10 10 0 1 0.330563 -0.412661 
10 10 6.5 1 0.285423 -0.0169675 
0 10 0 1 -0.29825 -0.609966 
0 10 6.5 1 -0.335882 -0.0649063 
0 5 10 1 -0.389989 0.125649 
10 5 10 1 0.106237 0.123801 
0 6 0 1 -0.342266 -0.496323 
0 8 0 1 -0.323131 -0.545726 
0 8 5 1 -0.347983 -0.178224 
0 6 5 1 -0.363879 -0.171421 
0 2 2.5 1 -0.378406 -0.292221 
0 4 2.5 1 -0.367093 -0.310078 
0 4 5 1 -0.376551 -0.165998 
0 2 5 1 -0.386889 -0.161574 
0.5 0.5 -0.5 1 -0.350171 -0.42434 
0.5 0.5 6 1 -0.371138 -0.108106 
10.5 0.5 -0.5 1 0.0697527 -0.328389 
10.5 0.5 6 1 0.0447536 -0.0689692 
10.5 10.5 -0.5 1 0.380241 -0.445363 
10.5 10.5 6 1 0.332989 -0.0425082 
0.5 10.5 -0.5 1 -0.243732 -0.659552 
0.5 10.5 6 1 -0.284275 -0.100838 
0.5 5.5 9.5 1 -0.353695 0.102749 
10.5 5.5 9.5 1 0.141048 0.105657 
0.5 6.5 -0.5 1 -0.301311 -0.532311 
0.5 8.5 -0.5 1 -0.276354 -0.587464 
0.5 8.5 4.5 1 -0.302892 -0.211923 
0.5 6.5 4.5 1 -0.324229 -0.201138 
0.5 2.5 2 1 -0.346053 -0.318281 
0.5 4.5 2 1 -0.331203 -0.339119 
0.5 4.5 4.5 1 -0.341174 -0.192575 
0.5 2.5 4.5 1 -0.354954 -0.185609 
