0 0 0 1 -0.244991 0.0318714 
0 0 6.5 1 -0.250972 0.305385 
10 0 0 1 0.150287 0.0290499 
10 0 6.5 1 0.164639 0.289873 
10 10 0 1 0.309711 -0.0736937 
10 10 6.5 1 0.346897 0.349842 
0 10 0 1 -0.33115 -0.0767808 
0 10 6.5 1 -0.349225 0.381316 
0 5 10 1 -0.293016 0.537577 
10 5 10 1 0.24614 0.503792 
0 6 0 1 -0.285997 -0.0198398 
0 8 0 1 -0.30597 -0.0450273 
0 8 5 1 -0.316408 0.259825 
0 6 5 1 -0.294226 0.253155 
0 2 2.5 1 -0.258984 0.128059 
0 4 2.5 1 -0.273006 0.121294 
0 4 5 1 -0.276403 0.247795 
0 2 5 1 -0.261768 0.243394 
0.5 0.5 -0.5 1 -0.226242 0.00813588 
0.5 0.5 6 1 -0.231298 0.284332 
10.5 0.5 -0.5 1 0.1734 0.00632724 
10.5 0.5 6 1 0.189139 0.269585 
10.5 10.5 -0.5 1 0.350521 -0.112665 
10.5 10.5 6 1 0.392076 0.317302 
0.5 10.5 -0.5 1 -0.301876 -0.118829 
0.5 10.5 6 1 -0.317673 0.346821 
0.5 5.5 9.5 1 -0.267936 0.514307 
10.5 5.5 9.5 1 0.279365 0.48132 
0.5 6.5 -0.5 1 -0.262069 -0.0520058 
0.5 8.5 -0.5 1 -0.279631 -0.0814866 
0.5 8.5 4.5 1 -0.288673 0.227667 
0.5 6.5 4.5 1 -0.269148 0.224439 
0.5 2.5 2 1 -0.238372 0.103164 
0.5 4.5 2 1 -0.25062 0.0938577 
0.5 4.5 4.5 1 -0.253524 0.221856 
0.5 2.5 4.5 1 -0.240739 0.219743 
