-0.484057 -0.501454 -0.46478 -0.145923 
-0.0262413 -0.418511 -0.0333545 -0.144922 
0.311595 -0.523469 0.276953 -0.112136 
-0.325797 -0.727799 -0.309673 -0.0981619 
-0.484057 -0.501454 -0.0262413 -0.418511 
-0.0262413 -0.418511 0.311595 -0.523469 
0.311595 -0.523469 -0.325797 -0.727799 
-0.325797 -0.727799 -0.484057 -0.501454 
-0.46478 -0.145923 -0.397953 0.088198 
-0.397953 0.088198 -0.309673 -0.0981619 
-0.0333545 -0.144922 0.0839764 0.0300184 
0.0839764 0.0300184 0.276953 -0.112136 
-0.397953 0.088198 0.0839764 0.0300184 
-0.46478 -0.145923 -0.0333545 -0.144922 
-0.309673 -0.0981619 0.276953 -0.112136 
-0.411833 -0.60475 -0.374664 -0.657909 
-0.374664 -0.657909 -0.359997 -0.229146 
-0.359997 -0.229146 -0.396405 -0.227427 
-0.396405 -0.227427 -0.411833 -0.60475 
-0.456726 -0.372957 -0.433035 -0.389462 
-0.433035 -0.389462 -0.425481 -0.226054 
-0.425481 -0.226054 -0.449238 -0.224932 
-0.449238 -0.224932 -0.456726 -0.372957 
