0.323671 -0.490787 0.355964 0.01573 
-0.331861 -0.352331 -0.285549 0.0493329 
-0.0827848 -0.262983 -0.058231 -0.00892381 
0.330851 -0.329327 0.34956 -0.0369919 
0.323671 -0.490787 -0.331861 -0.352331 
-0.331861 -0.352331 -0.0827848 -0.262983 
-0.0827848 -0.262983 0.330851 -0.329327 
0.330851 -0.329327 0.323671 -0.490787 
0.355964 0.01573 0.364124 0.173392 
0.364124 0.173392 0.34956 -0.0369919 
-0.285549 0.0493329 -0.129911 0.175166 
-0.129911 0.175166 -0.058231 -0.00892381 
0.364124 0.173392 -0.129911 0.175166 
0.355964 0.01573 -0.285549 0.0493329 
0.34956 -0.0369919 -0.058231 -0.00892381 
0.328862 -0.374053 0.329949 -0.349611 
0.329949 -0.349611 0.345752 -0.102552 
0.345752 -0.102552 0.346274 -0.101692 
0.346274 -0.101692 0.328862 -0.374053 
0.336925 -0.268294 0.337334 -0.250559 
0.337334 -0.250559 0.346912 -0.10064 
0.346912 -0.10064 0.34771 -0.0993244 
0.34771 -0.0993244 0.336925 -0.268294 
