0.282447 -0.584898 0.274925 -0.162473 
-0.39618 -0.739112 -0.337373 -0.126217 
-0.483918 -0.486664 -0.444422 -0.144598 
-0.0271305 -0.438421 -0.0172497 -0.165092 
0.282447 -0.584898 -0.39618 -0.739112 
-0.39618 -0.739112 -0.483918 -0.486664 
-0.483918 -0.486664 -0.0271305 -0.438421 
-0.0271305 -0.438421 0.282447 -0.584898 
0.274925 -0.162473 0.101697 -0.000732089 
0.101697 -0.000732089 -0.0172497 -0.165092 
-0.337373 -0.126217 -0.38226 0.0722521 
-0.38226 0.0722521 -0.444422 -0.144598 
0.101697 -0.000732089 -0.38226 0.0722521 
0.274925 -0.162473 -0.337373 -0.126217 
-0.0172497 -0.165092 -0.444422 -0.144598 
0.0661342 -0.482549 0.0159566 -0.458808 
0.0159566 -0.458808 0.0224756 -0.229864 
0.0224756 -0.229864 0.0709958 -0.234556 
0.0709958 -0.234556 0.0661342 -0.482549 
0.195676 -0.391397 0.126589 -0.372048 
0.126589 -0.372048 0.127808 -0.24005 
0.127808 -0.24005 0.195236 -0.246571 
0.195236 -0.246571 0.195676 -0.391397 
