-0.57357 -0.324722 -0.653716 0.213095 
-0.206987 -0.128157 -0.239733 0.171829 
0.26581 -0.114935 0.244794 0.226975 
0.271954 -0.350753 0.228976 0.338795 
-0.57357 -0.324722 -0.206987 -0.128157 
-0.206987 -0.128157 0.26581 -0.114935 
0.26581 -0.114935 0.271954 -0.350753 
0.271954 -0.350753 -0.57357 -0.324722 
-0.653716 0.213095 -0.307144 0.625675 
-0.307144 0.625675 0.228976 0.338795 
-0.239733 0.171829 -0.0288185 0.378364 
-0.0288185 0.378364 0.244794 0.226975 
-0.307144 0.625675 -0.0288185 0.378364 
-0.653716 0.213095 -0.239733 0.171829 
0.228976 0.338795 0.244794 0.226975 
-0.115147 -0.338835 0.068605 -0.344492 
0.068605 -0.344492 0.0274595 0.14993 
0.0274595 0.14993 -0.163093 0.130885 
-0.163093 0.130885 -0.115147 -0.338835 
-0.462351 -0.120073 -0.308063 -0.115043 
-0.308063 -0.115043 -0.335321 0.113671 
-0.335321 0.113671 -0.491745 0.098037 
-0.491745 0.098037 -0.462351 -0.120073 
