0 0 0 1 0.296021 -0.314555 
0 0 6.5 1 0.25662 0.0358605 
10 0 0 1 0.270768 -0.607044 
10 0 6.5 1 0.192404 0.115785 
10 10 0 1 -0.598344 -0.547278 
10 10 6.5 1 -0.624738 -0.00192121 
0 10 0 1 -0.189273 -0.322274 
0 10 6.5 1 -0.212907 -0.0195855 
0 5 10 1 -0.0112234 0.174898 
10 5 10 1 -0.295719 0.361832 
0 6 0 1 -0.0123837 -0.319461 
0 8 0 1 -0.10337 -0.320908 
0 8 5 1 -0.123617 -0.0803291 
0 6 5 1 -0.0348114 -0.0719142 
0 2 2.5 1 0.172869 -0.183678 
0 4 2.5 1 0.0716174 -0.189301 
0 4 5 1 0.0593108 -0.0629956 
0 2 5 1 0.159242 -0.0535265 
0.5 0.5 -0.5 1 0.269799 -0.3504 
0.5 0.5 6 1 0.230288 0.00779945 
10.5 0.5 -0.5 1 0.214081 -0.69555 
10.5 0.5 6 1 0.135499 0.06115 
10.5 10.5 -0.5 1 -0.667766 -0.610892 
10.5 10.5 6 1 -0.692248 -0.046486 
0.5 10.5 -0.5 1 -0.220153 -0.35316 
0.5 10.5 6 1 -0.243515 -0.0446836 
0.5 5.5 9.5 1 -0.0400908 0.151749 
10.5 5.5 9.5 1 -0.3599 0.324431 
0.5 6.5 -0.5 1 -0.0418848 -0.352156 
0.5 8.5 -0.5 1 -0.133626 -0.352673 
0.5 8.5 4.5 1 -0.153703 -0.10734 
0.5 6.5 4.5 1 -0.0641904 -0.0995733 
0.5 2.5 2 1 0.145353 -0.215515 
0.5 4.5 2 1 0.0430535 -0.220264 
0.5 4.5 4.5 1 0.030781 -0.0913327 
0.5 2.5 4.5 1 0.131726 -0.0825737 
