-0.149915 -0.348457 -0.125053 -0.0869052 
0.264552 -0.401796 0.278123 -0.118045 
0.325456 -0.600139 0.345186 -0.107832 
-0.364349 -0.487883 -0.313929 -0.0587306 
-0.149915 -0.348457 0.264552 -0.401796 
0.264552 -0.401796 0.325456 -0.600139 
0.325456 -0.600139 -0.364349 -0.487883 
-0.364349 -0.487883 -0.149915 -0.348457 
-0.125053 -0.0869052 -0.18014 0.0892139 
-0.18014 0.0892139 -0.313929 -0.0587306 
0.278123 -0.118045 0.311175 0.0678544 
0.311175 0.0678544 0.345186 -0.107832 
-0.18014 0.0892139 0.311175 0.0678544 
-0.125053 -0.0869052 0.278123 -0.118045 
-0.313929 -0.0587306 0.345186 -0.107832 
-0.25215 -0.414931 -0.301829 -0.447232 
-0.301829 -0.447232 -0.26902 -0.151714 
-0.26902 -0.151714 -0.22409 -0.149819 
-0.22409 -0.149819 -0.25215 -0.414931 
-0.167272 -0.255524 -0.199346 -0.266806 
-0.199346 -0.266806 -0.187303 -0.148267 
-0.187303 -0.148267 -0.156628 -0.146974 
-0.156628 -0.146974 -0.167272 -0.255524 
