0.252035 -0.488751 0.266211 -0.0888736 
-0.383154 -0.615336 -0.313324 -0.0134392 
-0.518173 -0.386568 -0.471198 -0.0443726 
-0.0650757 -0.354498 -0.0443417 -0.0886213 
0.252035 -0.488751 -0.383154 -0.615336 
-0.383154 -0.615336 -0.518173 -0.386568 
-0.518173 -0.386568 -0.0650757 -0.354498 
-0.0650757 -0.354498 0.252035 -0.488751 
0.266211 -0.0888736 0.0907934 0.0724134 
0.0907934 0.0724134 -0.0443417 -0.0886213 
-0.313324 -0.0134392 -0.385056 0.182072 
-0.385056 0.182072 -0.471198 -0.0443726 
0.0907934 0.0724134 -0.385056 0.182072 
0.266211 -0.0888736 -0.313324 -0.0134392 
-0.0443417 -0.0886213 -0.471198 -0.0443726 
0.0323196 -0.395732 -0.019876 -0.373634 
-0.019876 -0.373634 -0.00399254 -0.152505 
-0.00399254 -0.152505 0.0477584 -0.157333 
0.0477584 -0.157333 0.0323196 -0.395732 
0.172138 -0.308154 0.10071 -0.290013 
0.10071 -0.290013 0.107897 -0.162944 
0.107897 -0.162944 0.178642 -0.169545 
0.178642 -0.169545 0.172138 -0.308154 
