0.298469 -0.602427 0.281178 -0.173823 
-0.391166 -0.763661 -0.341875 -0.152853 
-0.461835 -0.509154 -0.428781 -0.169406 
-0.00658781 -0.454986 -0.00257154 -0.180184 
0.298469 -0.602427 -0.391166 -0.763661 
-0.391166 -0.763661 -0.461835 -0.509154 
-0.461835 -0.509154 -0.00658781 -0.454986 
-0.00658781 -0.454986 0.298469 -0.602427 
0.281178 -0.173823 0.108914 -0.01369 
0.108914 -0.01369 -0.00257154 -0.180184 
-0.341875 -0.152853 -0.377842 0.0446631 
-0.377842 0.0446631 -0.428781 -0.169406 
0.108914 -0.01369 -0.377842 0.0446631 
0.281178 -0.173823 -0.341875 -0.152853 
-0.00257154 -0.180184 -0.428781 -0.169406 
0.0846807 -0.499099 0.0355097 -0.475333 
0.0355097 -0.475333 0.0370906 -0.24472 
0.0370906 -0.24472 0.0841462 -0.248911 
0.0841462 -0.248911 0.0846807 -0.499099 
0.20891 -0.406156 0.141094 -0.387054 
0.141094 -0.387054 0.139405 -0.253832 
0.139405 -0.253832 0.205219 -0.259694 
0.205219 -0.259694 0.20891 -0.406156 
