0.297819 -0.34596 0.25849 0.00618248 
0.31917 -0.621569 0.238111 0.111086 
-0.60866 -0.575716 -0.61295 -0.00286124 
-0.200057 -0.355235 -0.216985 -0.0446692 
0.297819 -0.34596 0.31917 -0.621569 
0.31917 -0.621569 -0.60866 -0.575716 
-0.60866 -0.575716 -0.200057 -0.355235 
-0.200057 -0.355235 0.297819 -0.34596 
0.25849 0.00618248 -0.0078964 0.146726 
-0.0078964 0.146726 -0.216985 -0.0446692 
0.238111 0.111086 -0.25469 0.356717 
-0.25469 0.356717 -0.61295 -0.00286124 
-0.0078964 0.146726 -0.25469 0.356717 
0.25849 0.00618248 0.238111 0.111086 
-0.216985 -0.0446692 -0.61295 -0.00286124 
-0.0164168 -0.351814 -0.11056 -0.353567 
-0.11056 -0.353567 -0.126544 -0.106817 
-0.126544 -0.106817 -0.0355334 -0.0988938 
-0.0355334 -0.0988938 -0.0164168 -0.351814 
0.173956 -0.212838 0.0712943 -0.218305 
0.0712943 -0.218305 0.0601842 -0.090561 
0.0601842 -0.090561 0.160984 -0.0817857 
0.160984 -0.0817857 0.173956 -0.212838 
