0 0 0 1 0.0853099 -0.246426 
0 0 6.5 1 0.0900601 0.423903 
10 0 0 1 -0.247236 -0.0508327 
10 0 6.5 1 -0.269503 0.314657 
10 10 0 1 0.15879 0.00927695 
10 10 6.5 1 0.164866 0.291813 
0 10 0 1 0.591138 -0.0880512 
0 10 6.5 1 0.639327 0.347407 
0 5 10 1 0.450924 0.712188 
10 5 10 1 -0.0259193 0.490943 
0 6 0 1 0.436746 -0.136392 
0 8 0 1 0.519592 -0.110452 
0 8 5 1 0.553566 0.241888 
0 6 5 1 0.467083 0.243924 
0 2 2.5 1 0.232255 0.0129385 
0 4 2.5 1 0.351578 0.0312478 
0 4 5 1 0.36449 0.24634 
0 2 5 1 0.240824 0.249252 
0.5 0.5 -0.5 1 0.0929199 -0.260892 
0.5 0.5 6 1 0.0982903 0.35446 
10.5 0.5 -0.5 1 -0.229491 -0.067008 
10.5 0.5 6 1 -0.249534 0.281583 
10.5 10.5 -0.5 1 0.159899 -0.00528936 
10.5 10.5 6 1 0.165834 0.267055 
0.5 10.5 -0.5 1 0.572365 -0.105304 
0.5 10.5 6 1 0.616491 0.306362 
0.5 5.5 9.5 1 0.433992 0.6354 
10.5 5.5 9.5 1 -0.0173816 0.454295 
0.5 6.5 -0.5 1 0.423556 -0.153595 
0.5 8.5 -0.5 1 0.503131 -0.127772 
0.5 8.5 4.5 1 0.534138 0.204342 
0.5 6.5 4.5 1 0.451144 0.203247 
0.5 2.5 2 1 0.229707 -0.0180841 
0.5 4.5 2 1 0.341966 0.00170949 
0.5 4.5 4.5 1 0.353671 0.201961 
0.5 2.5 4.5 1 0.237568 0.200429 
