0 0 0 1 -0.0756875 -0.409347 
0 0 6.5 1 -0.0683061 -0.140661 
10 0 0 1 0.359271 -0.44546 
10 0 6.5 1 0.343085 -0.138767 
10 10 0 1 0.38317 -0.631603 
10 10 6.5 1 0.35335 -0.0921541 
0 10 0 1 -0.325897 -0.535685 
0 10 6.5 1 -0.294735 -0.103772 
0 5 10 1 -0.149123 0.0358989 
10 5 10 1 0.336771 0.0668649 
0 6 0 1 -0.196013 -0.470103 
0 8 0 1 -0.253799 -0.499281 
0 8 5 1 -0.235887 -0.198167 
0 6 5 1 -0.182663 -0.198839 
0 2 2.5 1 -0.105272 -0.310637 
0 4 2.5 1 -0.143521 -0.319927 
0 4 5 1 -0.138613 -0.199395 
0 2 5 1 -0.101554 -0.199864 
0.5 0.5 -0.5 1 -0.0646415 -0.437405 
0.5 0.5 6 1 -0.057614 -0.15957 
10.5 0.5 -0.5 1 0.387027 -0.478889 
10.5 0.5 6 1 0.368695 -0.160228 
10.5 10.5 -0.5 1 0.435314 -0.704361 
10.5 10.5 6 1 0.398507 -0.126856 
0.5 10.5 -0.5 1 -0.320159 -0.588287 
0.5 10.5 6 1 -0.288039 -0.132277 
0.5 5.5 9.5 1 -0.139164 0.0194345 
10.5 5.5 9.5 1 0.367801 0.048856 
0.5 6.5 -0.5 1 -0.186315 -0.509253 
0.5 8.5 -0.5 1 -0.245538 -0.544223 
0.5 8.5 4.5 1 -0.227352 -0.227999 
0.5 6.5 4.5 1 -0.172963 -0.225778 
0.5 2.5 2 1 -0.0944961 -0.337253 
0.5 4.5 2 1 -0.133101 -0.349298 
0.5 4.5 4.5 1 -0.12827 -0.223952 
0.5 2.5 4.5 1 -0.0908932 -0.222425 
