0 0 0 1 0.371961 -0.589574 
0 0 6.5 1 0.330706 -0.00515134 
10 0 0 1 -0.290776 -0.471651 
10 0 6.5 1 -0.270203 -0.0635754 
10 10 0 1 0.0168016 -0.376906 
10 10 6.5 1 0.0150399 -0.108959 
0 10 0 1 0.467266 -0.419303 
0 10 6.5 1 0.436991 -0.0852511 
0 5 10 1 0.38071 0.146834 
10 5 10 1 -0.0966704 0.0677117 
0 6 0 1 0.441274 -0.465739 
0 8 0 1 0.455516 -0.440294 
0 8 5 1 0.430366 -0.15479 
0 6 5 1 0.414444 -0.150235 
0 2 2.5 1 0.385402 -0.329882 
0 4 2.5 1 0.40884 -0.315034 
0 4 5 1 0.394989 -0.144668 
0 2 5 1 0.370677 -0.137712 
0.5 0.5 -0.5 1 0.337751 -0.614846 
0.5 0.5 6 1 0.301794 -0.0539573 
10.5 0.5 -0.5 1 -0.291688 -0.493468 
10.5 0.5 6 1 -0.271713 -0.0969638 
10.5 10.5 -0.5 1 0.00914965 -0.393449 
10.5 10.5 6 1 0.00780378 -0.130525 
0.5 10.5 -0.5 1 0.444876 -0.438694 
0.5 10.5 6 1 0.416772 -0.112424 
0.5 5.5 9.5 1 0.358251 0.106745 
10.5 5.5 9.5 1 -0.102226 0.0383057 
0.5 6.5 -0.5 1 0.415192 -0.487505 
0.5 8.5 -0.5 1 0.431413 -0.460832 
0.5 8.5 4.5 1 0.408249 -0.18272 
0.5 6.5 4.5 1 0.390706 -0.181011 
0.5 2.5 2 1 0.35612 -0.361926 
0.5 4.5 2 1 0.381922 -0.344091 
0.5 4.5 4.5 1 0.36941 -0.178936 
0.5 2.5 4.5 1 0.343013 -0.176365 
