0 0 0 1 -0.345611 -0.272931 
0 0 6.5 1 -0.376909 0.0186637 
10 0 0 1 0.0592441 -0.194909 
10 0 6.5 1 0.0345505 0.0544355 
10 10 0 1 0.318225 -0.291423 
10 10 6.5 1 0.281763 0.0964133 
0 10 0 1 -0.300844 -0.453513 
0 10 6.5 1 -0.354327 0.0471588 
0 5 10 1 -0.390124 0.229851 
10 5 10 1 0.115162 0.235827 
0 6 0 1 -0.324731 -0.357157 
0 8 0 1 -0.314284 -0.3993 
0 8 5 1 -0.350243 -0.0631552 
0 6 5 1 -0.356726 -0.0584043 
0 2 2.5 1 -0.352994 -0.174002 
0 4 2.5 1 -0.347455 -0.189397 
0 4 5 1 -0.361903 -0.0546103 
0 2 5 1 -0.366133 -0.0515107 
0.5 0.5 -0.5 1 -0.317893 -0.296204 
0.5 0.5 6 1 -0.349406 -0.00121451 
10.5 0.5 -0.5 1 0.0870462 -0.213959 
10.5 0.5 6 1 0.0622384 0.0378635 
10.5 10.5 -0.5 1 0.365839 -0.322748 
10.5 10.5 6 1 0.329164 0.0711164 
0.5 10.5 -0.5 1 -0.251933 -0.497562 
0.5 10.5 6 1 -0.306038 0.0132006 
0.5 5.5 9.5 1 -0.355266 0.207771 
10.5 5.5 9.5 1 0.150102 0.217819 
0.5 6.5 -0.5 1 -0.287271 -0.389686 
0.5 8.5 -0.5 1 -0.271855 -0.436744 
0.5 8.5 4.5 1 -0.308181 -0.0947022 
0.5 6.5 4.5 1 -0.319556 -0.0862838 
0.5 2.5 2 1 -0.322741 -0.19818 
0.5 4.5 2 1 -0.31404 -0.216262 
0.5 4.5 4.5 1 -0.328607 -0.0795858 
0.5 2.5 4.5 1 -0.335979 -0.0741297 
