-0.393087 -0.428638 -0.408401 -0.109668 
0.0335511 -0.336307 0.010636 -0.0769145 
0.331915 -0.442104 0.285956 -0.0428675 
-0.300563 -0.646719 -0.331643 -0.0864141 
-0.393087 -0.428638 0.0335511 -0.336307 
0.0335511 -0.336307 0.331915 -0.442104 
0.331915 -0.442104 -0.300563 -0.646719 
-0.300563 -0.646719 -0.393087 -0.428638 
-0.408401 -0.109668 -0.39068 0.105411 
-0.39068 0.105411 -0.331643 -0.0864141 
0.010636 -0.0769145 0.103707 0.0983859 
0.103707 0.0983859 0.285956 -0.0428675 
-0.39068 0.105411 0.103707 0.0983859 
-0.408401 -0.109668 0.010636 -0.0769145 
-0.331643 -0.0864141 0.285956 -0.0428675 
-0.350521 -0.528966 -0.32884 -0.58007 
-0.32884 -0.58007 -0.34897 -0.201831 
-0.34897 -0.201831 -0.367711 -0.195055 
-0.367711 -0.195055 -0.350521 -0.528966 
-0.388287 -0.318789 -0.375264 -0.337007 
-0.375264 -0.337007 -0.382644 -0.189655 
-0.382644 -0.189655 -0.394824 -0.18525 
-0.394824 -0.18525 -0.388287 -0.318789 
