-0.407652 -0.454066 -0.417592 -0.127708 
0.025078 -0.360898 0.00400041 -0.0984065 
0.331793 -0.467805 0.285873 -0.0649974 
-0.304108 -0.677854 -0.327791 -0.102175 
-0.407652 -0.454066 0.025078 -0.360898 
0.025078 -0.360898 0.331793 -0.467805 
0.331793 -0.467805 -0.304108 -0.677854 
-0.304108 -0.677854 -0.407652 -0.454066 
-0.417592 -0.127708 -0.391751 0.090246 
-0.391751 0.090246 -0.327791 -0.102175 
0.00400041 -0.0984065 0.100877 0.076673 
0.100877 0.076673 0.285873 -0.0649974 
-0.391751 0.090246 0.100877 0.076673 
-0.417592 -0.127708 0.00400041 -0.0984065 
-0.327791 -0.102175 0.285873 -0.0649974 
-0.360144 -0.556744 -0.335862 -0.609225 
-0.335862 -0.609225 -0.350617 -0.220104 
-0.350617 -0.220104 -0.372298 -0.213661 
-0.372298 -0.213661 -0.360144 -0.556744 
-0.399315 -0.340851 -0.384533 -0.359228 
-0.384533 -0.359228 -0.389571 -0.208527 
-0.389571 -0.208527 -0.403658 -0.204341 
-0.403658 -0.204341 -0.399315 -0.340851 
