0 0 0 1 -0.606639 -0.220822 
0 0 6.5 1 -0.567726 0.179028 
10 0 0 1 -0.151365 -0.172951 
10 0 6.5 1 -0.124536 0.0963638 
10 10 0 1 0.233395 -0.278915 
10 10 6.5 1 0.270309 0.0842773 
0 10 0 1 -0.203098 -0.439811 
0 10 6.5 1 -0.138543 0.209046 
0 5 10 1 -0.37795 0.457927 
10 5 10 1 0.0603064 0.258163 
0 6 0 1 -0.412785 -0.326021 
0 8 0 1 -0.319549 -0.376617 
0 8 5 1 -0.2757 0.0669219 
0 6 5 1 -0.373505 0.0733187 
0 2 2.5 1 -0.536525 -0.0837125 
0 4 2.5 1 -0.471348 -0.10319 
0 4 5 1 -0.453546 0.0785538 
0 2 5 1 -0.52026 0.0829171 
0.5 0.5 -0.5 1 -0.56363 -0.254539 
0.5 0.5 6 1 -0.524831 0.143179 
10.5 0.5 -0.5 1 -0.123918 -0.195875 
10.5 0.5 6 1 -0.0971453 0.0724713 
10.5 10.5 -0.5 1 0.268565 -0.309298 
10.5 10.5 6 1 0.30537 0.0521347 
0.5 10.5 -0.5 1 -0.136901 -0.492518 
0.5 10.5 6 1 -0.0726675 0.150744 
0.5 5.5 9.5 1 -0.326053 0.411761 
10.5 5.5 9.5 1 0.0910408 0.230062 
0.5 6.5 -0.5 1 -0.358295 -0.36905 
0.5 8.5 -0.5 1 -0.259763 -0.424 
0.5 8.5 4.5 1 -0.216105 0.0161366 
0.5 6.5 4.5 1 -0.319168 0.0275293 
0.5 2.5 2 1 -0.490314 -0.121012 
0.5 4.5 2 1 -0.421366 -0.143734 
0.5 4.5 4.5 1 -0.403627 0.0368654 
0.5 2.5 4.5 1 -0.474101 0.0446557 
