0 0 0 1 0.278395 -0.227765 
0 0 6.5 1 0.250489 0.119119 
10 0 0 1 0.137514 -0.540956 
10 0 6.5 1 0.0759865 0.138071 
10 10 0 1 -0.57835 -0.430172 
10 10 6.5 1 -0.642159 0.0477023 
0 10 0 1 -0.17334 -0.216319 
0 10 6.5 1 -0.204033 0.0691854 
0 5 10 1 -0.0154448 0.265304 
10 5 10 1 -0.383552 0.403129 
0 6 0 1 -0.012987 -0.220382 
0 8 0 1 -0.0960634 -0.218277 
0 8 5 1 -0.119391 0.00846924 
0 6 5 1 -0.0360281 0.014963 
0 2 2.5 1 0.162426 -0.0987406 
0 4 2.5 1 0.0653309 -0.101232 
0 4 5 1 0.0539298 0.0219706 
0 2 5 1 0.151298 0.0295555 
0.5 0.5 -0.5 1 0.249174 -0.261635 
0.5 0.5 6 1 0.220298 0.0889405 
10.5 0.5 -0.5 1 0.0762227 -0.61569 
10.5 0.5 6 1 0.0105026 0.0775799 
10.5 10.5 -0.5 1 -0.633785 -0.480755 
10.5 10.5 6 1 -0.700369 0.00413266 
0.5 10.5 -0.5 1 -0.202039 -0.244101 
0.5 10.5 6 1 -0.233548 0.0438993 
0.5 5.5 9.5 1 -0.0460209 0.239509 
10.5 5.5 9.5 1 -0.448067 0.358309 
0.5 6.5 -0.5 1 -0.0420946 -0.250316 
0.5 8.5 -0.5 1 -0.12499 -0.247095 
0.5 8.5 4.5 1 -0.148966 -0.0183033 
0.5 6.5 4.5 1 -0.0658092 -0.012767 
0.5 2.5 2 1 0.132796 -0.129919 
0.5 4.5 2 1 0.0357565 -0.1312 
0.5 4.5 4.5 1 0.0240031 -0.00678765 
0.5 2.5 4.5 1 0.121303 -0.000309766 
