0 0 0 1 -0.563133 -0.381739 
0 0 6.5 1 -0.631217 0.181275 
10 0 0 1 -0.209744 -0.18066 
10 0 6.5 1 -0.242322 0.123734 
10 10 0 1 0.273551 -0.154189 
10 10 6.5 1 0.24342 0.183788 
0 10 0 1 0.341045 -0.372044 
0 10 6.5 1 0.280776 0.317768 
0 5 10 1 -0.257877 0.588424 
10 5 10 1 -0.0293365 0.327826 
0 6 0 1 -0.0643526 -0.376391 
0 8 0 1 0.129834 -0.374309 
0 8 5 1 0.0817642 0.130594 
0 6 5 1 -0.113936 0.107762 
0 2 2.5 1 -0.434835 -0.15824 
0 4 2.5 1 -0.268637 -0.147779 
0 4 5 1 -0.294213 0.0867286 
0 2 5 1 -0.460819 0.0672903 
0.5 0.5 -0.5 1 -0.490829 -0.404417 
0.5 0.5 6 1 -0.555115 0.138786 
10.5 0.5 -0.5 1 -0.17651 -0.196868 
10.5 0.5 6 1 -0.208112 0.101642 
10.5 10.5 -0.5 1 0.300389 -0.172652 
10.5 10.5 6 1 0.27121 0.158086 
0.5 10.5 -0.5 1 0.391676 -0.399884 
0.5 10.5 6 1 0.335166 0.260424 
0.5 5.5 9.5 1 -0.187621 0.5257 
10.5 5.5 9.5 1 0.00261434 0.300422 
0.5 6.5 -0.5 1 -0.00239903 -0.401908 
0.5 8.5 -0.5 1 0.186688 -0.400937 
0.5 8.5 4.5 1 0.141555 0.0833724 
0.5 6.5 4.5 1 -0.0490157 0.0632766 
0.5 2.5 2 1 -0.363848 -0.189784 
0.5 4.5 2 1 -0.201046 -0.180893 
0.5 4.5 4.5 1 -0.225119 0.0447063 
0.5 2.5 4.5 1 -0.388343 0.0274942 
