0.147517 -0.310574 0.132427 0.329442 
-0.241566 -0.117715 -0.275173 0.243188 
0.143953 -0.0307917 0.137643 0.24308 
0.579456 -0.112997 0.602088 0.296203 
0.147517 -0.310574 -0.241566 -0.117715 
-0.241566 -0.117715 0.143953 -0.0307917 
0.143953 -0.0307917 0.579456 -0.112997 
0.579456 -0.112997 0.147517 -0.310574 
0.132427 0.329442 0.430714 0.617466 
0.430714 0.617466 0.602088 0.296203 
-0.275173 0.243188 -0.0485629 0.425661 
-0.0485629 0.425661 0.137643 0.24308 
0.430714 0.617466 -0.0485629 0.425661 
0.132427 0.329442 -0.275173 0.243188 
0.602088 0.296203 0.137643 0.24308 
0.449863 -0.172275 0.519643 -0.140356 
0.519643 -0.140356 0.534539 0.192718 
0.534539 0.192718 0.461487 0.188274 
0.461487 0.188274 0.449863 -0.172275 
0.268261 -0.047685 0.37068 -0.0203674 
0.37068 -0.0203674 0.374197 0.182964 
0.374197 0.182964 0.268057 0.176508 
0.268057 0.176508 0.268261 -0.047685 
