0.236689 -0.4856 0.225258 -0.156901 
0.697094 -0.743227 0.626406 -0.123059 
-0.289615 -0.903561 -0.242909 -0.0915731 
-0.281834 -0.521551 -0.259253 -0.1459 
0.236689 -0.4856 0.697094 -0.743227 
0.697094 -0.743227 -0.289615 -0.903561 
-0.289615 -0.903561 -0.281834 -0.521551 
-0.281834 -0.521551 0.236689 -0.4856 
0.225258 -0.156901 -2.04564e-06 0.0190084 
-2.04564e-06 0.0190084 -0.259253 -0.1459 
0.626406 -0.123059 0.231925 0.202801 
0.231925 0.202801 -0.242909 -0.0915731 
-2.04564e-06 0.0190084 0.231925 0.202801 
0.225258 -0.156901 0.626406 -0.123059 
-0.259253 -0.1459 -0.242909 -0.0915731 
-0.0573356 -0.505986 -0.166415 -0.513549 
-0.166415 -0.513549 -0.155259 -0.228216 
-0.155259 -0.228216 -0.0520122 -0.228476 
-0.0520122 -0.228476 -0.0573356 -0.505986 
0.1414 -0.357245 0.0459511 -0.360347 
0.0459511 -0.360347 0.0459881 -0.228723 
0.0459881 -0.228723 0.139132 -0.228958 
0.139132 -0.228958 0.1414 -0.357245 
