0 0 0 1 -0.175023 -0.41971 
0 0 6.5 1 -0.113372 0.273079 
10 0 0 1 -0.269729 -0.16628 
10 0 6.5 1 -0.24113 0.180316 
10 10 0 1 0.191464 -0.172244 
10 10 6.5 1 0.222956 0.119296 
0 10 0 1 0.594131 -0.361844 
0 10 6.5 1 0.660338 0.141064 
0 5 10 1 0.373015 0.526295 
10 5 10 1 0.0277704 0.322339 
0 6 0 1 0.342085 -0.380806 
0 8 0 1 0.47527 -0.370786 
0 8 5 1 0.526113 0.0357125 
0 6 5 1 0.392854 0.0505355 
0 2 2.5 1 0.0451748 -0.162594 
0 4 2.5 1 0.216625 -0.165315 
0 4 5 1 0.242067 0.0673082 
0 2 5 1 0.0700501 0.0864424 
0.5 0.5 -0.5 1 -0.138955 -0.440389 
0.5 0.5 6 1 -0.0802184 0.20425 
10.5 0.5 -0.5 1 -0.247727 -0.185731 
10.5 0.5 6 1 -0.219722 0.148387 
10.5 10.5 -0.5 1 0.196698 -0.188574 
10.5 10.5 6 1 0.227341 0.0940861 
0.5 10.5 -0.5 1 0.583172 -0.38008 
0.5 10.5 6 1 0.645746 0.096963 
0.5 5.5 9.5 1 0.372906 0.451926 
10.5 5.5 9.5 1 0.0388775 0.288209 
0.5 6.5 -0.5 1 0.343678 -0.400082 
0.5 8.5 -0.5 1 0.469878 -0.389542 
0.5 8.5 4.5 1 0.517914 -0.00495713 
0.5 6.5 4.5 1 0.39164 0.00666667 
0.5 2.5 2 1 0.0655743 -0.19828 
0.5 4.5 2 1 0.225705 -0.19866 
0.5 4.5 4.5 1 0.249744 0.0197285 
0.5 2.5 4.5 1 0.0891356 0.0345128 
