0.178845 -0.352513 0.154084 0.274247 
-0.237354 -0.161539 -0.274671 0.197343 
0.138123 -0.0621419 0.12625 0.207379 
0.575342 -0.137497 0.584926 0.259342 
0.178845 -0.352513 -0.237354 -0.161539 
-0.237354 -0.161539 0.138123 -0.0621419 
0.138123 -0.0621419 0.575342 -0.137497 
0.575342 -0.137497 0.178845 -0.352513 
0.154084 0.274247 0.421383 0.559189 
0.421383 0.559189 0.584926 0.259342 
-0.274671 0.197343 -0.0565754 0.381482 
-0.0565754 0.381482 0.12625 0.207379 
0.421383 0.559189 -0.0565754 0.381482 
0.154084 0.274247 -0.274671 0.197343 
0.584926 0.259342 0.12625 0.207379 
0.457472 -0.201416 0.521054 -0.166936 
0.521054 -0.166936 0.526144 0.157429 
0.526144 0.157429 0.459471 0.15034 
0.459471 0.15034 0.457472 -0.201416 
0.286595 -0.0871117 0.380803 -0.0559762 
0.380803 -0.0559762 0.379548 0.141843 
0.379548 0.141843 0.28199 0.131471 
0.28199 0.131471 0.286595 -0.0871117 
