0 0 0 1 -0.19887 -0.0878186 
0 0 6.5 1 -0.181216 0.169315 
10 0 0 1 0.192844 -0.122955 
10 0 6.5 1 0.220578 0.134364 
10 10 0 1 0.305019 -0.264502 
10 10 6.5 1 0.356206 0.159908 
0 10 0 1 -0.338517 -0.205894 
0 10 6.5 1 -0.314993 0.218032 
0 5 10 1 -0.219827 0.368517 
10 5 10 1 0.291715 0.32507 
0 6 0 1 -0.26556 -0.144207 
0 8 0 1 -0.297894 -0.171546 
0 8 5 1 -0.280908 0.114629 
0 6 5 1 -0.249526 0.112722 
0 2 2.5 1 -0.210268 0.0021186 
0 4 2.5 1 -0.231738 -0.00671029 
0 4 5 1 -0.224089 0.111176 
0 2 5 1 -0.203054 0.109897 
0.5 0.5 -0.5 1 -0.184691 -0.112902 
0.5 0.5 6 1 -0.166341 0.148369 
10.5 0.5 -0.5 1 0.214222 -0.148784 
10.5 0.5 6 1 0.24303 0.112675 
10.5 10.5 -0.5 1 0.344013 -0.311798 
10.5 10.5 6 1 0.398541 0.123972 
0.5 10.5 -0.5 1 -0.319184 -0.251097 
0.5 10.5 6 1 -0.294074 0.184184 
0.5 5.5 9.5 1 -0.201726 0.346477 
10.5 5.5 9.5 1 0.322162 0.301869 
0.5 6.5 -0.5 1 -0.248528 -0.178496 
0.5 8.5 -0.5 1 -0.279735 -0.210562 
0.5 8.5 4.5 1 -0.261752 0.0823098 
0.5 6.5 4.5 1 -0.231655 0.0838203 
0.5 2.5 2 1 -0.194927 -0.0236306 
0.5 4.5 2 1 -0.215397 -0.0351162 
0.5 4.5 4.5 1 -0.207386 0.0850383 
0.5 2.5 4.5 1 -0.187402 0.0860413 
