-0.535767 -0.573044 -0.553094 0.0610934 
-0.219112 -0.337057 -0.238538 -0.0144042 
0.290205 -0.304002 0.252341 0.0328145 
0.491962 -0.528364 0.402053 0.163035 
-0.535767 -0.573044 -0.219112 -0.337057 
-0.219112 -0.337057 0.290205 -0.304002 
0.290205 -0.304002 0.491962 -0.528364 
0.491962 -0.528364 -0.535767 -0.573044 
-0.553094 0.0610934 -0.121656 0.431094 
-0.121656 0.431094 0.402053 0.163035 
-0.238538 -0.0144042 -0.01321 0.177117 
-0.01321 0.177117 0.252341 0.0328145 
-0.121656 0.431094 -0.01321 0.177117 
-0.553094 0.0610934 -0.238538 -0.0144042 
0.402053 0.163035 0.252341 0.0328145 
0.0566482 -0.547289 0.269945 -0.538016 
0.269945 -0.538016 0.212749 -0.00730589 
0.212749 -0.00730589 0.0115966 -0.025979 
0.0115966 -0.025979 0.0566482 -0.547289 
-0.357699 -0.306584 -0.165758 -0.293386 
-0.165758 -0.293386 -0.182202 -0.0439695 
-0.182202 -0.0439695 -0.369042 -0.0613141 
-0.369042 -0.0613141 -0.357699 -0.306584 
