0.344066 -0.384777 0.29638 0.0230588 
-0.321266 -0.516073 -0.347705 -0.0115807 
-0.314399 -0.349954 -0.330079 -0.0590745 
0.100008 -0.287588 0.0758551 -0.031677 
0.344066 -0.384777 -0.321266 -0.516073 
-0.321266 -0.516073 -0.314399 -0.349954 
-0.314399 -0.349954 0.100008 -0.287588 
0.100008 -0.287588 0.344066 -0.384777 
0.29638 0.0230588 0.144714 0.151104 
0.144714 0.151104 0.0758551 -0.031677 
-0.347705 -0.0115807 -0.346625 0.146562 
-0.346625 0.146562 -0.330079 -0.0590745 
0.144714 0.151104 -0.346625 0.146562 
0.29638 0.0230588 -0.347705 -0.0115807 
0.0758551 -0.031677 -0.330079 -0.0590745 
0.171715 -0.316143 0.132947 -0.300705 
0.132947 -0.300705 0.112091 -0.0866832 
0.112091 -0.0866832 0.148182 -0.083261 
0.148182 -0.083261 0.171715 -0.316143 
0.258423 -0.213675 0.204392 -0.205293 
0.204392 -0.205293 0.191109 -0.0791907 
0.191109 -0.0791907 0.243016 -0.074269 
0.243016 -0.074269 0.258423 -0.213675 
