0.286727 -0.388389 0.250491 -0.0603702 
0.65993 -0.656641 0.564077 -0.0039003 
-0.382979 -0.805469 -0.409051 -0.0782792 
-0.226617 -0.445674 -0.245356 -0.0998234 
0.286727 -0.388389 0.65993 -0.656641 
0.65993 -0.656641 -0.382979 -0.805469 
-0.382979 -0.805469 -0.226617 -0.445674 
-0.226617 -0.445674 0.286727 -0.388389 
0.250491 -0.0603702 -0.00584707 0.0916576 
-0.00584707 0.0916576 -0.245356 -0.0998234 
0.564077 -0.0039003 0.0689823 0.291412 
0.0689823 0.291412 -0.409051 -0.0782792 
-0.00584707 0.0916576 0.0689823 0.291412 
0.250491 -0.0603702 0.564077 -0.0039003 
-0.245356 -0.0998234 -0.409051 -0.0782792 
-0.0152777 -0.42209 -0.119908 -0.433766 
-0.119908 -0.433766 -0.137381 -0.168315 
-0.137381 -0.168315 -0.0355697 -0.159484 
-0.0355697 -0.159484 -0.0152777 -0.42209 
0.174999 -0.269038 0.0756682 -0.278868 
0.0756682 -0.278868 0.0643329 -0.150819 
0.0643329 -0.150819 0.16238 -0.142315 
0.16238 -0.142315 0.174999 -0.269038 
