0.311439 -0.327158 0.366015 0.117583 
-0.318063 -0.230489 -0.298649 0.168871 
-0.128554 -0.10835 -0.111204 0.141195 
0.262734 -0.157552 0.29332 0.109 
0.311439 -0.327158 -0.318063 -0.230489 
-0.318063 -0.230489 -0.128554 -0.10835 
-0.128554 -0.10835 0.262734 -0.157552 
0.262734 -0.157552 0.311439 -0.327158 
0.366015 0.117583 0.34263 0.302507 
0.34263 0.302507 0.29332 0.109 
-0.298649 0.168871 -0.171929 0.326263 
-0.171929 0.326263 -0.111204 0.141195 
0.34263 0.302507 -0.171929 0.326263 
0.366015 0.117583 -0.298649 0.168871 
0.29332 0.109 -0.111204 0.141195 
0.276648 -0.206006 0.269086 -0.179672 
0.269086 -0.179672 0.294694 0.0415304 
0.294694 0.0415304 0.304975 0.0361217 
0.304975 0.0361217 0.276648 -0.206006 
0.314774 -0.130504 0.301404 -0.106209 
0.301404 -0.106209 0.317488 0.0295388 
0.317488 0.0295388 0.333048 0.0213526 
0.333048 0.0213526 0.314774 -0.130504 
