-0.204642 -0.0588894 -0.190127 0.200467 
0.187003 -0.0895274 0.213753 0.167777 
0.306736 -0.223543 0.357708 0.1993 
-0.335359 -0.17415 -0.317945 0.254293 
-0.204642 -0.0588894 0.187003 -0.0895274 
0.187003 -0.0895274 0.306736 -0.223543 
0.306736 -0.223543 -0.335359 -0.17415 
-0.335359 -0.17415 -0.204642 -0.0588894 
-0.190127 0.200467 -0.228623 0.405367 
-0.228623 0.405367 -0.317945 0.254293 
0.213753 0.167777 0.287809 0.362482 
0.287809 0.362482 0.357708 0.1993 
-0.228623 0.405367 0.287809 0.362482 
-0.190127 0.200467 0.213753 0.167777 
-0.317945 0.254293 0.357708 0.1993 
-0.267056 -0.113923 -0.297324 -0.140612 
-0.297324 -0.140612 -0.284301 0.14784 
-0.284301 0.14784 -0.254446 0.144989 
-0.254446 0.144989 -0.267056 -0.113923 
-0.216195 0.031938 -0.236424 0.0235914 
-0.236424 0.0235914 -0.230281 0.142681 
-0.230281 0.142681 -0.210322 0.140775 
-0.210322 0.140775 -0.216195 0.031938 
