0 0 0 1 -0.58802 -0.339575 
0 0 6.5 1 -0.532421 0.0372914 
10 0 0 1 -0.121789 -0.303159 
10 0 6.5 1 -0.0987872 -0.0329916 
10 10 0 1 0.24658 -0.401423 
10 10 6.5 1 0.259916 -0.0182687 
0 10 0 1 -0.295268 -0.532912 
0 10 6.5 1 -0.22779 0.107618 
0 5 10 1 -0.387255 0.2952 
10 5 10 1 0.0609478 0.132828 
0 6 0 1 -0.451507 -0.42973 
0 8 0 1 -0.383182 -0.474852 
0 8 5 1 -0.331384 -0.0350962 
0 6 5 1 -0.401625 -0.0387652 
0 2 2.5 1 -0.527584 -0.200655 
0 4 2.5 1 -0.481715 -0.213453 
0 4 5 1 -0.458446 -0.0417333 
0 2 5 1 -0.505358 -0.0441837 
0.5 0.5 -0.5 1 -0.550988 -0.373334 
0.5 0.5 6 1 -0.497037 0.00688703 
10.5 0.5 -0.5 1 -0.0940291 -0.326972 
10.5 0.5 6 1 -0.0719741 -0.055088 
10.5 10.5 -0.5 1 0.287782 -0.435763 
10.5 10.5 6 1 0.299058 -0.0491689 
0.5 10.5 -0.5 1 -0.229182 -0.59258 
0.5 10.5 6 1 -0.166815 0.057617 
0.5 5.5 9.5 1 -0.343783 0.259849 
10.5 5.5 9.5 1 0.0921053 0.10821 
0.5 6.5 -0.5 1 -0.40119 -0.475391 
0.5 8.5 -0.5 1 -0.326043 -0.526589 
0.5 8.5 4.5 1 -0.277256 -0.0809571 
0.5 6.5 4.5 1 -0.353652 -0.0797758 
0.5 2.5 2 1 -0.487758 -0.236015 
0.5 4.5 2 1 -0.437728 -0.252359 
0.5 4.5 4.5 1 -0.415377 -0.0788214 
0.5 2.5 4.5 1 -0.466286 -0.0780342 
