0.263863 -0.4403 0.253231 -0.0886148 
0.469225 -0.71083 0.421955 0.021269 
-0.621475 -0.64601 -0.536701 0.0226082 
-0.264716 -0.419891 -0.242311 -0.0835212 
0.263863 -0.4403 0.469225 -0.71083 
0.469225 -0.71083 -0.621475 -0.64601 
-0.621475 -0.64601 -0.264716 -0.419891 
-0.264716 -0.419891 0.263863 -0.4403 
0.253231 -0.0886148 0.00362139 0.0817927 
0.00362139 0.0817927 -0.242311 -0.0835212 
0.421955 0.021269 -0.0655699 0.331808 
-0.0655699 0.331808 -0.536701 0.0226082 
0.00362139 0.0817927 -0.0655699 0.331808 
0.253231 -0.0886148 0.421955 0.021269 
-0.242311 -0.0835212 -0.536701 0.0226082 
-0.0587818 -0.427843 -0.162634 -0.423833 
-0.162634 -0.423833 -0.149962 -0.159012 
-0.149962 -0.159012 -0.0510882 -0.160643 
-0.0510882 -0.160643 -0.0587818 -0.427843 
0.152989 -0.296559 0.0481899 -0.293701 
0.0481899 -0.293701 0.0494293 -0.162301 
0.0494293 -0.162301 0.151632 -0.163986 
0.151632 -0.163986 0.152989 -0.296559 
