0 0 0 1 0.311022 -0.340597 
0 0 6.5 1 0.365786 0.106946 
10 0 0 1 -0.31943 -0.238838 
10 0 6.5 1 -0.297192 0.15999 
10 10 0 1 -0.125709 -0.118441 
10 10 6.5 1 -0.10704 0.130827 
0 10 0 1 0.266289 -0.17009 
0 10 6.5 1 0.297214 0.0973855 
0 5 10 1 0.345035 0.291018 
10 5 10 1 -0.167904 0.315307 
0 6 0 1 0.279043 -0.218703 
0 8 0 1 0.272109 -0.192273 
0 8 5 1 0.297993 0.0299447 
0 6 5 1 0.307642 0.02466 
0 2 2.5 1 0.315645 -0.142378 
0 4 2.5 1 0.303199 -0.118103 
0 4 5 1 0.319392 0.018225 
0 2 5 1 0.334011 0.0102183 
0.5 0.5 -0.5 1 0.269501 -0.352955 
0.5 0.5 6 1 0.320023 0.074572 
10.5 0.5 -0.5 1 -0.33304 -0.253617 
10.5 0.5 6 1 -0.312199 0.129252 
10.5 10.5 -0.5 1 -0.138924 -0.130672 
10.5 10.5 6 1 -0.121035 0.112273 
0.5 10.5 -0.5 1 0.242161 -0.181926 
0.5 10.5 6 1 0.271635 0.0782775 
0.5 5.5 9.5 1 0.310846 0.260244 
10.5 5.5 9.5 1 -0.183563 0.286541 
0.5 6.5 -0.5 1 0.25005 -0.231278 
0.5 8.5 -0.5 1 0.24577 -0.204505 
0.5 8.5 4.5 1 0.270341 0.0111986 
0.5 6.5 4.5 1 0.277063 0.0042931 
0.5 2.5 2 1 0.278142 -0.160907 
0.5 4.5 2 1 0.270003 -0.135523 
0.5 4.5 4.5 1 0.285198 -0.00406439 
0.5 2.5 4.5 1 0.295245 -0.0143856 
