0 0 0 1 -0.56978 -0.34558 
0 0 6.5 1 -0.64618 0.202147 
10 0 0 1 -0.208254 -0.147422 
10 0 6.5 1 -0.241401 0.154187 
10 10 0 1 0.268742 -0.128137 
10 10 6.5 1 0.243719 0.212166 
0 10 0 1 0.299488 -0.35599 
0 10 6.5 1 0.249471 0.334375 
0 5 10 1 -0.288887 0.614013 
10 5 10 1 -0.0298632 0.360167 
0 6 0 1 -0.0953227 -0.351262 
0 8 0 1 0.0927471 -0.353514 
0 8 5 1 0.0486405 0.145411 
0 6 5 1 -0.144272 0.124389 
0 2 2.5 1 -0.452178 -0.133379 
0 4 2.5 1 -0.293081 -0.125896 
0 4 5 1 -0.31993 0.105247 
0 2 5 1 -0.480549 0.0877438 
0.5 0.5 -0.5 1 -0.498993 -0.367746 
0.5 0.5 6 1 -0.569913 0.160513 
10.5 0.5 -0.5 1 -0.175159 -0.163471 
10.5 0.5 6 1 -0.206942 0.132147 
10.5 10.5 -0.5 1 0.296077 -0.146521 
10.5 10.5 6 1 0.27227 0.186176 
0.5 10.5 -0.5 1 0.352091 -0.383016 
0.5 10.5 6 1 0.30688 0.276715 
0.5 5.5 9.5 1 -0.215804 0.550689 
10.5 5.5 9.5 1 0.00284667 0.332413 
0.5 6.5 -0.5 1 -0.0327631 -0.376111 
0.5 8.5 -0.5 1 0.150914 -0.379407 
0.5 8.5 4.5 1 0.110719 0.0986502 
0.5 6.5 4.5 1 -0.0776369 0.080535 
0.5 2.5 2 1 -0.38143 -0.1641 
0.5 4.5 2 1 -0.22504 -0.158187 
0.5 4.5 4.5 1 -0.249761 0.0639809 
0.5 2.5 4.5 1 -0.407663 0.0487946 
