-0.606639 -0.220822 -0.567726 0.179028 
-0.151365 -0.172951 -0.124536 0.0963638 
0.233395 -0.278915 0.270309 0.0842773 
-0.203098 -0.439811 -0.138543 0.209046 
-0.606639 -0.220822 -0.151365 -0.172951 
-0.151365 -0.172951 0.233395 -0.278915 
0.233395 -0.278915 -0.203098 -0.439811 
-0.203098 -0.439811 -0.606639 -0.220822 
-0.567726 0.179028 -0.37795 0.457927 
-0.37795 0.457927 -0.138543 0.209046 
-0.124536 0.0963638 0.0603064 0.258163 
0.0603064 0.258163 0.270309 0.0842773 
-0.37795 0.457927 0.0603064 0.258163 
-0.567726 0.179028 -0.124536 0.0963638 
-0.138543 0.209046 0.270309 0.0842773 
-0.412785 -0.326021 -0.319549 -0.376617 
-0.319549 -0.376617 -0.2757 0.0669219 
-0.2757 0.0669219 -0.373505 0.0733187 
-0.373505 0.0733187 -0.412785 -0.326021 
-0.536525 -0.0837125 -0.471348 -0.10319 
-0.471348 -0.10319 -0.453546 0.0785538 
-0.453546 0.0785538 -0.52026 0.0829171 
-0.52026 0.0829171 -0.536525 -0.0837125 
