0 0 0 1 0.373462 -0.615534 
0 0 6.5 1 0.302413 0.000839812 
10 0 0 1 -0.243207 -0.475895 
10 0 6.5 1 -0.258639 -0.0802463 
10 10 0 1 0.0870714 -0.346542 
10 10 6.5 1 0.0650876 -0.0794164 
0 10 0 1 0.545997 -0.383678 
0 10 6.5 1 0.496376 -0.0314384 
0 5 10 1 0.395495 0.201369 
10 5 10 1 -0.0771023 0.081402 
0 6 0 1 0.498548 -0.44744 
0 8 0 1 0.524511 -0.412551 
0 8 5 1 0.483263 -0.112791 
0 6 5 1 0.454282 -0.116302 
0 2 2.5 1 0.399691 -0.329684 
0 4 2.5 1 0.442141 -0.301078 
0 4 5 1 0.418877 -0.120591 
0 2 5 1 0.374646 -0.125949 
0.5 0.5 -0.5 1 0.347544 -0.634391 
0.5 0.5 6 1 0.282124 -0.0490998 
10.5 0.5 -0.5 1 -0.237303 -0.493264 
10.5 0.5 6 1 -0.252481 -0.110636 
10.5 10.5 -0.5 1 0.082794 -0.361667 
10.5 10.5 6 1 0.0614889 -0.100529 
0.5 10.5 -0.5 1 0.525164 -0.402357 
0.5 10.5 6 1 0.478028 -0.0604562 
0.5 5.5 9.5 1 0.377114 0.157224 
10.5 5.5 9.5 1 -0.0772651 0.0524779 
0.5 6.5 -0.5 1 0.475434 -0.467321 
0.5 8.5 -0.5 1 0.50256 -0.431886 
0.5 8.5 4.5 1 0.463561 -0.141841 
0.5 6.5 4.5 1 0.433794 -0.148006 
0.5 2.5 2 1 0.376327 -0.359598 
0.5 4.5 2 1 0.419482 -0.328978 
0.5 4.5 4.5 1 0.397708 -0.155479 
0.5 2.5 4.5 1 0.353052 -0.164727 
