0 0 0 1 -0.149915 -0.348457 
0 0 6.5 1 -0.125053 -0.0869052 
10 0 0 1 0.264552 -0.401796 
10 0 6.5 1 0.278123 -0.118045 
10 10 0 1 0.325456 -0.600139 
10 10 6.5 1 0.345186 -0.107832 
0 10 0 1 -0.364349 -0.487883 
0 10 6.5 1 -0.313929 -0.0587306 
0 5 10 1 -0.18014 0.0892139 
10 5 10 1 0.311175 0.0678544 
0 6 0 1 -0.25215 -0.414931 
0 8 0 1 -0.301829 -0.447232 
0 8 5 1 -0.26902 -0.151714 
0 6 5 1 -0.22409 -0.149819 
0 2 2.5 1 -0.167272 -0.255524 
0 4 2.5 1 -0.199346 -0.266806 
0 4 5 1 -0.187303 -0.148267 
0 2 5 1 -0.156628 -0.146974 
0.5 0.5 -0.5 1 -0.138945 -0.376617 
0.5 0.5 6 1 -0.11378 -0.107515 
10.5 0.5 -0.5 1 0.288287 -0.433826 
10.5 0.5 6 1 0.301455 -0.141176 
10.5 10.5 -0.5 1 0.370664 -0.667039 
10.5 10.5 6 1 0.38877 -0.14737 
0.5 10.5 -0.5 1 -0.355457 -0.541208 
0.5 10.5 6 1 -0.303362 -0.09137 
0.5 5.5 9.5 1 -0.168127 0.0696024 
10.5 5.5 9.5 1 0.341234 0.0455527 
0.5 6.5 -0.5 1 -0.241242 -0.454382 
0.5 8.5 -0.5 1 -0.291559 -0.492633 
0.5 8.5 4.5 1 -0.257869 -0.184439 
0.5 6.5 4.5 1 -0.212572 -0.17911 
0.5 2.5 2 1 -0.155987 -0.283121 
0.5 4.5 2 1 -0.187987 -0.297367 
0.5 4.5 4.5 1 -0.175734 -0.174776 
0.5 2.5 4.5 1 -0.145189 -0.171182 
