0 0 0 1 0.335861 -0.26434 
0 0 6.5 1 0.292793 0.138562 
10 0 0 1 -0.315639 -0.377301 
10 0 6.5 1 -0.35895 0.0966658 
10 10 0 1 -0.285059 -0.24009 
10 10 6.5 1 -0.310655 0.0369473 
0 10 0 1 0.117538 -0.182524 
0 10 6.5 1 0.0919286 0.0686213 
0 5 10 1 0.152037 0.260265 
10 5 10 1 -0.345615 0.244949 
0 6 0 1 0.181555 -0.206514 
0 8 0 1 0.146931 -0.193539 
0 8 5 1 0.125456 0.0156964 
0 6 5 1 0.157995 0.0213088 
0 2 2.5 1 0.258631 -0.101917 
0 4 2.5 1 0.209859 -0.0966387 
0 4 5 1 0.196852 0.0280112 
0 2 5 1 0.244066 0.0361551 
0.5 0.5 -0.5 1 0.294854 -0.293221 
0.5 0.5 6 1 0.253091 0.101296 
10.5 0.5 -0.5 1 -0.347114 -0.408247 
10.5 0.5 6 1 -0.388997 0.0541557 
10.5 10.5 -0.5 1 -0.304084 -0.260399 
10.5 10.5 6 1 -0.329177 0.0126466 
0.5 10.5 -0.5 1 0.094778 -0.201758 
0.5 10.5 6 1 0.0696474 0.0461034 
0.5 5.5 9.5 1 0.123803 0.229567 
10.5 5.5 9.5 1 -0.368126 0.210694 
0.5 6.5 -0.5 1 0.153786 -0.228733 
0.5 8.5 -0.5 1 0.121907 -0.214159 
0.5 8.5 4.5 1 0.100867 -0.00788429 
0.5 6.5 4.5 1 0.130747 -0.00441492 
0.5 2.5 2 1 0.223586 -0.130786 
0.5 4.5 2 1 0.179019 -0.122838 
0.5 4.5 4.5 1 0.166327 -0.000283539 
0.5 2.5 4.5 1 0.209413 0.00471932 
