0.323659 -0.12299 0.302043 0.291482 
-0.318774 -0.20147 -0.373576 0.249201 
-0.24942 -0.0832806 -0.279604 0.184501 
0.144703 -0.0408598 0.126731 0.213712 
0.323659 -0.12299 -0.318774 -0.20147 
-0.318774 -0.20147 -0.24942 -0.0832806 
-0.24942 -0.0832806 0.144703 -0.0408598 
0.144703 -0.0408598 0.323659 -0.12299 
0.302043 0.291482 0.181714 0.421871 
0.181714 0.421871 0.126731 0.213712 
-0.373576 0.249201 -0.336518 0.399476 
-0.336518 0.399476 -0.279604 0.184501 
0.181714 0.421871 -0.336518 0.399476 
0.302043 0.291482 -0.373576 0.249201 
0.126731 0.213712 -0.279604 0.184501 
0.196987 -0.0648549 0.168689 -0.051868 
0.168689 -0.051868 0.154326 0.158909 
0.154326 0.158909 0.18199 0.165009 
0.18199 0.165009 0.196987 -0.0648549 
0.264232 0.0389243 0.223171 0.0442987 
0.223171 0.0442987 0.215263 0.172346 
0.215263 0.172346 0.256045 0.181339 
0.256045 0.181339 0.264232 0.0389243 
