-0.237054 -0.521315 -0.167007 0.179162 
-0.280723 -0.239483 -0.246261 0.10558 
0.192382 -0.24882 0.222215 0.0473808 
0.590134 -0.467198 0.643382 0.0575505 
-0.237054 -0.521315 -0.280723 -0.239483 
-0.280723 -0.239483 0.192382 -0.24882 
0.192382 -0.24882 0.590134 -0.467198 
0.590134 -0.467198 -0.237054 -0.521315 
-0.167007 0.179162 0.328956 0.43325 
0.328956 0.43325 0.643382 0.0575505 
-0.246261 0.10558 0.0230597 0.24606 
0.0230597 0.24606 0.222215 0.0473808 
0.328956 0.43325 0.0230597 0.24606 
-0.167007 0.179162 -0.246261 0.10558 
0.643382 0.0575505 0.222215 0.0473808 
0.314578 -0.485226 0.459629 -0.475736 
0.459629 -0.475736 0.502644 -0.0508578 
0.502644 -0.0508578 0.359875 -0.0366575 
0.359875 -0.0366575 0.314578 -0.485226 
-0.00478637 -0.255456 0.176312 -0.258409 
0.176312 -0.258409 0.20024 -0.0207797 
0.20024 -0.0207797 0.0205614 -0.00290823 
0.0205614 -0.00290823 -0.00478637 -0.255456 
