-0.58802 -0.339575 -0.532421 0.0372914 
-0.121789 -0.303159 -0.0987872 -0.0329916 
0.24658 -0.401423 0.259916 -0.0182687 
-0.295268 -0.532912 -0.22779 0.107618 
-0.58802 -0.339575 -0.121789 -0.303159 
-0.121789 -0.303159 0.24658 -0.401423 
0.24658 -0.401423 -0.295268 -0.532912 
-0.295268 -0.532912 -0.58802 -0.339575 
-0.532421 0.0372914 -0.387255 0.2952 
-0.387255 0.2952 -0.22779 0.107618 
-0.0987872 -0.0329916 0.0609478 0.132828 
0.0609478 0.132828 0.259916 -0.0182687 
-0.387255 0.2952 0.0609478 0.132828 
-0.532421 0.0372914 -0.0987872 -0.0329916 
-0.22779 0.107618 0.259916 -0.0182687 
-0.451507 -0.42973 -0.383182 -0.474852 
-0.383182 -0.474852 -0.331384 -0.0350962 
-0.331384 -0.0350962 -0.401625 -0.0387652 
-0.401625 -0.0387652 -0.451507 -0.42973 
-0.527584 -0.200655 -0.481715 -0.213453 
-0.481715 -0.213453 -0.458446 -0.0417333 
-0.458446 -0.0417333 -0.505358 -0.0441837 
-0.505358 -0.0441837 -0.527584 -0.200655 
