0 0 0 1 0.290962 -0.515006 
0 0 6.5 1 0.234282 0.0945537 
10 0 0 1 -0.223747 -0.338386 
10 0 6.5 1 -0.26262 0.0271271 
10 10 0 1 0.123403 -0.206064 
10 10 6.5 1 0.0981263 0.0553421 
0 10 0 1 0.571201 -0.259325 
0 10 6.5 1 0.540123 0.106958 
0 5 10 1 0.40375 0.353407 
10 5 10 1 -0.0687218 0.209803 
0 6 0 1 0.491066 -0.332438 
0 8 0 1 0.534611 -0.292709 
0 8 5 1 0.508373 0.0127364 
0 6 5 1 0.461921 0.0019409 
0 2 2.5 1 0.354737 -0.23474 
0 4 2.5 1 0.422076 -0.19674 
0 4 5 1 0.405616 -0.0111446 
0 2 5 1 0.335949 -0.0273353 
0.5 0.5 -0.5 1 0.276701 -0.524511 
0.5 0.5 6 1 0.223452 0.0456502 
10.5 0.5 -0.5 1 -0.212417 -0.351147 
10.5 0.5 6 1 -0.24965 -0.000175838 
10.5 10.5 -0.5 1 0.121785 -0.219024 
10.5 10.5 6 1 0.0972156 0.0348592 
0.5 10.5 -0.5 1 0.551459 -0.275177 
0.5 10.5 6 1 0.521421 0.0765054 
0.5 5.5 9.5 1 0.387125 0.303267 
10.5 5.5 9.5 1 -0.0642463 0.180768 
0.5 6.5 -0.5 1 0.471444 -0.347787 
0.5 8.5 -0.5 1 0.514777 -0.308464 
0.5 8.5 4.5 1 0.489502 -0.0161751 
0.5 6.5 4.5 1 0.443489 -0.0291112 
0.5 2.5 2 1 0.338374 -0.259125 
0.5 4.5 2 1 0.403917 -0.220621 
0.5 4.5 4.5 1 0.388214 -0.0446507 
0.5 2.5 4.5 1 0.320571 -0.0636675 
