0 0 0 1 0.321614 -0.138036 
0 0 6.5 1 0.349506 0.292255 
10 0 0 1 -0.311851 -0.135006 
10 0 6.5 1 -0.340383 0.28951 
10 10 0 1 -0.18491 -0.00617419 
10 10 6.5 1 -0.195263 0.254643 
0 10 0 1 0.205976 -0.00700252 
0 10 6.5 1 0.216397 0.255981 
0 5 10 1 0.275594 0.464059 
10 5 10 1 -0.259213 0.460055 
0 6 0 1 0.239618 -0.0451242 
0 8 0 1 0.221395 -0.0244752 
0 8 5 1 0.230683 0.191972 
0 6 5 1 0.250671 0.190949 
0 2 2.5 1 0.296247 0.0398224 
0 4 2.5 1 0.268003 0.0565307 
0 4 5 1 0.274869 0.189711 
0 2 5 1 0.304763 0.188181 
0.5 0.5 -0.5 1 0.279763 -0.156891 
0.5 0.5 6 1 0.302935 0.254568 
10.5 0.5 -0.5 1 -0.330147 -0.153737 
10.5 0.5 6 1 -0.359107 0.25244 
10.5 10.5 -0.5 1 -0.199281 -0.0208605 
10.5 10.5 6 1 -0.210128 0.232942 
0.5 10.5 -0.5 1 0.182507 -0.0217853 
0.5 10.5 6 1 0.191454 0.234068 
0.5 5.5 9.5 1 0.241532 0.429261 
10.5 5.5 9.5 1 -0.276388 0.425748 
0.5 6.5 -0.5 1 0.211088 -0.0614902 
0.5 8.5 -0.5 1 0.195636 -0.0400248 
0.5 8.5 4.5 1 0.203577 0.170144 
0.5 6.5 4.5 1 0.22049 0.167129 
0.5 2.5 2 1 0.258704 0.0165136 
0.5 4.5 2 1 0.235053 0.0350317 
0.5 4.5 4.5 1 0.240853 0.1635 
0.5 2.5 4.5 1 0.265843 0.159045 
