0.0464209 -0.205016 0.0210911 0.0493159 
0.478331 -0.207703 0.441409 0.1125 
0.373955 -0.377602 0.312656 0.175527 
-0.242737 -0.320552 -0.27663 0.061594 
0.0464209 -0.205016 0.478331 -0.207703 
0.478331 -0.207703 0.373955 -0.377602 
0.373955 -0.377602 -0.242737 -0.320552 
-0.242737 -0.320552 0.0464209 -0.205016 
0.0210911 0.0493159 -0.11357 0.215891 
-0.11357 0.215891 -0.27663 0.061594 
0.441409 0.1125 0.369752 0.349189 
0.369752 0.349189 0.312656 0.175527 
-0.11357 0.215891 0.369752 0.349189 
0.0210911 0.0493159 0.441409 0.1125 
-0.27663 0.061594 0.312656 0.175527 
-0.0980025 -0.262721 -0.163752 -0.288992 
-0.163752 -0.288992 -0.188307 -0.0211025 
-0.188307 -0.0211025 -0.121105 -0.0173098 
-0.121105 -0.0173098 -0.0980025 -0.262721 
-0.00515149 -0.116014 -0.0533578 -0.126837 
-0.0533578 -0.126837 -0.0642071 -0.0140986 
-0.0642071 -0.0140986 -0.0154126 -0.0113447 
-0.0154126 -0.0113447 -0.00515149 -0.116014 
