0 0 0 1 0.180865 -0.328986 
0 0 6.5 1 0.198465 -0.0315555 
10 0 0 1 0.627161 -0.510772 
10 0 6.5 1 0.632008 0.0016104 
10 10 0 1 -0.146442 -0.599227 
10 10 6.5 1 -0.0789377 0.128842 
0 10 0 1 -0.29236 -0.332929 
0 10 6.5 1 -0.252267 0.0261944 
0 5 10 1 0.00795388 0.160271 
10 5 10 1 0.349487 0.346952 
0 6 0 1 -0.0805395 -0.331164 
0 8 0 1 -0.182074 -0.332011 
0 8 5 1 -0.155469 -0.0644027 
0 6 5 1 -0.0578579 -0.0738952 
0 2 2.5 1 0.10838 -0.208647 
0 4 2.5 1 0.0230109 -0.204807 
0 4 5 1 0.0325079 -0.0826831 
0 2 5 1 0.116406 -0.0908421 
0.5 0.5 -0.5 1 0.172634 -0.359044 
0.5 0.5 6 1 0.191088 -0.0509149 
10.5 0.5 -0.5 1 0.639211 -0.57491 
10.5 0.5 6 1 0.643621 -0.0299662 
10.5 10.5 -0.5 1 -0.196994 -0.702048 
10.5 10.5 6 1 -0.119741 0.0936561 
0.5 10.5 -0.5 1 -0.321947 -0.369893 
0.5 10.5 6 1 -0.279044 0.00495365 
0.5 5.5 9.5 1 -0.00664433 0.146161 
10.5 5.5 9.5 1 0.34464 0.333098 
0.5 6.5 -0.5 1 -0.0996764 -0.365018 
0.5 8.5 -0.5 1 -0.206039 -0.367351 
0.5 8.5 4.5 1 -0.177678 -0.0884202 
0.5 6.5 4.5 1 -0.0755959 -0.0973016 
0.5 2.5 2 1 0.0974568 -0.235267 
0.5 4.5 2 1 0.00860441 -0.232327 
0.5 4.5 4.5 1 0.0186416 -0.1055 
0.5 2.5 4.5 1 0.105905 -0.113092 
