0 0 0 1 0.178845 -0.352513 
0 0 6.5 1 0.154084 0.274247 
10 0 0 1 -0.237354 -0.161539 
10 0 6.5 1 -0.274671 0.197343 
10 10 0 1 0.138123 -0.0621419 
10 10 6.5 1 0.12625 0.207379 
0 10 0 1 0.575342 -0.137497 
0 10 6.5 1 0.584926 0.259342 
0 5 10 1 0.421383 0.559189 
10 5 10 1 -0.0565754 0.381482 
0 6 0 1 0.457472 -0.201416 
0 8 0 1 0.521054 -0.166936 
0 8 5 1 0.526144 0.157429 
0 6 5 1 0.459471 0.15034 
0 2 2.5 1 0.286595 -0.0871117 
0 4 2.5 1 0.380803 -0.0559762 
0 4 5 1 0.379548 0.141843 
0 2 5 1 0.28199 0.131471 
0.5 0.5 -0.5 1 0.176085 -0.36214 
0.5 0.5 6 1 0.152889 0.217495 
10.5 0.5 -0.5 1 -0.222284 -0.174947 
10.5 0.5 6 1 -0.257205 0.168013 
10.5 10.5 -0.5 1 0.138115 -0.075322 
10.5 10.5 6 1 0.126618 0.185133 
0.5 10.5 -0.5 1 0.556167 -0.153184 
0.5 10.5 6 1 0.564165 0.224292 
0.5 5.5 9.5 1 0.404565 0.496631 
10.5 5.5 9.5 1 -0.0493509 0.348903 
0.5 6.5 -0.5 1 0.441188 -0.216396 
0.5 8.5 -0.5 1 0.502997 -0.182415 
0.5 8.5 4.5 1 0.506955 0.125166 
0.5 6.5 4.5 1 0.442218 0.115698 
0.5 2.5 2 1 0.277268 -0.112719 
0.5 4.5 2 1 0.366952 -0.081031 
0.5 4.5 4.5 1 0.36537 0.104459 
0.5 2.5 4.5 1 0.272663 0.0909006 
