-0.196231 -0.103112 -0.177166 0.153109 
0.195707 -0.140346 0.22373 0.117201 
0.304208 -0.285747 0.355194 0.139923 
-0.340369 -0.2227 -0.313973 0.199379 
-0.196231 -0.103112 0.195707 -0.140346 
0.195707 -0.140346 0.304208 -0.285747 
0.304208 -0.285747 -0.340369 -0.2227 
-0.340369 -0.2227 -0.196231 -0.103112 
-0.177166 0.153109 -0.215977 0.34963 
-0.215977 0.34963 -0.313973 0.199379 
0.22373 0.117201 0.293262 0.306087 
0.293262 0.306087 0.355194 0.139923 
-0.215977 0.34963 0.293262 0.306087 
-0.177166 0.153109 0.22373 0.117201 
-0.313973 0.199379 0.355194 0.139923 
-0.265068 -0.160224 -0.298441 -0.187913 
-0.298441 -0.187913 -0.279606 0.097392 
-0.279606 0.097392 -0.247451 0.0959419 
-0.247451 0.0959419 -0.265068 -0.160224 
-0.20761 -0.0135403 -0.229704 -0.022613 
-0.229704 -0.022613 -0.22137 0.0947658 
-0.22137 0.0947658 -0.199791 0.0937926 
-0.199791 0.0937926 -0.20761 -0.0135403 
