-0.607061 -0.205259 -0.578052 0.202397 
-0.155826 -0.146013 -0.1311 0.124574 
0.233735 -0.252101 0.273115 0.107446 
-0.174014 -0.431226 -0.114388 0.218719 
-0.607061 -0.205259 -0.155826 -0.146013 
-0.155826 -0.146013 0.233735 -0.252101 
0.233735 -0.252101 -0.174014 -0.431226 
-0.174014 -0.431226 -0.607061 -0.205259 
-0.578052 0.202397 -0.378377 0.48803 
-0.378377 0.48803 -0.114388 0.218719 
-0.1311 0.124574 0.0588413 0.287117 
0.0588413 0.287117 0.273115 0.107446 
-0.378377 0.48803 0.0588413 0.287117 
-0.578052 0.202397 -0.1311 0.124574 
-0.114388 0.218719 0.273115 0.107446 
-0.397061 -0.314839 -0.297365 -0.366861 
-0.297365 -0.366861 -0.259244 0.0772607 
-0.259244 0.0772607 -0.364487 0.0868703 
-0.364487 0.0868703 -0.397061 -0.314839 
-0.535952 -0.0685461 -0.465275 -0.0900915 
-0.465275 -0.0900915 -0.451006 0.0947701 
-0.451006 0.0947701 -0.52339 0.101379 
-0.52339 0.101379 -0.535952 -0.0685461 
