0 0 0 1 0.318785 -0.598143 
0 0 6.5 1 0.289486 -0.166843 
10 0 0 1 -0.376731 -0.761872 
10 0 6.5 1 -0.343613 -0.163673 
10 10 0 1 -0.427463 -0.514931 
10 10 6.5 1 -0.40511 -0.181829 
0 10 0 1 0.0222725 -0.454905 
0 10 6.5 1 0.0181446 -0.180844 
0 5 10 1 0.119368 -0.0112911 
10 5 10 1 -0.36966 0.0291213 
0 6 0 1 0.110336 -0.497446 
0 8 0 1 0.0628234 -0.474494 
0 8 5 1 0.0576521 -0.244214 
0 6 5 1 0.102566 -0.247254 
0 2 2.5 1 0.22662 -0.402115 
0 4 2.5 1 0.160989 -0.384272 
0 4 5 1 0.155495 -0.250836 
0 2 5 1 0.218792 -0.25512 
0.5 0.5 -0.5 1 0.273161 -0.628446 
0.5 0.5 6 1 0.247596 -0.198161 
10.5 0.5 -0.5 1 -0.431763 -0.801889 
10.5 0.5 6 1 -0.393306 -0.205788 
10.5 10.5 -0.5 1 -0.457829 -0.538851 
10.5 10.5 6 1 -0.433778 -0.206333 
0.5 10.5 -0.5 1 -0.00514559 -0.474932 
0.5 10.5 6 1 -0.00787434 -0.201254 
0.5 5.5 9.5 1 0.0883023 -0.0361954 
10.5 5.5 9.5 1 -0.404683 -0.00214775 
0.5 6.5 -0.5 1 0.0776899 -0.520624 
0.5 8.5 -0.5 1 0.0330169 -0.495983 
0.5 8.5 4.5 1 0.0291279 -0.266068 
0.5 6.5 4.5 1 0.071452 -0.27087 
0.5 2.5 2 1 0.187507 -0.429978 
0.5 4.5 2 1 0.125867 -0.409722 
0.5 4.5 4.5 1 0.121279 -0.276522 
0.5 2.5 4.5 1 0.180798 -0.283274 
