0.0748666 -0.239395 0.0829191 0.435579 
-0.247803 -0.043301 -0.267742 0.322647 
0.161498 0.012308 0.169678 0.296057 
0.593197 -0.0877971 0.645275 0.351856 
0.0748666 -0.239395 -0.247803 -0.043301 
-0.247803 -0.043301 0.161498 0.012308 
0.161498 0.012308 0.593197 -0.0877971 
0.593197 -0.0877971 0.0748666 -0.239395 
0.0829191 0.435579 0.453749 0.723088 
0.453749 0.723088 0.645275 0.351856 
-0.267742 0.322647 -0.0215573 0.497521 
-0.0215573 0.497521 0.169678 0.296057 
0.453749 0.723088 -0.0215573 0.497521 
0.0829191 0.435579 -0.267742 0.322647 
0.645275 0.351856 0.169678 0.296057 
0.43454 -0.1342 0.519626 -0.109315 
0.519626 -0.109315 0.556504 0.246176 
0.556504 0.246176 0.467739 0.249344 
0.467739 0.249344 0.43454 -0.1342 
0.22609 0.0194542 0.34822 0.0361914 
0.34822 0.0361914 0.362587 0.253097 
0.362587 0.253097 0.236049 0.257613 
0.236049 0.257613 0.22609 0.0194542 
