0.312613 -0.299814 0.36615 0.140159 
-0.315525 -0.214022 -0.302036 0.186874 
-0.134483 -0.0888342 -0.120059 0.161528 
0.255732 -0.132708 0.285197 0.132372 
0.312613 -0.299814 -0.315525 -0.214022 
-0.315525 -0.214022 -0.134483 -0.0888342 
-0.134483 -0.0888342 0.255732 -0.132708 
0.255732 -0.132708 0.312613 -0.299814 
0.36615 0.140159 0.337164 0.32618 
0.337164 0.32618 0.285197 0.132372 
-0.302036 0.186874 -0.180702 0.348122 
-0.180702 0.348122 -0.120059 0.161528 
0.337164 0.32618 -0.180702 0.348122 
0.36615 0.140159 -0.302036 0.186874 
0.285197 0.132372 -0.120059 0.161528 
0.272044 -0.180629 0.263185 -0.154603 
0.263185 -0.154603 0.287883 0.064921 
0.287883 0.064921 0.299441 0.0594333 
0.299441 0.0594333 0.272044 -0.180629 
0.313098 -0.106147 0.297847 -0.0820327 
0.297847 -0.0820327 0.313495 0.0527603 
0.313495 0.0527603 0.330953 0.0444717 
0.330953 0.0444717 0.313098 -0.106147 
