0.112745 -0.0391394 0.1183 0.226361 
0.536957 -0.135907 0.577941 0.23752 
0.199435 -0.336983 0.223958 0.259198 
-0.245316 -0.126865 -0.264539 0.234619 
0.112745 -0.0391394 0.536957 -0.135907 
0.536957 -0.135907 0.199435 -0.336983 
0.199435 -0.336983 -0.245316 -0.126865 
-0.245316 -0.126865 0.112745 -0.0391394 
0.1183 0.226361 -0.0439706 0.411211 
-0.0439706 0.411211 -0.264539 0.234619 
0.577941 0.23752 0.469216 0.531959 
0.469216 0.531959 0.223958 0.259198 
-0.0439706 0.411211 0.469216 0.531959 
0.1183 0.226361 0.577941 0.23752 
-0.264539 0.234619 0.223958 0.259198 
-0.0750922 -0.0851599 -0.154497 -0.104614 
-0.154497 -0.104614 -0.163207 0.150589 
-0.163207 0.150589 -0.0793085 0.154176 
-0.0793085 0.154176 -0.0750922 -0.0851599 
0.0581214 0.0513934 -0.00542487 0.0421071 
-0.00542487 0.0421071 -0.00578969 0.157319 
-0.00578969 0.157319 0.0591634 0.160096 
0.0591634 0.160096 0.0581214 0.0513934 
