-0.373992 -0.382769 -0.396173 -0.0743842 
0.0440801 -0.29351 0.0194037 -0.0384559 
0.329407 -0.396769 0.284978 -0.00273373 
-0.297606 -0.589832 -0.33818 -0.0521492 
-0.373992 -0.382769 0.0440801 -0.29351 
0.0440801 -0.29351 0.329407 -0.396769 
0.329407 -0.396769 -0.297606 -0.589832 
-0.297606 -0.589832 -0.373992 -0.382769 
-0.396173 -0.0743842 -0.389795 0.137555 
-0.389795 0.137555 -0.33818 -0.0521492 
0.0194037 -0.0384559 0.10743 0.137785 
0.10743 0.137785 0.284978 -0.00273373 
-0.389795 0.137555 0.10743 0.137785 
-0.396173 -0.0743842 0.0194037 -0.0384559 
-0.33818 -0.0521492 0.284978 -0.00273373 
-0.338692 -0.478459 -0.320815 -0.526917 
-0.320815 -0.526917 -0.34777 -0.164602 
-0.34777 -0.164602 -0.362275 -0.157898 
-0.362275 -0.157898 -0.338692 -0.478459 
-0.373923 -0.277455 -0.36345 -0.295063 
-0.36345 -0.295063 -0.373841 -0.152552 
-0.373841 -0.152552 -0.383278 -0.148191 
-0.383278 -0.148191 -0.373923 -0.277455 
