0 0 0 1 0.283442 -0.445661 
0 0 6.5 1 0.249708 -0.113302 
10 0 0 1 0.693522 -0.727866 
10 0 6.5 1 0.591854 -0.0689863 
10 10 0 1 -0.362696 -0.894094 
10 10 6.5 1 -0.368777 -0.124668 
0 10 0 1 -0.237197 -0.502162 
0 10 6.5 1 -0.246615 -0.143775 
0 5 10 1 -0.00129509 0.0439087 
10 5 10 1 0.115197 0.23293 
0 6 0 1 -0.0200358 -0.478595 
0 8 0 1 -0.127046 -0.490208 
0 8 5 1 -0.138606 -0.215574 
0 6 5 1 -0.0355867 -0.208175 
0 2 2.5 1 0.173428 -0.322628 
0 4 2.5 1 0.0741191 -0.331545 
0 4 5 1 0.064648 -0.200975 
0 2 5 1 0.162209 -0.193967 
0.5 0.5 -0.5 1 0.271813 -0.483433 
0.5 0.5 6 1 0.237585 -0.138684 
10.5 0.5 -0.5 1 0.697712 -0.82524 
10.5 0.5 6 1 0.589325 -0.116014 
10.5 10.5 -0.5 1 -0.442805 -1.02147 
10.5 10.5 6 1 -0.440383 -0.182808 
0.5 10.5 -0.5 1 -0.268368 -0.544828 
0.5 10.5 6 1 -0.276455 -0.172018 
0.5 5.5 9.5 1 -0.0215054 0.0233608 
10.5 5.5 9.5 1 0.0826254 0.204258 
0.5 6.5 -0.5 1 -0.0427342 -0.519183 
0.5 8.5 -0.5 1 -0.153862 -0.531814 
0.5 8.5 4.5 1 -0.164724 -0.246188 
0.5 6.5 4.5 1 -0.0578948 -0.238108 
0.5 2.5 2 1 0.158224 -0.356105 
0.5 4.5 2 1 0.0553636 -0.365799 
0.5 4.5 4.5 1 0.0459512 -0.230253 
0.5 2.5 4.5 1 0.146937 -0.222615 
