0 0 0 1 0.0211097 -0.224995 
0 0 6.5 1 0.0451309 0.467153 
10 0 0 1 -0.249781 -0.0248467 
10 0 6.5 1 -0.256873 0.340672 
10 10 0 1 0.174566 0.00928995 
10 10 6.5 1 0.192659 0.297309 
0 10 0 1 0.601742 -0.106351 
0 10 6.5 1 0.66992 0.351875 
0 5 10 1 0.460834 0.747489 
10 5 10 1 0.000346609 0.507088 
0 6 0 1 0.421384 -0.143204 
0 8 0 1 0.517814 -0.1235 
0 8 5 1 0.566845 0.246187 
0 6 5 1 0.466709 0.254638 
0 2 2.5 1 0.192688 0.0311312 
0 4 2.5 1 0.328431 0.0403429 
0 4 5 1 0.349067 0.264566 
0 2 5 1 0.208887 0.276397 
0.5 0.5 -0.5 1 0.036223 -0.243017 
0.5 0.5 6 1 0.0602794 0.391612 
10.5 0.5 -0.5 1 -0.23066 -0.0428026 
10.5 0.5 6 1 -0.236149 0.306095 
10.5 10.5 -0.5 1 0.176478 -0.00616584 
10.5 10.5 6 1 0.194072 0.271436 
0.5 10.5 -0.5 1 0.583831 -0.124613 
0.5 10.5 6 1 0.646854 0.307737 
0.5 5.5 9.5 1 0.445607 0.664675 
10.5 5.5 9.5 1 0.00936756 0.469151 
0.5 6.5 -0.5 1 0.411004 -0.161982 
0.5 8.5 -0.5 1 0.503096 -0.14207 
0.5 8.5 4.5 1 0.548377 0.205749 
0.5 6.5 4.5 1 0.452841 0.210638 
0.5 2.5 2 1 0.195555 -0.00341948 
0.5 4.5 2 1 0.32262 0.00793375 
0.5 4.5 4.5 1 0.341685 0.216327 
0.5 2.5 4.5 1 0.210737 0.223028 
