0 0 0 1 -0.492671 -0.499406 
0 0 6.5 1 -0.470025 -0.141537 
10 0 0 1 -0.0328011 -0.418949 
10 0 6.5 1 -0.0379532 -0.144737 
10 10 0 1 0.307708 -0.52313 
10 10 6.5 1 0.275336 -0.112092 
0 10 0 1 -0.327613 -0.723745 
0 10 6.5 1 -0.306966 -0.0907455 
0 5 10 1 -0.398366 0.0943418 
10 5 10 1 0.0818753 0.0300398 
0 6 0 1 -0.417326 -0.601812 
0 8 0 1 -0.378564 -0.654496 
0 8 5 1 -0.360516 -0.223044 
0 6 5 1 -0.398722 -0.222034 
0 2 2.5 1 -0.463053 -0.36949 
0 4 2.5 1 -0.438245 -0.385589 
0 4 5 1 -0.429253 -0.221227 
0 2 5 1 -0.45421 -0.220567 
0.5 0.5 -0.5 1 -0.459488 -0.530201 
0.5 0.5 6 1 -0.438722 -0.166303 
10.5 0.5 -0.5 1 -0.0032183 -0.441721 
10.5 0.5 6 1 -0.00989226 -0.163969 
10.5 10.5 -0.5 1 0.357301 -0.559098 
10.5 10.5 6 1 0.320852 -0.140082 
0.5 10.5 -0.5 1 -0.264182 -0.784162 
0.5 10.5 6 1 -0.250135 -0.132222 
0.5 5.5 9.5 1 -0.359502 0.0675975 
10.5 5.5 9.5 1 0.115518 0.00958551 
0.5 6.5 -0.5 1 -0.370797 -0.645527 
0.5 8.5 -0.5 1 -0.324867 -0.705251 
0.5 8.5 4.5 1 -0.310587 -0.262457 
0.5 6.5 4.5 1 -0.355042 -0.256962 
0.5 2.5 2 1 -0.427271 -0.400667 
0.5 4.5 2 1 -0.398352 -0.42027 
0.5 4.5 4.5 1 -0.390443 -0.252587 
0.5 2.5 4.5 1 -0.419299 -0.249021 
