0.28895 -0.272453 0.253405 0.0757578 
0.205568 -0.581166 0.134354 0.121917 
-0.586474 -0.497021 -0.635397 0.0131266 
-0.17959 -0.272877 -0.208581 0.0204009 
0.28895 -0.272453 0.205568 -0.581166 
0.205568 -0.581166 -0.586474 -0.497021 
-0.586474 -0.497021 -0.17959 -0.272877 
-0.17959 -0.272877 0.28895 -0.272453 
0.253405 0.0757578 -0.0145104 0.216574 
-0.0145104 0.216574 -0.208581 0.0204009 
0.134354 0.121917 -0.342677 0.375279 
-0.342677 0.375279 -0.635397 0.0131266 
-0.0145104 0.216574 -0.342677 0.375279 
0.253405 0.0757578 0.134354 0.121917 
-0.208581 0.0204009 -0.635397 0.0131266 
-0.0111498 -0.272725 -0.0981195 -0.272804 
-0.0981195 -0.272804 -0.121288 -0.0397429 
-0.121288 -0.0397429 -0.0352435 -0.0318116 
-0.0352435 -0.0318116 -0.0111498 -0.272725 
0.168575 -0.143275 0.0693378 -0.147877 
0.0693378 -0.147877 0.0568018 -0.0233272 
0.0568018 -0.0233272 0.155498 -0.0142297 
0.155498 -0.0142297 0.168575 -0.143275 
