-0.59468 -0.205027 -0.636255 0.24704 
-0.178833 -0.0618105 -0.180923 0.220865 
0.245034 -0.134561 0.271943 0.21368 
0.00865066 -0.401145 0.0291472 0.245774 
-0.59468 -0.205027 -0.178833 -0.0618105 
-0.178833 -0.0618105 0.245034 -0.134561 
0.245034 -0.134561 0.00865066 -0.401145 
0.00865066 -0.401145 -0.59468 -0.205027 
-0.636255 0.24704 -0.383365 0.584544 
-0.383365 0.584544 0.0291472 0.245774 
-0.180923 0.220865 0.0259386 0.402257 
0.0259386 0.402257 0.271943 0.21368 
-0.383365 0.584544 0.0259386 0.402257 
-0.636255 0.24704 -0.180923 0.220865 
0.0291472 0.245774 0.271943 0.21368 
-0.285951 -0.305382 -0.150349 -0.34946 
-0.150349 -0.34946 -0.151189 0.0958848 
-0.151189 0.0958848 -0.298336 0.108165 
-0.298336 0.108165 -0.285951 -0.305382 
-0.517919 -0.05971 -0.412945 -0.0817184 
-0.412945 -0.0817184 -0.423715 0.118628 
-0.423715 0.118628 -0.531823 0.127651 
-0.531823 0.127651 -0.517919 -0.05971 
