0 0 0 1 0.325108 -0.142434 
0 0 6.5 1 0.297956 0.268495 
10 0 0 1 -0.318177 -0.228749 
10 0 6.5 1 -0.372532 0.224847 
10 10 0 1 -0.256461 -0.109438 
10 10 6.5 1 -0.286976 0.15919 
0 10 0 1 0.138476 -0.0631352 
0 10 6.5 1 0.118004 0.189933 
0 5 10 1 0.173113 0.395168 
10 5 10 1 -0.340574 0.373031 
0 6 0 1 0.193039 -0.0863189 
0 8 0 1 0.163512 -0.0737728 
0 8 5 1 0.146956 0.13601 
0 6 5 1 0.175523 0.142399 
0 2 2.5 1 0.261754 0.0183317 
0 4 2.5 1 0.219206 0.023086 
0 4 5 1 0.209837 0.150074 
0 2 5 1 0.251824 0.159464 
0.5 0.5 -0.5 1 0.284193 -0.169735 
0.5 0.5 6 1 0.25647 0.228602 
10.5 0.5 -0.5 1 -0.343788 -0.256274 
10.5 0.5 6 1 -0.39736 0.182015 
10.5 10.5 -0.5 1 -0.27303 -0.128218 
10.5 10.5 6 1 -0.303331 0.13497 
0.5 10.5 -0.5 1 0.116072 -0.0816018 
0.5 10.5 6 1 0.0955051 0.166635 
0.5 5.5 9.5 1 0.143719 0.361461 
10.5 5.5 9.5 1 -0.360119 0.337094 
0.5 6.5 -0.5 1 0.165591 -0.107561 
0.5 8.5 -0.5 1 0.138831 -0.0935328 
0.5 8.5 4.5 1 0.122174 0.111939 
0.5 6.5 4.5 1 0.147933 0.116042 
0.5 2.5 2 1 0.226374 -0.0103293 
0.5 4.5 2 1 0.188225 -0.00289285 
0.5 4.5 4.5 1 0.178756 0.120951 
0.5 2.5 4.5 1 0.216299 0.126931 
