-0.592697 -0.211778 -0.642689 0.246895 
-0.182185 -0.0590035 -0.188532 0.225536 
0.246856 -0.123671 0.269686 0.224216 
0.0337064 -0.395005 0.0486938 0.254372 
-0.592697 -0.211778 -0.182185 -0.0590035 
-0.182185 -0.0590035 0.246856 -0.123671 
0.246856 -0.123671 0.0337064 -0.395005 
0.0337064 -0.395005 -0.592697 -0.211778 
-0.642689 0.246895 -0.382122 0.593698 
-0.382122 0.593698 0.0486938 0.254372 
-0.188532 0.225536 0.019281 0.41067 
0.019281 0.41067 0.269686 0.224216 
-0.382122 0.593698 0.019281 0.41067 
-0.642689 0.246895 -0.188532 0.225536 
0.0486938 0.254372 0.269686 0.224216 
-0.270225 -0.306103 -0.129873 -0.347157 
-0.129873 -0.347157 -0.135434 0.100657 
-0.135434 0.100657 -0.287854 0.11074 
-0.287854 0.11074 -0.270225 -0.306103 
-0.514402 -0.0630257 -0.404657 -0.0832957 
-0.404657 -0.0832957 -0.418396 0.119376 
-0.418396 0.119376 -0.531453 0.126856 
-0.531453 0.126856 -0.514402 -0.0630257 
