0 0 0 1 0.143519 -0.0731289 
0 0 6.5 1 0.168657 0.200229 
10 0 0 1 0.569684 -0.206785 
10 0 6.5 1 0.634105 0.2039 
10 10 0 1 0.0942069 -0.345223 
10 10 6.5 1 0.151318 0.301658 
0 10 0 1 -0.256346 -0.109321 
0 10 6.5 1 -0.244038 0.251707 
0 5 10 1 0.00338383 0.401837 
10 5 10 1 0.488492 0.544405 
0 6 0 1 -0.069834 -0.0924398 
0 8 0 1 -0.157624 -0.100386 
0 8 5 1 -0.145127 0.157643 
0 6 5 1 -0.0549409 0.151079 
0 2 2.5 1 0.0884046 0.0288125 
0 4 2.5 1 0.0169676 0.0280487 
0 4 5 1 0.0254655 0.145226 
0 2 5 1 0.0976014 0.139976 
0.5 0.5 -0.5 1 0.140526 -0.09987 
0.5 0.5 6 1 0.16623 0.179884 
10.5 0.5 -0.5 1 0.582191 -0.252828 
10.5 0.5 6 1 0.650148 0.172424 
10.5 10.5 -0.5 1 0.0838312 -0.4272 
10.5 10.5 6 1 0.14387 0.256567 
0.5 10.5 -0.5 1 -0.274213 -0.145935 
0.5 10.5 6 1 -0.26243 0.226338 
0.5 5.5 9.5 1 -0.00478358 0.384421 
10.5 5.5 9.5 1 0.501296 0.522317 
0.5 6.5 -0.5 1 -0.0799142 -0.124354 
0.5 8.5 -0.5 1 -0.171184 -0.134491 
0.5 8.5 4.5 1 -0.158789 0.130971 
0.5 6.5 4.5 1 -0.0649142 0.125775 
0.5 2.5 2 1 0.0836584 0.00311422 
0.5 4.5 2 1 0.00984311 0.000916789 
0.5 4.5 4.5 1 0.0184743 0.121159 
0.5 2.5 4.5 1 0.0930403 0.117032 
