-0.530052 -0.639627 -0.530247 0.0207586 
-0.225418 -0.383472 -0.238673 -0.0531495 
0.291753 -0.353104 0.255051 -0.0137804 
0.529691 -0.593728 0.435436 0.103829 
-0.530052 -0.639627 -0.225418 -0.383472 
-0.225418 -0.383472 0.291753 -0.353104 
0.291753 -0.353104 0.529691 -0.593728 
0.529691 -0.593728 -0.530052 -0.639627 
-0.530247 0.0207586 -0.0828581 0.380142 
-0.0828581 0.380142 0.435436 0.103829 
-0.238673 -0.0531495 -0.00800034 0.13461 
-0.00800034 0.13461 0.255051 -0.0137804 
-0.0828581 0.380142 -0.00800034 0.13461 
-0.530247 0.0207586 -0.238673 -0.0531495 
0.435436 0.103829 0.255051 -0.0137804 
0.0888272 -0.612822 0.306278 -0.603404 
0.306278 -0.603404 0.248565 -0.0618348 
0.248565 -0.0618348 0.0466093 -0.0773474 
0.0466093 -0.0773474 0.0888272 -0.612822 
-0.336091 -0.360105 -0.137119 -0.348041 
-0.137119 -0.348041 -0.150385 -0.0924789 
-0.150385 -0.0924789 -0.3426 -0.107243 
-0.3426 -0.107243 -0.336091 -0.360105 
