-0.595839 -0.302911 -0.540759 0.0780084 
-0.131791 -0.268952 -0.106032 7.17187e-05 
0.240469 -0.369071 0.261426 0.00816085 
-0.276417 -0.499403 -0.206812 0.142249 
-0.595839 -0.302911 -0.131791 -0.268952 
-0.131791 -0.268952 0.240469 -0.369071 
0.240469 -0.369071 -0.276417 -0.499403 
-0.276417 -0.499403 -0.595839 -0.302911 
-0.540759 0.0780084 -0.383561 0.340261 
-0.383561 0.340261 -0.206812 0.142249 
-0.106032 7.17187e-05 0.060556 0.164071 
0.060556 0.164071 0.261426 0.00816085 
-0.383561 0.340261 0.060556 0.164071 
-0.540759 0.0780084 -0.106032 7.17187e-05 
-0.206812 0.142249 0.261426 0.00816085 
-0.445947 -0.395117 -0.371546 -0.440885 
-0.371546 -0.440885 -0.319137 -0.000763471 
-0.319137 -0.000763471 -0.395949 -0.0028572 
-0.395949 -0.0028572 -0.445947 -0.395117 
-0.531891 -0.164262 -0.481528 -0.178088 
-0.481528 -0.178088 -0.45823 -0.00455487 
-0.45823 -0.00455487 -0.509748 -0.00595915 
-0.509748 -0.00595915 -0.531891 -0.164262 
