0.245001 -0.163808 0.286725 0.20434 
-0.253065 -0.267541 -0.209681 0.348588 
-0.545023 -0.0922283 -0.528736 0.278232 
-0.105331 -0.0675332 -0.0837066 0.196159 
0.245001 -0.163808 -0.253065 -0.267541 
-0.253065 -0.267541 -0.545023 -0.0922283 
-0.545023 -0.0922283 -0.105331 -0.0675332 
-0.105331 -0.0675332 0.245001 -0.163808 
0.286725 0.20434 0.0865132 0.371925 
0.0865132 0.371925 -0.0837066 0.196159 
-0.209681 0.348588 -0.395812 0.569392 
-0.395812 0.569392 -0.528736 0.278232 
0.0865132 0.371925 -0.395812 0.569392 
0.286725 0.20434 -0.209681 0.348588 
-0.0837066 0.196159 -0.528736 0.278232 
0.0079447 -0.0986624 -0.052094 -0.0821632 
-0.052094 -0.0821632 -0.0335468 0.131682 
-0.0335468 0.131682 0.0288878 0.128788 
0.0288878 0.128788 0.0079447 -0.0986624 
0.167959 -0.0100712 0.0879764 0.00276712 
0.0879764 0.00276712 0.100024 0.125491 
0.100024 0.125491 0.181819 0.1217 
0.181819 0.1217 0.167959 -0.0100712 
