0.319617 -0.474642 0.357969 0.0223845 
-0.331928 -0.336967 -0.286822 0.0637124 
-0.0902486 -0.243451 -0.0649522 0.00913487 
0.31921 -0.310127 0.341616 -0.0223781 
0.319617 -0.474642 -0.331928 -0.336967 
-0.331928 -0.336967 -0.0902486 -0.243451 
-0.0902486 -0.243451 0.31921 -0.310127 
0.31921 -0.310127 0.319617 -0.474642 
0.357969 0.0223845 0.362425 0.184572 
0.362425 0.184572 0.341616 -0.0223781 
-0.286822 0.0637124 -0.133935 0.192914 
-0.133935 0.192914 -0.0649522 0.00913487 
0.362425 0.184572 -0.133935 0.192914 
0.357969 0.0223845 -0.286822 0.0637124 
0.341616 -0.0223781 -0.0649522 0.00913487 
0.319323 -0.35586 0.319262 -0.330883 
0.319262 -0.330883 0.338133 -0.0882433 
0.338133 -0.0882433 0.340085 -0.0885455 
0.340085 -0.0885455 0.319323 -0.35586 
0.332593 -0.255647 0.331028 -0.236513 
0.331028 -0.236513 0.342472 -0.088915 
0.342472 -0.088915 0.345458 -0.0893772 
0.345458 -0.0893772 0.332593 -0.255647 
