0.171402 -0.267506 0.194972 0.0217633 
0.61208 -0.434368 0.637186 0.0508956 
-0.0960143 -0.51318 -0.0270013 0.193938 
-0.286101 -0.267582 -0.246335 0.088207 
0.171402 -0.267506 0.61208 -0.434368 
0.61208 -0.434368 -0.0960143 -0.51318 
-0.0960143 -0.51318 -0.286101 -0.267582 
-0.286101 -0.267582 0.171402 -0.267506 
0.194972 0.0217633 0.0128755 0.217861 
0.0128755 0.217861 -0.246335 0.088207 
0.637186 0.0508956 0.386622 0.401621 
0.386622 0.401621 -0.0270013 0.193938 
0.0128755 0.217861 0.386622 0.401621 
0.194972 0.0217633 0.637186 0.0508956 
-0.246335 0.088207 -0.0270013 0.193938 
-0.0794683 -0.267548 -0.178138 -0.267564 
-0.178138 -0.267564 -0.15062 -0.00454703 
-0.15062 -0.00454703 -0.0547612 -0.0156637 
-0.0547612 -0.0156637 -0.0794683 -0.267548 
0.104538 -0.150507 0.0222747 -0.145731 
0.0222747 -0.145731 0.0333127 -0.0258775 
0.0333127 -0.0258775 0.114513 -0.0352941 
0.114513 -0.0352941 0.104538 -0.150507 
