0 0 0 1 0.206741 -0.429214 
0 0 6.5 1 0.20991 -0.114107 
10 0 0 1 0.663679 -0.649157 
10 0 6.5 1 0.627646 -0.0788968 
10 10 0 1 -0.230507 -0.77439 
10 10 6.5 1 -0.170001 0.00232437 
0 10 0 1 -0.293948 -0.448552 
0 10 6.5 1 -0.259782 -0.0793391 
0 5 10 1 0.00130748 0.0696712 
10 5 10 1 0.285112 0.256317 
0 6 0 1 -0.0736154 -0.440042 
0 8 0 1 -0.179977 -0.44415 
0 8 5 1 -0.159432 -0.165789 
0 6 5 1 -0.0584521 -0.170743 
0 2 2.5 1 0.122304 -0.303482 
0 4 2.5 1 0.0311939 -0.302925 
0 4 5 1 0.0362842 -0.175391 
0 2 5 1 0.125339 -0.17976 
0.5 0.5 -0.5 1 0.197476 -0.462798 
0.5 0.5 6 1 0.201251 -0.135276 
10.5 0.5 -0.5 1 0.676794 -0.726828 
10.5 0.5 6 1 0.637323 -0.114693 
10.5 10.5 -0.5 1 -0.296516 -0.896365 
10.5 10.5 6 1 -0.222361 -0.0397879 
0.5 10.5 -0.5 1 -0.326074 -0.489214 
0.5 10.5 6 1 -0.288525 -0.10283 
0.5 5.5 9.5 1 -0.0151182 0.0539767 
10.5 5.5 9.5 1 0.273165 0.239356 
0.5 6.5 -0.5 1 -0.0948569 -0.477548 
0.5 8.5 -0.5 1 -0.20631 -0.483171 
0.5 8.5 4.5 1 -0.183713 -0.192162 
0.5 6.5 4.5 1 -0.0781461 -0.196429 
0.5 2.5 2 1 0.109918 -0.332873 
0.5 4.5 2 1 0.0150213 -0.333259 
0.5 4.5 4.5 1 0.0206571 -0.200422 
0.5 2.5 4.5 1 0.113327 -0.204168 
