0 0 0 1 0.308989 -0.604323 
0 0 6.5 1 0.28547 -0.173535 
10 0 0 1 -0.384837 -0.767805 
10 0 6.5 1 -0.343231 -0.161869 
10 10 0 1 -0.445172 -0.515599 
10 10 6.5 1 -0.417234 -0.178647 
0 10 0 1 0.00779825 -0.458181 
0 10 6.5 1 0.00773924 -0.183344 
0 5 10 1 0.114121 -0.0153383 
10 5 10 1 -0.373991 0.0337959 
0 6 0 1 0.0975541 -0.501732 
0 8 0 1 0.0491605 -0.478251 
0 8 5 1 0.0473469 -0.247421 
0 6 5 1 0.093362 -0.251105 
0 2 2.5 1 0.217923 -0.407586 
0 4 2.5 1 0.151122 -0.388979 
0 4 5 1 0.147497 -0.255438 
0 2 5 1 0.212109 -0.26061 
0.5 0.5 -0.5 1 0.263038 -0.634353 
0.5 0.5 6 1 0.24323 -0.204204 
10.5 0.5 -0.5 1 -0.442162 -0.808302 
10.5 0.5 6 1 -0.394911 -0.203775 
10.5 10.5 -0.5 1 -0.476742 -0.53962 
10.5 10.5 6 1 -0.447016 -0.203033 
0.5 10.5 -0.5 1 -0.0201095 -0.47805 
0.5 10.5 6 1 -0.0187521 -0.203445 
0.5 5.5 9.5 1 0.0826024 -0.039713 
10.5 5.5 9.5 1 -0.410369 0.00283571 
0.5 6.5 -0.5 1 0.0644299 -0.524717 
0.5 8.5 -0.5 1 0.0188658 -0.499565 
0.5 8.5 4.5 1 0.0183469 -0.268963 
0.5 6.5 4.5 1 0.0617793 -0.274364 
0.5 2.5 2 1 0.178399 -0.435082 
0.5 4.5 2 1 0.115548 -0.414111 
0.5 4.5 4.5 1 0.112832 -0.280713 
0.5 2.5 4.5 1 0.173702 -0.288283 
