0 0 0 1 0.331132 -0.211433 
0 0 6.5 1 0.292792 0.192806 
10 0 0 1 -0.316062 -0.315005 
10 0 6.5 1 -0.365147 0.149062 
10 10 0 1 -0.273703 -0.187252 
10 10 6.5 1 -0.302292 0.0854262 
0 10 0 1 0.12502 -0.133181 
0 10 6.5 1 0.100401 0.117681 
0 5 10 1 0.157737 0.314452 
10 5 10 1 -0.345152 0.295544 
0 6 0 1 0.185391 -0.156101 
0 8 0 1 0.152732 -0.143702 
0 8 5 1 0.132353 0.0648979 
0 6 5 1 0.163309 0.0711393 
0 2 2.5 1 0.258774 -0.0509531 
0 4 2.5 1 0.212428 -0.0464184 
0 4 5 1 0.200357 0.078609 
0 2 5 1 0.245491 0.0877092 
0.5 0.5 -0.5 1 0.290308 -0.239836 
0.5 0.5 6 1 0.252624 0.154485 
10.5 0.5 -0.5 1 -0.345073 -0.344684 
10.5 0.5 6 1 -0.393022 0.106359 
10.5 10.5 -0.5 1 -0.291652 -0.206989 
10.5 10.5 6 1 -0.319854 0.0611398 
0.5 10.5 -0.5 1 0.102514 -0.152164 
0.5 10.5 6 1 0.078173 0.0948426 
0.5 5.5 9.5 1 0.129249 0.282619 
10.5 5.5 9.5 1 -0.366382 0.260634 
0.5 6.5 -0.5 1 0.157874 -0.178009 
0.5 8.5 -0.5 1 0.127963 -0.164045 
0.5 8.5 4.5 1 0.10783 0.0410938 
0.5 6.5 4.5 1 0.136081 0.04513 
0.5 2.5 2 1 0.223759 -0.0798312 
0.5 4.5 2 1 0.181683 -0.0726035 
0.5 4.5 4.5 1 0.169783 0.0499452 
0.5 2.5 4.5 1 0.210683 0.0557888 
