0.0172075 -0.294149 -0.00213483 -0.0358883 
0.452243 -0.29706 0.41147 0.015761 
0.399078 -0.451531 0.333147 0.0925678 
-0.258869 -0.404022 -0.274435 -0.00620549 
0.0172075 -0.294149 0.452243 -0.29706 
0.452243 -0.29706 0.399078 -0.451531 
0.399078 -0.451531 -0.258869 -0.404022 
-0.258869 -0.404022 0.0172075 -0.294149 
-0.00213483 -0.0358883 -0.119859 0.134444 
-0.119859 0.134444 -0.274435 -0.00620549 
0.41147 0.015761 0.35741 0.241928 
0.35741 0.241928 0.333147 0.0925678 
-0.119859 0.134444 0.35741 0.241928 
-0.00213483 -0.0358883 0.41147 0.015761 
-0.274435 -0.00620549 0.333147 0.0925678 
-0.118727 -0.348248 -0.181895 -0.373388 
-0.181895 -0.373388 -0.19557 -0.0943045 
-0.19557 -0.0943045 -0.133249 -0.0941975 
-0.133249 -0.0941975 -0.118727 -0.348248 
-0.0288413 -0.200238 -0.0735316 -0.208925 
-0.0735316 -0.208925 -0.0808817 -0.0941076 
-0.0808817 -0.0941076 -0.0362606 -0.094031 
-0.0362606 -0.094031 -0.0288413 -0.200238 
