-0.162183 -0.310194 -0.135772 -0.0517406 
0.245961 -0.363538 0.265 -0.0871378 
0.314545 -0.555729 0.344198 -0.080489 
-0.364515 -0.448214 -0.314736 -0.0236402 
-0.162183 -0.310194 0.245961 -0.363538 
0.245961 -0.363538 0.314545 -0.555729 
0.314545 -0.555729 -0.364515 -0.448214 
-0.364515 -0.448214 -0.162183 -0.310194 
-0.135772 -0.0517406 -0.186021 0.125186 
-0.186021 0.125186 -0.314736 -0.0236402 
0.265 -0.0871378 0.306387 0.0955501 
0.306387 0.0955501 0.344198 -0.080489 
-0.186021 0.125186 0.306387 0.0955501 
-0.135772 -0.0517406 0.265 -0.0871378 
-0.314736 -0.0236402 0.344198 -0.080489 
-0.258637 -0.37599 -0.305514 -0.407967 
-0.305514 -0.407967 -0.272616 -0.116544 
-0.272616 -0.116544 -0.230033 -0.114551 
-0.230033 -0.114551 -0.258637 -0.37599 
-0.177459 -0.21902 -0.207743 -0.230303 
-0.207743 -0.230303 -0.195234 -0.112923 
-0.195234 -0.112923 -0.166263 -0.111567 
-0.166263 -0.111567 -0.177459 -0.21902 
