-0.42843 -0.84913 -0.338836 -0.0762309 
-0.301275 -0.468525 -0.263837 -0.108822 
0.218572 -0.473023 0.228448 -0.143309 
0.612001 -0.792252 0.595867 -0.146013 
-0.42843 -0.84913 -0.301275 -0.468525 
-0.301275 -0.468525 0.218572 -0.473023 
0.218572 -0.473023 0.612001 -0.792252 
0.612001 -0.792252 -0.42843 -0.84913 
-0.338836 -0.0762309 0.181182 0.211911 
0.181182 0.211911 0.595867 -0.146013 
-0.263837 -0.108822 0.00429892 0.0448246 
0.00429892 0.0448246 0.228448 -0.143309 
0.181182 0.211911 0.00429892 0.0448246 
-0.338836 -0.0762309 -0.263837 -0.108822 
0.595867 -0.146013 0.228448 -0.143309 
0.242122 -0.812472 0.433674 -0.802 
0.433674 -0.802 0.433326 -0.277039 
0.433326 -0.277039 0.255917 -0.268711 
0.255917 -0.268711 0.242122 -0.812472 
-0.161569 -0.530972 0.0514533 -0.530551 
0.0514533 -0.530551 0.0658915 -0.259789 
0.0658915 -0.259789 -0.138147 -0.25021 
-0.138147 -0.25021 -0.161569 -0.530972 
