0 0 0 1 0.321563 -0.482935 
0 0 6.5 1 0.356991 0.018842 
10 0 0 1 -0.332005 -0.344687 
10 0 6.5 1 -0.286188 0.0564811 
10 10 0 1 -0.0866058 -0.253317 
10 10 6.5 1 -0.0616124 -1.57171e-05 
0 10 0 1 0.324913 -0.319926 
0 10 6.5 1 0.345546 -0.0299093 
0 5 10 1 0.363295 0.178748 
10 5 10 1 -0.131892 0.183926 
0 6 0 1 0.323984 -0.365159 
0 8 0 1 0.324492 -0.340448 
0 8 5 1 0.341893 -0.0956164 
0 6 5 1 0.343139 -0.0953372 
0 2 2.5 1 0.334708 -0.262187 
0 4 2.5 1 0.334118 -0.243749 
0 4 5 1 0.344663 -0.0949958 
0 2 5 1 0.34657 -0.0945687 
0.5 0.5 -0.5 1 0.280193 -0.499303 
0.5 0.5 6 1 0.315388 -0.0186456 
10.5 0.5 -0.5 1 -0.341939 -0.362898 
10.5 0.5 6 1 -0.297477 0.0246635 
10.5 10.5 -0.5 1 -0.0985695 -0.267024 
10.5 10.5 6 1 -0.0739442 -0.019214 
0.5 10.5 -0.5 1 0.300535 -0.333797 
0.5 10.5 6 1 0.321092 -0.0509585 
0.5 5.5 9.5 1 0.332445 0.146052 
10.5 5.5 9.5 1 -0.14483 0.155813 
0.5 6.5 -0.5 1 0.294812 -0.380357 
0.5 8.5 -0.5 1 0.297931 -0.354982 
0.5 8.5 4.5 1 0.31526 -0.116787 
0.5 6.5 4.5 1 0.313879 -0.118574 
0.5 2.5 2 1 0.298321 -0.284903 
0.5 4.5 2 1 0.301707 -0.26463 
0.5 4.5 4.5 1 0.312201 -0.120746 
0.5 2.5 4.5 1 0.310118 -0.123442 
