-0.214757 -0.0208997 -0.205678 0.242539 
0.177544 -0.0440674 0.201825 0.214045 
0.309016 -0.167408 0.358085 0.254934 
-0.332172 -0.132659 -0.324742 0.304171 
-0.214757 -0.0208997 0.177544 -0.0440674 
0.177544 -0.0440674 0.309016 -0.167408 
0.309016 -0.167408 -0.332172 -0.132659 
-0.332172 -0.132659 -0.214757 -0.0208997 
-0.205678 0.242539 -0.244661 0.456432 
-0.244661 0.456432 -0.324742 0.304171 
0.201825 0.214045 0.279436 0.415236 
0.279436 0.415236 0.358085 0.254934 
-0.244661 0.456432 0.279436 0.415236 
-0.205678 0.242539 0.201825 0.214045 
-0.324742 0.304171 0.358085 0.254934 
-0.270785 -0.0742292 -0.297979 -0.100113 
-0.297979 -0.100113 -0.291489 0.192822 
-0.291489 0.192822 -0.263898 0.18856 
-0.263898 0.18856 -0.270785 -0.0742292 
-0.226809 0.0715435 -0.245191 0.0638665 
-0.245191 0.0638665 -0.241615 0.185119 
-0.241615 0.185119 -0.223244 0.182281 
-0.223244 0.182281 -0.226809 0.0715435 
