0 0 0 1 -0.580771 -0.281887 
0 0 6.5 1 -0.663494 0.231606 
10 0 0 1 -0.202334 -0.0904649 
10 0 6.5 1 -0.231403 0.205667 
10 10 0 1 0.259505 -0.0961834 
10 10 6.5 1 0.250126 0.249078 
0 10 0 1 0.203867 -0.352298 
0 10 6.5 1 0.178496 0.329795 
0 5 10 1 -0.343324 0.636649 
10 5 10 1 -0.021263 0.410674 
0 6 0 1 -0.16185 -0.31948 
0 8 0 1 0.0103492 -0.334932 
0 8 5 1 -0.0223648 0.146057 
0 6 5 1 -0.205085 0.134218 
0 2 2.5 1 -0.482897 -0.0958231 
0 4 2.5 1 -0.3409 -0.0980577 
0 4 5 1 -0.367424 0.123699 
0 2 5 1 -0.512613 0.114292 
0.5 0.5 -0.5 1 -0.514259 -0.303902 
0.5 0.5 6 1 -0.589115 0.191545 
10.5 0.5 -0.5 1 -0.169879 -0.106673 
10.5 0.5 6 1 -0.196973 0.183393 
10.5 10.5 -0.5 1 0.287792 -0.114796 
10.5 10.5 6 1 0.28008 0.222254 
0.5 10.5 -0.5 1 0.260195 -0.378176 
0.5 10.5 6 1 0.24179 0.272416 
0.5 5.5 9.5 1 -0.266322 0.573175 
10.5 5.5 9.5 1 0.0125688 0.382 
0.5 6.5 -0.5 1 -0.0990281 -0.343724 
0.5 8.5 -0.5 1 0.070491 -0.359982 
0.5 8.5 4.5 1 0.043487 0.100528 
0.5 6.5 4.5 1 -0.136306 0.0917118 
0.5 2.5 2 1 -0.414185 -0.125513 
0.5 4.5 2 1 -0.273357 -0.12922 
0.5 4.5 4.5 1 -0.296738 0.0838454 
0.5 2.5 4.5 1 -0.440777 0.0767828 
