0 0 0 1 0.256721 -0.496981 
0 0 6.5 1 0.235986 -0.1631 
10 0 0 1 0.710918 -0.773948 
10 0 6.5 1 0.622141 -0.1292 
10 10 0 1 -0.319517 -0.948232 
10 10 6.5 1 -0.287345 -0.130834 
0 10 0 1 -0.267772 -0.542619 
0 10 6.5 1 -0.255434 -0.167753 
0 5 10 1 0.000526143 0.00679831 
10 5 10 1 0.195809 0.189314 
0 6 0 1 -0.0433609 -0.523092 
0 8 0 1 -0.152899 -0.532624 
0 8 5 1 -0.149402 -0.246818 
0 6 5 1 -0.0454675 -0.244069 
0 2 2.5 1 0.155036 -0.368811 
0 4 2.5 1 0.0575031 -0.374267 
0 4 5 1 0.053983 -0.241438 
0 2 5 1 0.149233 -0.238919 
0.5 0.5 -0.5 1 0.246365 -0.534792 
0.5 0.5 6 1 0.225581 -0.187301 
10.5 0.5 -0.5 1 0.722904 -0.87004 
10.5 0.5 6 1 0.62705 -0.172827 
10.5 10.5 -0.5 1 -0.400262 -1.08869 
10.5 10.5 6 1 -0.353566 -0.185455 
0.5 10.5 -0.5 1 -0.300664 -0.587067 
0.5 10.5 6 1 -0.285557 -0.194979 
0.5 5.5 9.5 1 -0.0181593 -0.012039 
10.5 5.5 9.5 1 0.172738 0.165107 
0.5 6.5 -0.5 1 -0.066024 -0.564644 
0.5 8.5 -0.5 1 -0.180445 -0.575579 
0.5 8.5 4.5 1 -0.175343 -0.276798 
0.5 6.5 4.5 1 -0.0670224 -0.273264 
0.5 2.5 2 1 0.141073 -0.401911 
0.5 4.5 2 1 0.0396479 -0.408326 
0.5 4.5 4.5 1 0.0364586 -0.269887 
0.5 2.5 4.5 1 0.135417 -0.266658 
