0.303788 -0.604384 0.283339 -0.17448 
-0.388261 -0.766994 -0.342696 -0.15826 
-0.453665 -0.513261 -0.423099 -0.174779 
0.000568542 -0.457391 0.00255399 -0.18247 
0.303788 -0.604384 -0.388261 -0.766994 
-0.388261 -0.766994 -0.453665 -0.513261 
-0.453665 -0.513261 0.000568542 -0.457391 
0.000568542 -0.457391 0.303788 -0.604384 
0.283339 -0.17448 0.111497 -0.0152257 
0.111497 -0.0152257 0.00255399 -0.18247 
-0.342696 -0.15826 -0.375992 0.0384592 
-0.375992 0.0384592 -0.423099 -0.174779 
0.111497 -0.0152257 -0.375992 0.0384592 
0.283339 -0.17448 -0.342696 -0.15826 
0.00255399 -0.18247 -0.423099 -0.174779 
0.0911018 -0.501279 0.0423073 -0.477624 
0.0423073 -0.477624 0.0421928 -0.246808 
0.0421928 -0.246808 0.0887354 -0.250762 
0.0887354 -0.250762 0.0911018 -0.501279 
0.213432 -0.407733 0.146104 -0.388845 
0.146104 -0.388845 0.143442 -0.255411 
0.143442 -0.255411 0.208669 -0.260953 
0.208669 -0.260953 0.213432 -0.407733 
