-0.509061 -0.879822 -0.443 -0.110187 
-0.270325 -0.51683 -0.253121 -0.156559 
0.267714 -0.505502 0.249919 -0.156961 
0.624922 -0.831678 0.54586 -0.113722 
-0.509061 -0.879822 -0.270325 -0.51683 
-0.270325 -0.51683 0.267714 -0.505502 
0.267714 -0.505502 0.624922 -0.831678 
0.624922 -0.831678 -0.509061 -0.879822 
-0.443 -0.110187 0.061604 0.214143 
0.061604 0.214143 0.54586 -0.113722 
-0.253121 -0.156559 0.0018829 0.0155669 
0.0018829 0.0155669 0.249919 -0.156961 
0.061604 0.214143 0.0018829 0.0155669 
-0.443 -0.110187 -0.253121 -0.156559 
0.54586 -0.113722 0.249919 -0.156961 
0.190295 -0.85013 0.410596 -0.840777 
0.410596 -0.840777 0.368603 -0.26422 
0.368603 -0.26422 0.170046 -0.265404 
0.170046 -0.265404 0.190295 -0.85013 
-0.255083 -0.5523 -0.0348189 -0.547184 
-0.0348189 -0.547184 -0.0335495 -0.266617 
-0.0335495 -0.266617 -0.242378 -0.267862 
-0.242378 -0.267862 -0.255083 -0.5523 
