0 0 0 1 0.377411 -0.601939 
0 0 6.5 1 0.325346 -0.0064215 
10 0 0 1 -0.278606 -0.48268 
10 0 6.5 1 -0.266924 -0.0754694 
10 10 0 1 0.036296 -0.379207 
10 10 6.5 1 0.0286386 -0.110339 
0 10 0 1 0.490706 -0.418216 
0 10 6.5 1 0.453009 -0.0785091 
0 5 10 1 0.384567 0.154401 
10 5 10 1 -0.0911227 0.0627586 
0 6 0 1 0.459809 -0.46832 
0 8 0 1 0.476739 -0.440865 
0 8 5 1 0.445384 -0.150494 
0 6 5 1 0.426301 -0.147342 
0 2 2.5 1 0.392332 -0.33441 
0 4 2.5 1 0.420324 -0.31693 
0 4 5 1 0.40298 -0.143491 
0 2 5 1 0.373833 -0.138677 
0.5 0.5 -0.5 1 0.345082 -0.626612 
0.5 0.5 6 1 0.298651 -0.0560835 
10.5 0.5 -0.5 1 -0.277728 -0.503799 
10.5 0.5 6 1 -0.26649 -0.10839 
10.5 10.5 -0.5 1 0.029531 -0.395641 
10.5 10.5 6 1 0.0223696 -0.131953 
0.5 10.5 -0.5 1 0.468765 -0.437827 
0.5 10.5 6 1 0.433432 -0.106353 
0.5 5.5 9.5 1 0.363336 0.113219 
10.5 5.5 9.5 1 -0.0952904 0.0333604 
0.5 6.5 -0.5 1 0.434476 -0.490164 
0.5 8.5 -0.5 1 0.453212 -0.461567 
0.5 8.5 4.5 1 0.424016 -0.179016 
0.5 6.5 4.5 1 0.403508 -0.178725 
0.5 2.5 2 1 0.36453 -0.366651 
0.5 4.5 2 1 0.394518 -0.346283 
0.5 4.5 4.5 1 0.378616 -0.178371 
0.5 2.5 4.5 1 0.347764 -0.177932 
