0.251489 -0.098095 0.262262 0.259772 
-0.0667723 -0.340797 -0.0899687 0.302492 
-0.574785 -0.169831 -0.633542 0.252606 
-0.153544 -0.0394149 -0.167751 0.237885 
0.251489 -0.098095 -0.0667723 -0.340797 
-0.0667723 -0.340797 -0.574785 -0.169831 
-0.574785 -0.169831 -0.153544 -0.0394149 
-0.153544 -0.0394149 0.251489 -0.098095 
0.262262 0.259772 0.0157968 0.432454 
0.0157968 0.432454 -0.167751 0.237885 
-0.0899687 0.302492 -0.454569 0.594111 
-0.454569 0.594111 -0.633542 0.252606 
0.0157968 0.432454 -0.454569 0.594111 
0.262262 0.259772 -0.0899687 0.302492 
-0.167751 0.237885 -0.633542 0.252606 
-0.0152043 -0.0594572 -0.0875865 -0.0489706 
-0.0875865 -0.0489706 -0.0959885 0.171434 
-0.0959885 0.171434 -0.0206756 0.171694 
-0.0206756 0.171694 -0.0152043 -0.0594572 
0.154263 0.0410134 0.0636805 0.0475827 
0.0636805 0.0475827 0.0627266 0.171982 
0.0627266 0.171982 0.155595 0.172303 
0.155595 0.172303 0.154263 0.0410134 
