0 0 0 1 0.249797 -0.0779514 
0 0 6.5 1 0.277544 0.2876 
10 0 0 1 -0.139539 -0.264761 
10 0 6.5 1 -0.140526 0.381141 
10 10 0 1 -0.569023 -0.0872057 
10 10 6.5 1 -0.604672 0.322616 
0 10 0 1 -0.136694 -0.00287571 
0 10 6.5 1 -0.13694 0.272884 
0 5 10 1 0.0457158 0.465123 
10 5 10 1 -0.445529 0.659307 
0 6 0 1 -0.00712897 -0.0280436 
0 8 0 1 -0.0752287 -0.0148152 
0 8 5 1 -0.0727694 0.205374 
0 6 5 1 -0.0014216 0.203968 
0 2 2.5 1 0.160965 0.0673986 
0 4 2.5 1 0.0734863 0.0769107 
0 4 5 1 0.0784611 0.202394 
0 2 5 1 0.168508 0.20062 
0.5 0.5 -0.5 1 0.211056 -0.104579 
0.5 0.5 6 1 0.235986 0.258999 
10.5 0.5 -0.5 1 -0.206754 -0.310973 
10.5 0.5 6 1 -0.2167 0.328644 
10.5 10.5 -0.5 1 -0.612087 -0.116864 
10.5 10.5 6 1 -0.651245 0.29049 
0.5 10.5 -0.5 1 -0.165971 -0.0230237 
0.5 10.5 6 1 -0.167798 0.251627 
0.5 5.5 9.5 1 0.00907548 0.439876 
10.5 5.5 9.5 1 -0.506663 0.6171 
0.5 6.5 -0.5 1 -0.0395769 -0.0503642 
0.5 8.5 -0.5 1 -0.10601 -0.035994 
0.5 8.5 4.5 1 -0.104881 0.183262 
0.5 6.5 4.5 1 -0.0353513 0.180609 
0.5 2.5 2 1 0.123663 0.0417406 
0.5 4.5 2 1 0.0383701 0.0527501 
0.5 4.5 4.5 1 0.0424949 0.177638 
0.5 2.5 4.5 1 0.130245 0.174289 
