0 0 0 1 -0.537954 -0.551902 
0 0 6.5 1 -0.560795 0.0742017 
10 0 0 1 -0.2175 -0.321504 
10 0 6.5 1 -0.238765 -0.00117485 
10 10 0 1 0.289217 -0.287901 
10 10 6.5 1 0.25129 0.0483286 
0 10 0 1 0.478794 -0.508176 
0 10 6.5 1 0.3908 0.181802 
0 5 10 1 -0.134656 0.447902 
10 5 10 1 -0.0150483 0.191611 
0 6 0 1 0.0456418 -0.526804 
0 8 0 1 0.257418 -0.517697 
0 8 5 1 0.200635 0.00979977 
0 6 5 1 -0.000193724 -0.00979624 
0 2 2.5 1 -0.365014 -0.289635 
0 4 2.5 1 -0.175429 -0.276199 
0 4 5 1 -0.192884 -0.0285982 
0 2 5 1 -0.377922 -0.0466533 
0.5 0.5 -0.5 1 -0.461843 -0.577283 
0.5 0.5 6 1 -0.487971 0.0280632 
10.5 0.5 -0.5 1 -0.184304 -0.339092 
10.5 0.5 6 1 -0.206118 -0.0242736 
10.5 10.5 -0.5 1 0.313871 -0.307113 
10.5 10.5 6 1 0.275951 0.0230556 
0.5 10.5 -0.5 1 0.521081 -0.538125 
0.5 10.5 6 1 0.434007 0.126758 
0.5 5.5 9.5 1 -0.0758666 0.387509 
10.5 5.5 9.5 1 0.0136638 0.164644 
0.5 6.5 -0.5 1 0.103353 -0.554767 
0.5 8.5 -0.5 1 0.307776 -0.546623 
0.5 8.5 4.5 1 0.250908 -0.038221 
0.5 6.5 4.5 1 0.0566929 -0.0561187 
0.5 2.5 2 1 -0.295518 -0.32473 
0.5 4.5 2 1 -0.111752 -0.312505 
0.5 4.5 4.5 1 -0.129944 -0.073318 
0.5 2.5 4.5 1 -0.309439 -0.0898591 
