0.247276 -0.128476 0.288462 0.239797 
-0.22809 -0.245033 -0.194071 0.381791 
-0.55041 -0.0702589 -0.545143 0.310415 
-0.111294 -0.0367504 -0.0933897 0.230175 
0.247276 -0.128476 -0.22809 -0.245033 
-0.22809 -0.245033 -0.55041 -0.0702589 
-0.55041 -0.0702589 -0.111294 -0.0367504 
-0.111294 -0.0367504 0.247276 -0.128476 
0.288462 0.239797 0.0811755 0.41073 
0.0811755 0.41073 -0.0933897 0.230175 
-0.194071 0.381791 -0.406188 0.615643 
-0.406188 0.615643 -0.545143 0.310415 
0.0811755 0.41073 -0.406188 0.615643 
0.288462 0.239797 -0.194071 0.381791 
-0.0933897 0.230175 -0.545143 0.310415 
0.00561131 -0.0666557 -0.0562349 -0.0508349 
-0.0562349 -0.0508349 -0.0403075 0.164743 
-0.0403075 0.164743 0.0242715 0.162139 
0.0242715 0.162139 0.00561131 -0.0666557 
0.168262 0.0233666 0.0864238 0.0355281 
0.0864238 0.0355281 0.0975872 0.159184 
0.0975872 0.159184 0.181541 0.1558 
0.181541 0.1558 0.168262 0.0233666 
