0 0 0 1 -0.0471983 -0.39419 
0 0 6.5 1 -0.047827 -0.127015 
10 0 0 1 0.390161 -0.420174 
10 0 6.5 1 0.364317 -0.110608 
10 10 0 1 0.396686 -0.593487 
10 10 6.5 1 0.352126 -0.0504388 
0 10 0 1 -0.305317 -0.513081 
0 10 6.5 1 -0.286301 -0.0883763 
0 5 10 1 -0.138586 0.0487656 
10 5 10 1 0.344074 0.101262 
0 6 0 1 -0.172024 -0.451685 
0 8 0 1 -0.231511 -0.479085 
0 8 5 1 -0.222153 -0.182082 
0 6 5 1 -0.166472 -0.183422 
0 2 2.5 1 -0.081572 -0.295461 
0 4 2.5 1 -0.121591 -0.303999 
0 4 5 1 -0.120192 -0.184536 
0 2 5 1 -0.0811176 -0.185476 
0.5 0.5 -0.5 1 -0.0360602 -0.421461 
0.5 0.5 6 1 -0.0372781 -0.145102 
10.5 0.5 -0.5 1 0.418868 -0.452966 
10.5 0.5 6 1 0.390447 -0.131003 
10.5 10.5 -0.5 1 0.449534 -0.664723 
10.5 10.5 6 1 0.396894 -0.0824048 
0.5 10.5 -0.5 1 -0.300079 -0.563544 
0.5 10.5 6 1 -0.280612 -0.115186 
0.5 5.5 9.5 1 -0.129221 0.033404 
10.5 5.5 9.5 1 0.375136 0.0850957 
0.5 6.5 -0.5 1 -0.162509 -0.48951 
0.5 8.5 -0.5 1 -0.223576 -0.522374 
0.5 8.5 4.5 1 -0.214276 -0.210445 
0.5 6.5 4.5 1 -0.157235 -0.209122 
0.5 2.5 2 1 -0.0708841 -0.321155 
0.5 4.5 2 1 -0.111367 -0.332294 
0.5 4.5 4.5 1 -0.110159 -0.208029 
0.5 2.5 4.5 1 -0.0706456 -0.207113 
