0 0 0 1 0.088468 -0.0656016 
0 0 6.5 1 0.077019 0.19355 
10 0 0 1 0.515422 -0.12292 
10 0 6.5 1 0.524929 0.228771 
10 10 0 1 0.270564 -0.338514 
10 10 6.5 1 0.262174 0.23706 
0 10 0 1 -0.239764 -0.179669 
0 10 6.5 1 -0.276315 0.183544 
0 5 10 1 -0.0803266 0.36536 
10 5 10 1 0.430592 0.494918 
0 6 0 1 -0.081086 -0.124525 
0 8 0 1 -0.154497 -0.150037 
0 8 5 1 -0.17639 0.105251 
0 6 5 1 -0.098466 0.113323 
0 2 2.5 1 0.0334431 0.0199884 
0 4 2.5 1 -0.0240088 0.00695416 
0 4 5 1 -0.0310505 0.120307 
0 2 5 1 0.0278481 0.126408 
0.5 0.5 -0.5 1 0.0935633 -0.0915261 
0.5 0.5 6 1 0.0820434 0.173179 
10.5 0.5 -0.5 1 0.536745 -0.160143 
10.5 0.5 6 1 0.547896 0.201849 
10.5 10.5 -0.5 1 0.292397 -0.412814 
10.5 10.5 6 1 0.285807 0.190692 
0.5 10.5 -0.5 1 -0.24406 -0.220432 
0.5 10.5 6 1 -0.28225 0.153741 
0.5 5.5 9.5 1 -0.0791621 0.345987 
10.5 5.5 9.5 1 0.45657 0.47184 
0.5 6.5 -0.5 1 -0.0799948 -0.157791 
0.5 8.5 -0.5 1 -0.155699 -0.186695 
0.5 8.5 4.5 1 -0.178387 0.0755985 
0.5 6.5 4.5 1 -0.097874 0.0861344 
0.5 2.5 2 1 0.03748 -0.00575387 
0.5 4.5 2 1 -0.0213396 -0.0209135 
0.5 4.5 4.5 1 -0.0285353 0.0952081 
0.5 2.5 4.5 1 0.0318048 0.103104 
