0 0 0 1 0.25179 -0.458482 
0 0 6.5 1 0.2058 0.151483 
10 0 0 1 -0.227095 -0.274965 
10 0 6.5 1 -0.267628 0.0850519 
10 10 0 1 0.128422 -0.151683 
10 10 6.5 1 0.106543 0.110861 
0 10 0 1 0.571627 -0.212402 
0 10 6.5 1 0.553478 0.162016 
0 5 10 1 0.40736 0.422502 
10 5 10 1 -0.0665733 0.269696 
0 6 0 1 0.478804 -0.28382 
0 8 0 1 0.529105 -0.245118 
0 8 5 1 0.512998 0.0646881 
0 6 5 1 0.459823 0.054048 
0 2 2.5 1 0.330711 -0.184299 
0 4 2.5 1 0.407163 -0.147288 
0 4 5 1 0.395619 0.0412012 
0 2 5 1 0.31656 0.0253816 
0.5 0.5 -0.5 1 0.241584 -0.467066 
0.5 0.5 6 1 0.198246 0.101077 
10.5 0.5 -0.5 1 -0.214369 -0.287456 
10.5 0.5 6 1 -0.252903 0.0575804 
10.5 10.5 -0.5 1 0.127437 -0.16446 
10.5 10.5 6 1 0.106187 0.0900297 
0.5 10.5 -0.5 1 0.552143 -0.227853 
0.5 10.5 6 1 0.5342 0.130395 
0.5 5.5 9.5 1 0.390809 0.368888 
10.5 5.5 9.5 1 -0.0609726 0.239793 
0.5 6.5 -0.5 1 0.460377 -0.298537 
0.5 8.5 -0.5 1 0.509936 -0.260364 
0.5 8.5 4.5 1 0.494103 0.0350927 
0.5 6.5 4.5 1 0.441856 0.0223321 
0.5 2.5 2 1 0.316787 -0.208264 
0.5 4.5 2 1 0.390513 -0.170906 
0.5 4.5 4.5 1 0.379358 0.00706793 
0.5 2.5 4.5 1 0.303265 -0.0115167 
