0 0 0 1 -0.525524 -0.708567 
0 0 6.5 1 -0.508094 -0.0193393 
10 0 0 1 -0.234077 -0.427582 
10 0 6.5 1 -0.24031 -0.0889024 
10 10 0 1 0.290619 -0.401144 
10 10 6.5 1 0.256559 -0.0585946 
0 10 0 1 0.563508 -0.662853 
0 10 6.5 1 0.467507 0.0428153 
0 5 10 1 -0.0448385 0.33036 
10 5 10 1 -0.00368059 0.0951461 
0 6 0 1 0.119027 -0.681511 
0 8 0 1 0.339749 -0.672246 
0 8 5 1 0.282892 -0.118709 
0 6 5 1 0.0805058 -0.130669 
0 2 2.5 1 -0.315239 -0.415475 
0 4 2.5 1 -0.109482 -0.405003 
0 4 5 1 -0.119373 -0.142482 
0 2 5 1 -0.316792 -0.154148 
0.5 0.5 -0.5 1 -0.447694 -0.73531 
0.5 0.5 6 1 -0.438516 -0.0688514 
10.5 0.5 -0.5 1 -0.201357 -0.446546 
10.5 0.5 6 1 -0.20914 -0.113409 
10.5 10.5 -0.5 1 0.313065 -0.420957 
10.5 10.5 6 1 0.278506 -0.0840666 
0.5 10.5 -0.5 1 0.597982 -0.692405 
0.5 10.5 6 1 0.502151 -0.0105206 
0.5 5.5 9.5 1 0.00574207 0.270269 
10.5 5.5 9.5 1 0.022419 0.0676504 
0.5 6.5 -0.5 1 0.171551 -0.709902 
0.5 8.5 -0.5 1 0.383371 -0.701211 
0.5 8.5 4.5 1 0.32527 -0.166751 
0.5 6.5 4.5 1 0.130393 -0.177965 
0.5 2.5 2 1 -0.248355 -0.452863 
0.5 4.5 2 1 -0.050346 -0.443038 
0.5 4.5 4.5 1 -0.0621628 -0.189045 
0.5 2.5 4.5 1 -0.252437 -0.199994 
