0.321892 -0.129259 0.346698 0.300872 
-0.312479 -0.132696 -0.344018 0.2941 
-0.189517 -0.00463479 -0.201849 0.256989 
0.201639 -0.0020044 0.210024 0.260865 
0.321892 -0.129259 -0.312479 -0.132696 
-0.312479 -0.132696 -0.189517 -0.00463479 
-0.189517 -0.00463479 0.201639 -0.0020044 
0.201639 -0.0020044 0.321892 -0.129259 
0.346698 0.300872 0.26911 0.470156 
0.26911 0.470156 0.210024 0.260865 
-0.344018 0.2941 -0.266046 0.46398 
-0.266046 0.46398 -0.201849 0.256989 
0.26911 0.470156 -0.266046 0.46398 
0.346698 0.300872 -0.344018 0.2941 
0.210024 0.260865 -0.201849 0.256989 
0.23664 -0.0390428 0.217683 -0.0189822 
0.217683 -0.0189822 0.225312 0.197388 
0.225312 0.197388 0.245905 0.19695 
0.245905 0.19695 0.23664 -0.0390428 
0.294182 0.0474743 0.264958 0.063301 
0.264958 0.063301 0.270829 0.196421 
0.270829 0.196421 0.301611 0.195767 
0.301611 0.195767 0.294182 0.0474743 
