0.314007 -0.602237 0.287531 -0.170985 
-0.380967 -0.766087 -0.343522 -0.163672 
-0.436417 -0.516154 -0.411224 -0.180998 
0.01505 -0.45735 0.0129481 -0.1828 
0.314007 -0.602237 -0.380967 -0.766087 
-0.380967 -0.766087 -0.436417 -0.516154 
-0.436417 -0.516154 0.01505 -0.45735 
0.01505 -0.45735 0.314007 -0.602237 
0.287531 -0.170985 0.116754 -0.0140244 
0.116754 -0.0140244 0.0129481 -0.1828 
-0.343522 -0.163672 -0.37187 0.0306836 
-0.37187 0.0306836 -0.411224 -0.180998 
0.116754 -0.0140244 -0.37187 0.0306836 
0.287531 -0.170985 -0.343522 -0.163672 
0.0129481 -0.1828 -0.411224 -0.180998 
0.103983 -0.500451 0.0560167 -0.477204 
0.0560167 -0.477204 0.0525132 -0.246554 
0.0525132 -0.246554 0.0979857 -0.249932 
0.0979857 -0.249932 0.103983 -0.500451 
0.222336 -0.405709 0.156099 -0.387451 
0.156099 -0.387451 0.151528 -0.25391 
0.151528 -0.25391 0.215497 -0.258662 
0.215497 -0.258662 0.222336 -0.405709 
