0 0 0 1 0.240097 -0.258326 
0 0 6.5 1 0.278123 0.112558 
10 0 0 1 -0.302394 -0.352065 
10 0 6.5 1 -0.243842 0.245732 
10 10 0 1 -0.537143 -0.168663 
10 10 6.5 1 -0.503319 0.184491 
0 10 0 1 -0.0954981 -0.1517 
0 10 6.5 1 -0.069674 0.107698 
0 5 10 1 0.0900206 0.274743 
10 5 10 1 -0.383825 0.447697 
0 6 0 1 0.0112234 -0.185608 
0 8 0 1 -0.0455502 -0.167569 
0 8 5 1 -0.0243326 0.0446149 
0 6 5 1 0.034004 0.0410678 
0 2 2.5 1 0.165071 -0.0991299 
0 4 2.5 1 0.088607 -0.0847731 
0 4 5 1 0.100915 0.0369994 
0 2 5 1 0.178442 0.0322856 
0.5 0.5 -0.5 1 0.196465 -0.281988 
0.5 0.5 6 1 0.234246 0.0877867 
10.5 0.5 -0.5 1 -0.3701 -0.389677 
10.5 0.5 6 1 -0.312156 0.205244 
10.5 10.5 -0.5 1 -0.576614 -0.19142 
10.5 10.5 6 1 -0.542999 0.160728 
0.5 10.5 -0.5 1 -0.125389 -0.168471 
0.5 10.5 6 1 -0.0996814 0.090384 
0.5 5.5 9.5 1 0.0542876 0.253953 
10.5 5.5 9.5 1 -0.43421 0.416883 
0.5 6.5 -0.5 1 -0.0229789 -0.204591 
0.5 8.5 -0.5 1 -0.077452 -0.185378 
0.5 8.5 4.5 1 -0.0563364 0.0263338 
0.5 6.5 4.5 1 -0.000315103 0.0215459 
0.5 2.5 2 1 0.12503 -0.121356 
0.5 4.5 2 1 0.0516804 -0.105406 
0.5 4.5 4.5 1 0.0639209 0.0160558 
0.5 2.5 4.5 1 0.138321 0.00969709 
