0 0 0 1 0.287382 -0.407152 
0 0 6.5 1 0.258466 -0.0528449 
10 0 0 1 0.41146 -0.659752 
10 0 6.5 1 0.338192 0.0790094 
10 10 0 1 -0.625336 -0.616148 
10 10 6.5 1 -0.576761 0.0114614 
0 10 0 1 -0.232795 -0.405709 
0 10 6.5 1 -0.229317 -0.0790545 
0 5 10 1 -0.000879671 0.100108 
10 5 10 1 -0.155864 0.346823 
0 6 0 1 -0.0353885 -0.406257 
0 8 0 1 -0.13575 -0.405978 
0 8 5 1 -0.13745 -0.147206 
0 6 5 1 -0.0417981 -0.143257 
0 2 2.5 1 0.167369 -0.267543 
0 4 2.5 1 0.0626024 -0.269614 
0 4 5 1 0.0570209 -0.139177 
0 2 5 1 0.159167 -0.134959 
0.5 0.5 -0.5 1 0.263659 -0.443041 
0.5 0.5 6 1 0.235514 -0.0771249 
10.5 0.5 -0.5 1 0.366741 -0.754674 
10.5 0.5 6 1 0.295444 0.0363426 
10.5 10.5 -0.5 1 -0.715779 -0.692714 
10.5 10.5 6 1 -0.654836 -0.0278592 
0.5 10.5 -0.5 1 -0.267859 -0.43852 
0.5 10.5 6 1 -0.262216 -0.102032 
0.5 5.5 9.5 1 -0.0284809 0.0813075 
10.5 5.5 9.5 1 -0.215616 0.322449 
0.5 6.5 -0.5 1 -0.0664375 -0.440233 
0.5 8.5 -0.5 1 -0.168884 -0.439361 
0.5 8.5 4.5 1 -0.169067 -0.172581 
0.5 6.5 4.5 1 -0.0715241 -0.168956 
0.5 2.5 2 1 0.141448 -0.298139 
0.5 4.5 2 1 0.0343704 -0.299732 
0.5 4.5 4.5 1 0.029332 -0.165207 
0.5 2.5 4.5 1 0.133673 -0.161329 
