-0.193726 -0.118844 -0.173359 0.136614 
0.198576 -0.158069 0.226751 0.0998705 
0.303482 -0.307369 0.354062 0.119917 
-0.342373 -0.239997 -0.313234 0.180538 
-0.193726 -0.118844 0.198576 -0.158069 
0.198576 -0.158069 0.303482 -0.307369 
0.303482 -0.307369 -0.342373 -0.239997 
-0.342373 -0.239997 -0.193726 -0.118844 
-0.173359 0.136614 -0.212469 0.330592 
-0.212469 0.330592 -0.313234 0.180538 
0.226751 0.0998705 0.294586 0.287087 
0.294586 0.287087 0.354062 0.119917 
-0.212469 0.330592 0.294586 0.287087 
-0.173359 0.136614 0.226751 0.0998705 
-0.313234 0.180538 0.354062 0.119917 
-0.264714 -0.176703 -0.299132 -0.204754 
-0.299132 -0.204754 -0.27854 0.0798786 
-0.27854 0.0798786 -0.245607 0.0788703 
-0.245607 0.0788703 -0.264714 -0.176703 
-0.205129 -0.029576 -0.22785 -0.0388909 
-0.22785 -0.0388909 -0.218877 0.0780519 
-0.218877 0.0780519 -0.196748 0.0773744 
-0.196748 0.0773744 -0.205129 -0.029576 
