0 0 0 1 0.341821 -0.535724 
0 0 6.5 1 0.347434 0.00281657 
10 0 0 1 -0.324254 -0.403928 
10 0 6.5 1 -0.28061 0.00114031 
10 10 0 1 -0.050514 -0.323204 
10 10 6.5 1 -0.0326649 -0.0631599 
0 10 0 1 0.378683 -0.382881 
0 10 6.5 1 0.380311 -0.0736669 
0 5 10 1 0.369536 0.148155 
10 5 10 1 -0.116988 0.120804 
0 6 0 1 0.368565 -0.424832 
0 8 0 1 0.374103 -0.40187 
0 8 5 1 0.37566 -0.138885 
0 6 5 1 0.370511 -0.134528 
0 2 2.5 1 0.354763 -0.300792 
0 4 2.5 1 0.363005 -0.287289 
0 4 5 1 0.364217 -0.129199 
0 2 5 1 0.356345 -0.122536 
0.5 0.5 -0.5 1 0.30222 -0.557336 
0.5 0.5 6 1 0.310515 -0.0401319 
10.5 0.5 -0.5 1 -0.331086 -0.424975 
10.5 0.5 6 1 -0.28849 -0.0320598 
10.5 10.5 -0.5 1 -0.0610749 -0.338572 
10.5 10.5 6 1 -0.0432161 -0.0835862 
0.5 10.5 -0.5 1 0.354775 -0.399462 
0.5 10.5 6 1 0.357415 -0.0973833 
0.5 5.5 9.5 1 0.342032 0.112458 
10.5 5.5 9.5 1 -0.127266 0.0920437 
0.5 6.5 -0.5 1 0.340139 -0.443427 
0.5 8.5 -0.5 1 0.34813 -0.419423 
0.5 8.5 4.5 1 0.350611 -0.163142 
0.5 6.5 4.5 1 0.343188 -0.161274 
0.5 2.5 2 1 0.320586 -0.328351 
0.5 4.5 2 1 0.332302 -0.312285 
0.5 4.5 4.5 1 0.334168 -0.159004 
0.5 2.5 4.5 1 0.322974 -0.156186 
