0 0 0 1 0.323266 -0.592079 
0 0 6.5 1 0.2913 -0.161136 
10 0 0 1 -0.372213 -0.755222 
10 0 6.5 1 -0.34355 -0.161897 
10 10 0 1 -0.418376 -0.511952 
10 10 6.5 1 -0.398934 -0.181151 
0 10 0 1 0.0294155 -0.45087 
0 10 6.5 1 0.0232932 -0.177491 
0 5 10 1 0.121936 -0.00715557 
10 5 10 1 -0.367398 0.0290972 
0 6 0 1 0.11656 -0.492747 
0 8 0 1 0.0695298 -0.470147 
0 8 5 1 0.0627251 -0.24042 
0 6 5 1 0.107066 -0.243091 
0 2 2.5 1 0.230732 -0.396835 
0 4 2.5 1 0.165745 -0.379469 
0 4 5 1 0.159359 -0.246241 
0 2 5 1 0.221956 -0.250012 
0.5 0.5 -0.5 1 0.277843 -0.622473 
0.5 0.5 6 1 0.249599 -0.192764 
10.5 0.5 -0.5 1 -0.426029 -0.794926 
10.5 0.5 6 1 -0.392215 -0.204086 
10.5 10.5 -0.5 1 -0.448118 -0.535788 
10.5 10.5 6 1 -0.427034 -0.205697 
0.5 10.5 -0.5 1 0.00225823 -0.470952 
0.5 10.5 6 1 -0.0024818 -0.198044 
0.5 5.5 9.5 1 0.0910996 -0.0323213 
10.5 5.5 9.5 1 -0.401731 -0.00231693 
0.5 6.5 -0.5 1 0.0841745 -0.515991 
0.5 8.5 -0.5 1 0.0399858 -0.491695 
0.5 8.5 4.5 1 0.0344496 -0.262415 
0.5 6.5 4.5 1 0.0761976 -0.266868 
0.5 2.5 2 1 0.191847 -0.424852 
0.5 4.5 2 1 0.130869 -0.405051 
0.5 4.5 4.5 1 0.125382 -0.272113 
0.5 2.5 4.5 1 0.184183 -0.278385 
