-0.179782 -0.217587 -0.154072 0.036741 
0.217916 -0.266343 0.24409 -0.00218778 
0.303127 -0.439008 0.347009 0.00613879 
-0.355696 -0.348372 -0.313109 0.0695629 
-0.179782 -0.217587 0.217916 -0.266343 
0.217916 -0.266343 0.303127 -0.439008 
0.303127 -0.439008 -0.355696 -0.348372 
-0.355696 -0.348372 -0.179782 -0.217587 
-0.154072 0.036741 -0.197039 0.219025 
-0.197039 0.219025 -0.313109 0.0695629 
0.24409 -0.00218778 0.300051 0.178994 
0.300051 0.178994 0.347009 0.00613879 
-0.197039 0.219025 0.300051 0.178994 
-0.154072 0.036741 0.24409 -0.00218778 
-0.313109 0.0695629 0.347009 0.00613879 
-0.263722 -0.279993 -0.304465 -0.310284 
-0.304465 -0.310284 -0.275495 -0.0253214 
-0.275495 -0.0253214 -0.237766 -0.0242014 
-0.237766 -0.0242014 -0.263722 -0.279993 
-0.192259 -0.128637 -0.218784 -0.139242 
-0.218784 -0.139242 -0.207035 -0.0232892 
-0.207035 -0.0232892 -0.181521 -0.0225318 
-0.181521 -0.0225318 -0.192259 -0.128637 
