0 0 0 1 -0.393087 -0.428638 
0 0 6.5 1 -0.408401 -0.109668 
10 0 0 1 0.0335511 -0.336307 
10 0 6.5 1 0.010636 -0.0769145 
10 10 0 1 0.331915 -0.442104 
10 10 6.5 1 0.285956 -0.0428675 
0 10 0 1 -0.300563 -0.646719 
0 10 6.5 1 -0.331643 -0.0864141 
0 5 10 1 -0.39068 0.105411 
10 5 10 1 0.103707 0.0983859 
0 6 0 1 -0.350521 -0.528966 
0 8 0 1 -0.32884 -0.58007 
0 8 5 1 -0.34897 -0.201831 
0 6 5 1 -0.367711 -0.195055 
0 2 2.5 1 -0.388287 -0.318789 
0 4 2.5 1 -0.375264 -0.337007 
0 4 5 1 -0.382644 -0.189655 
0 2 5 1 -0.394824 -0.18525 
0.5 0.5 -0.5 1 -0.362712 -0.454788 
0.5 0.5 6 1 -0.379126 -0.131069 
10.5 0.5 -0.5 1 0.0627216 -0.356625 
10.5 0.5 6 1 0.0388583 -0.0940962 
10.5 10.5 -0.5 1 0.382049 -0.475372 
10.5 10.5 6 1 0.33349 -0.0686628 
0.5 10.5 -0.5 1 -0.244452 -0.698177 
0.5 10.5 6 1 -0.279124 -0.123093 
0.5 5.5 9.5 1 -0.353991 0.0821157 
10.5 5.5 9.5 1 0.138452 0.0800443 
0.5 6.5 -0.5 1 -0.308594 -0.566167 
0.5 8.5 -0.5 1 -0.280841 -0.623286 
0.5 8.5 4.5 1 -0.303046 -0.23633 
0.5 6.5 4.5 1 -0.327381 -0.225474 
0.5 2.5 2 1 -0.35536 -0.345555 
0.5 4.5 2 1 -0.338694 -0.366851 
0.5 4.5 4.5 1 -0.346698 -0.216856 
0.5 2.5 4.5 1 -0.362404 -0.209849 
