0 0 0 1 -0.448959 -0.494963 
0 0 6.5 1 -0.44328 -0.150901 
10 0 0 1 -0.00119751 -0.40461 
10 0 6.5 1 -0.015509 -0.134936 
10 10 0 1 0.32433 -0.51177 
10 10 6.5 1 0.282486 -0.101999 
0 10 0 1 -0.316315 -0.7251 
0 10 6.5 1 -0.318606 -0.114786 
0 5 10 1 -0.395394 0.0758428 
10 5 10 1 0.0921827 0.040198 
0 6 0 1 -0.388379 -0.60007 
0 8 0 1 -0.357233 -0.654108 
0 8 5 1 -0.356261 -0.239996 
0 6 5 1 -0.385799 -0.235657 
0 2 2.5 1 -0.430563 -0.372929 
0 4 2.5 1 -0.411069 -0.390747 
0 4 5 1 -0.409348 -0.232198 
0 2 5 1 -0.428562 -0.229376 
0.5 0.5 -0.5 1 -0.416807 -0.523974 
0.5 0.5 6 1 -0.412781 -0.174188 
10.5 0.5 -0.5 1 0.0284942 -0.426438 
10.5 0.5 6 1 0.0127848 -0.153246 
10.5 10.5 -0.5 1 0.37495 -0.546948 
10.5 10.5 6 1 0.329275 -0.129019 
0.5 10.5 -0.5 1 -0.255302 -0.782704 
0.5 10.5 6 1 -0.263285 -0.154273 
0.5 5.5 9.5 1 -0.357406 0.0507398 
10.5 5.5 9.5 1 0.126453 0.0207705 
0.5 6.5 -0.5 1 -0.343449 -0.641492 
0.5 8.5 -0.5 1 -0.305471 -0.702334 
0.5 8.5 4.5 1 -0.307757 -0.277452 
0.5 6.5 4.5 1 -0.343345 -0.268746 
0.5 2.5 2 1 -0.395839 -0.402357 
0.5 4.5 2 1 -0.372385 -0.423551 
0.5 4.5 4.5 1 -0.371611 -0.261831 
0.5 2.5 4.5 1 -0.394603 -0.256207 
