-0.589061 -0.228408 -0.653876 0.245026 
-0.189 -0.0591556 -0.203625 0.229156 
0.250532 -0.1061 0.264135 0.241414 
0.0848055 -0.381068 0.0883431 0.276519 
-0.589061 -0.228408 -0.189 -0.0591556 
-0.189 -0.0591556 0.250532 -0.1061 
0.250532 -0.1061 0.0848055 -0.381068 
0.0848055 -0.381068 -0.589061 -0.228408 
-0.653876 0.245026 -0.37677 0.611676 
-0.37677 0.611676 0.0883431 0.276519 
-0.203625 0.229156 0.00546878 0.421815 
0.00546878 0.421815 0.264135 0.241414 
-0.37677 0.611676 0.00546878 0.421815 
-0.653876 0.245026 -0.203625 0.229156 
0.0883431 0.276519 0.264135 0.241414 
-0.238166 -0.307901 -0.0881041 -0.341896 
-0.0881041 -0.341896 -0.10269 0.113557 
-0.10269 0.113557 -0.265402 0.117818 
-0.265402 0.117818 -0.238166 -0.307901 
-0.506692 -0.0707656 -0.387181 -0.0864676 
-0.387181 -0.0864676 -0.406229 0.121506 
-0.406229 0.121506 -0.529308 0.124729 
-0.529308 0.124729 -0.506692 -0.0707656 
