0 0 0 1 -0.43983 -0.865347 
0 0 6.5 1 -0.350255 -0.0876307 
10 0 0 1 -0.300372 -0.48058 
10 0 6.5 1 -0.263937 -0.119598 
10 10 0 1 0.222615 -0.483968 
10 10 6.5 1 0.230138 -0.151437 
0 10 0 1 0.615249 -0.808675 
0 10 6.5 1 0.592635 -0.152334 
0 5 10 1 0.170298 0.204124 
10 5 10 1 0.00362576 0.0357712 
0 6 0 1 0.237853 -0.828946 
0 8 0 1 0.432977 -0.818465 
0 8 5 1 0.428483 -0.285452 
0 6 5 1 0.248515 -0.277793 
0 2 2.5 1 -0.171823 -0.543642 
0 4 2.5 1 0.043056 -0.542856 
0 4 5 1 0.056461 -0.26962 
0 2 5 1 -0.14894 -0.260879 
0.5 0.5 -0.5 1 -0.373225 -0.886293 
0.5 0.5 6 1 -0.29506 -0.144938 
10.5 0.5 -0.5 1 -0.272344 -0.500691 
10.5 0.5 6 1 -0.238295 -0.14766 
10.5 10.5 -0.5 1 0.235702 -0.502359 
10.5 10.5 6 1 0.242415 -0.176593 
0.5 10.5 -0.5 1 0.622154 -0.828979 
0.5 10.5 6 1 0.599882 -0.198703 
0.5 5.5 9.5 1 0.196086 0.141151 
10.5 5.5 9.5 1 0.0213418 0.00592955 
0.5 6.5 -0.5 1 0.264016 -0.849601 
0.5 8.5 -0.5 1 0.448889 -0.838955 
0.5 8.5 4.5 1 0.443441 -0.328276 
0.5 6.5 4.5 1 0.27223 -0.322297 
0.5 2.5 2 1 -0.123987 -0.579456 
0.5 4.5 2 1 0.0786729 -0.577518 
0.5 4.5 4.5 1 0.0900656 -0.315936 
0.5 2.5 4.5 1 -0.104136 -0.309155 
