0 0 0 1 -0.16568 -0.295977 
0 0 6.5 1 -0.139039 -0.0384673 
10 0 0 1 0.240462 -0.348958 
10 0 6.5 1 0.26105 -0.0749008 
10 10 0 1 0.311658 -0.538447 
10 10 6.5 1 0.344215 -0.0687776 
0 10 0 1 -0.363771 -0.433139 
0 10 6.5 1 -0.314675 -0.0100462 
0 5 10 1 -0.187848 0.138965 
10 5 10 1 0.305056 0.107043 
0 6 0 1 -0.26012 -0.361369 
0 8 0 1 -0.306013 -0.393147 
0 8 5 1 -0.273408 -0.103055 
0 6 5 1 -0.231625 -0.101108 
0 2 2.5 1 -0.180364 -0.205318 
0 4 2.5 1 -0.210034 -0.216547 
0 4 5 1 -0.197499 -0.0995177 
0 2 5 1 -0.169102 -0.0981945 
0.5 0.5 -0.5 1 -0.154383 -0.323463 
0.5 0.5 6 1 -0.127307 -0.0592567 
10.5 0.5 -0.5 1 0.263054 -0.37956 
10.5 0.5 6 1 0.283731 -0.0979084 
10.5 10.5 -0.5 1 0.354368 -0.600534 
10.5 10.5 6 1 0.386935 -0.10813 
0.5 10.5 -0.5 1 -0.352993 -0.484741 
0.5 10.5 6 1 -0.302269 -0.0432715 
0.5 5.5 9.5 1 -0.174851 0.118629 
10.5 5.5 9.5 1 0.334786 0.084116 
0.5 6.5 -0.5 1 -0.24828 -0.39971 
0.5 8.5 -0.5 1 -0.294427 -0.437183 
0.5 8.5 4.5 1 -0.260907 -0.135918 
0.5 6.5 4.5 1 -0.2191 -0.130489 
0.5 2.5 2 1 -0.168561 -0.23258 
0.5 4.5 2 1 -0.197968 -0.246727 
0.5 4.5 4.5 1 -0.185175 -0.126084 
0.5 2.5 4.5 1 -0.157094 -0.122437 
