0.28652 -0.371797 0.250093 -0.0448808 
0.649443 -0.635466 0.556056 0.0153257 
-0.388479 -0.779246 -0.419354 -0.0628988 
-0.224782 -0.428846 -0.245564 -0.0861439 
0.28652 -0.371797 0.649443 -0.635466 
0.649443 -0.635466 -0.388479 -0.779246 
-0.388479 -0.779246 -0.224782 -0.428846 
-0.224782 -0.428846 0.28652 -0.371797 
0.250093 -0.0448808 -0.00739987 0.106132 
-0.00739987 0.106132 -0.245564 -0.0861439 
0.556056 0.0153257 0.056832 0.3095 
0.056832 0.3095 -0.419354 -0.0628988 
-0.00739987 0.106132 0.056832 0.3095 
0.250093 -0.0448808 0.556056 0.0153257 
-0.245564 -0.0861439 -0.419354 -0.0628988 
-0.0149679 -0.405436 -0.118962 -0.417039 
-0.118962 -0.417039 -0.137671 -0.153918 
-0.137671 -0.153918 -0.0361848 -0.144824 
-0.0361848 -0.144824 -0.0149679 -0.405436 
0.174576 -0.253322 0.0752764 -0.263295 
0.0752764 -0.263295 0.0636098 -0.135882 
0.0636098 -0.135882 0.161754 -0.127088 
0.161754 -0.127088 0.174576 -0.253322 
