0.267114 -0.182227 0.249699 0.165372 
0.0696265 -0.486068 0.0189627 0.171862 
-0.574929 -0.350808 -0.645434 0.101568 
-0.168705 -0.15623 -0.19754 0.124112 
0.267114 -0.182227 0.0696265 -0.486068 
0.0696265 -0.486068 -0.574929 -0.350808 
-0.574929 -0.350808 -0.168705 -0.15623 
-0.168705 -0.15623 0.267114 -0.182227 
0.249699 0.165372 -0.0122563 0.319523 
-0.0122563 0.319523 -0.19754 0.124112 
0.0189627 0.171862 -0.41705 0.449523 
-0.41705 0.449523 -0.645434 0.101568 
-0.0122563 0.319523 -0.41705 0.449523 
0.249699 0.165372 0.0189627 0.171862 
-0.19754 0.124112 -0.645434 0.101568 
-0.0158343 -0.165348 -0.0952821 -0.160609 
-0.0952821 -0.160609 -0.116196 0.0618995 
-0.116196 0.0618995 -0.0353927 0.0664132 
-0.0353927 0.0664132 -0.0158343 -0.165348 
0.156579 -0.0516194 0.0615995 -0.0513365 
0.0615995 -0.0513365 0.0525282 0.0713244 
0.0525282 0.0713244 0.14855 0.0766881 
0.14855 0.0766881 0.156579 -0.0516194 
