0.154454 -0.12371 0.183677 0.15313 
0.584344 -0.267992 0.645096 0.164469 
0.0335095 -0.371876 0.0991834 0.297817 
-0.264957 -0.138214 -0.238785 0.219779 
0.154454 -0.12371 0.584344 -0.267992 
0.584344 -0.267992 0.0335095 -0.371876 
0.0335095 -0.371876 -0.264957 -0.138214 
-0.264957 -0.138214 0.154454 -0.12371 
0.183677 0.15313 0.015508 0.35665 
0.015508 0.35665 -0.238785 0.219779 
0.645096 0.164469 0.469275 0.51793 
0.469275 0.51793 0.0991834 0.297817 
0.015508 0.35665 0.469275 0.51793 
0.183677 0.15313 0.645096 0.164469 
-0.238785 0.219779 0.0991834 0.297817 
-0.0713087 -0.131518 -0.162883 -0.134684 
-0.162883 -0.134684 -0.141937 0.123877 
-0.141937 0.123877 -0.0497179 0.113554 
-0.0497179 0.113554 -0.0713087 -0.131518 
0.0972505 -0.0160596 0.0222133 -0.0132442 
0.0222133 -0.0132442 0.0333163 0.104258 
0.0333163 0.104258 0.108473 0.0958448 
0.108473 0.0958448 0.0972505 -0.0160596 
