0 0 0 1 0.164589 -0.209134 
0 0 6.5 1 0.192138 0.074088 
10 0 0 1 0.600634 -0.365607 
10 0 6.5 1 0.642542 0.097391 
10 10 0 1 -0.0465903 -0.445308 
10 10 6.5 1 0.0226365 0.246395 
0 10 0 1 -0.278235 -0.210098 
0 10 6.5 1 -0.241344 0.144929 
0 5 10 1 0.0166584 0.273954 
10 5 10 1 0.421625 0.452069 
0 6 0 1 -0.0765243 -0.209659 
0 8 0 1 -0.172488 -0.209868 
0 8 5 1 -0.145861 0.0503547 
0 6 5 1 -0.0514819 0.0385704 
0 2 2.5 1 0.102222 -0.0954602 
0 4 2.5 1 0.0227886 -0.0906104 
0 4 5 1 0.0345815 0.0278244 
0 2 5 1 0.113382 0.0179853 
0.5 0.5 -0.5 1 0.15795 -0.236659 
0.5 0.5 6 1 0.186373 0.0553772 
10.5 0.5 -0.5 1 0.611984 -0.419566 
10.5 0.5 6 1 0.655949 0.0674619 
10.5 10.5 -0.5 1 -0.0802943 -0.53452 
10.5 10.5 6 1 -0.00528239 0.212227 
0.5 10.5 -0.5 1 -0.3039 -0.24495 
0.5 10.5 6 1 -0.265436 0.124038 
0.5 5.5 9.5 1 0.00424294 0.259952 
10.5 5.5 9.5 1 0.424188 0.437835 
0.5 6.5 -0.5 1 -0.0926187 -0.241157 
0.5 8.5 -0.5 1 -0.192946 -0.242958 
0.5 8.5 4.5 1 -0.165254 0.0269965 
0.5 6.5 4.5 1 -0.0666346 0.0159126 
0.5 2.5 2 1 0.0933017 -0.120486 
0.5 4.5 2 1 0.0107937 -0.116615 
0.5 4.5 4.5 1 0.0230039 0.00583802 
0.5 2.5 4.5 1 0.104835 -0.00335906 
