0 0 0 1 0.0692468 -0.118919 
0 0 6.5 1 0.0470723 0.136228 
10 0 0 1 0.498817 -0.143272 
10 0 6.5 1 0.481484 0.192064 
10 10 0 1 0.326272 -0.344179 
10 10 6.5 1 0.28833 0.222002 
0 10 0 1 -0.237787 -0.240174 
0 10 6.5 1 -0.279688 0.129696 
0 5 10 1 -0.102018 0.302505 
10 5 10 1 0.396672 0.442301 
0 6 0 1 -0.0868511 -0.180566 
0 8 0 1 -0.156083 -0.207907 
0 8 5 1 -0.18363 0.0514517 
0 6 5 1 -0.110883 0.0591461 
0 2 2.5 1 0.0147394 -0.0335452 
0 4 2.5 1 -0.0379442 -0.0467013 
0 4 5 1 -0.0486428 0.0657291 
0 2 5 1 0.00521295 0.0714253 
0.5 0.5 -0.5 1 0.076947 -0.143896 
0.5 0.5 6 1 0.0543402 0.117597 
10.5 0.5 -0.5 1 0.523941 -0.177068 
10.5 0.5 6 1 0.506706 0.169318 
10.5 10.5 -0.5 1 0.359251 -0.414572 
10.5 10.5 6 1 0.320575 0.183811 
0.5 10.5 -0.5 1 -0.238387 -0.281537 
0.5 10.5 6 1 -0.281983 0.101808 
0.5 5.5 9.5 1 -0.0980868 0.285372 
10.5 5.5 9.5 1 0.425542 0.424368 
0.5 6.5 -0.5 1 -0.0824277 -0.213462 
0.5 8.5 -0.5 1 -0.153735 -0.244587 
0.5 8.5 4.5 1 -0.182229 0.0233541 
0.5 6.5 4.5 1 -0.10717 0.0335649 
0.5 2.5 2 1 0.0214847 -0.0580264 
0.5 4.5 2 1 -0.0323111 -0.0733899 
0.5 4.5 4.5 1 -0.0432864 0.0422554 
0.5 2.5 4.5 1 0.0117443 0.0497415 
