0.282868 -0.245874 0.25151 0.101358 
0.164888 -0.558919 0.0992866 0.129804 
-0.581035 -0.458729 -0.639873 0.0314207 
-0.175526 -0.239607 -0.205978 0.048735 
0.282868 -0.245874 0.164888 -0.558919 
0.164888 -0.558919 -0.581035 -0.458729 
-0.581035 -0.458729 -0.175526 -0.239607 
-0.175526 -0.239607 0.282868 -0.245874 
0.25151 0.101358 -0.0154629 0.245017 
-0.0154629 0.245017 -0.205978 0.048735 
0.0992866 0.129804 -0.368009 0.389885 
-0.368009 0.389885 -0.639873 0.0314207 
-0.0154629 0.245017 -0.368009 0.389885 
0.25151 0.101358 0.0992866 0.129804 
-0.205978 0.048735 -0.639873 0.0314207 
-0.0120013 -0.241843 -0.096609 -0.240686 
-0.096609 -0.240686 -0.120197 -0.0116241 
-0.120197 -0.0116241 -0.0357753 -0.00446552 
-0.0357753 -0.00446552 -0.0120013 -0.241843 
0.164981 -0.116991 0.0670238 -0.120431 
0.0670238 -0.120431 0.0550138 0.00323302 
0.0550138 0.00323302 0.152919 0.011535 
0.152919 0.011535 0.164981 -0.116991 
