0.318229 -0.205166 0.361686 0.22632 
-0.310453 -0.162629 -0.319559 0.248677 
-0.158982 -0.0319856 -0.157174 0.223471 
0.230491 -0.053745 0.25184 0.209367 
0.318229 -0.205166 -0.310453 -0.162629 
-0.310453 -0.162629 -0.158982 -0.0319856 
-0.158982 -0.0319856 0.230491 -0.053745 
0.230491 -0.053745 0.318229 -0.205166 
0.361686 0.22632 0.30982 0.409295 
0.30982 0.409295 0.25184 0.209367 
-0.319559 0.248677 -0.219169 0.418932 
-0.219169 0.418932 -0.157174 0.223471 
0.30982 0.409295 -0.219169 0.418932 
0.361686 0.22632 -0.319559 0.248677 
0.25184 0.209367 -0.157174 0.223471 
0.255905 -0.0976052 0.242128 -0.0738284 
0.242128 -0.0738284 0.260268 0.142972 
0.260268 0.142972 0.276413 0.138956 
0.276413 0.138956 0.255905 -0.0976052 
0.306127 -0.0205364 0.283944 0.000760225 
0.283944 0.000760225 0.295992 0.134087 
0.295992 0.134087 0.320231 0.128058 
0.320231 0.128058 0.306127 -0.0205364 
