-0.484501 -0.907399 -0.401235 -0.11955 
-0.289403 -0.518863 -0.260739 -0.154654 
0.245309 -0.515602 0.240159 -0.171745 
0.627725 -0.85417 0.573677 -0.156029 
-0.484501 -0.907399 -0.289403 -0.518863 
-0.289403 -0.518863 0.245309 -0.515602 
0.245309 -0.515602 0.627725 -0.85417 
0.627725 -0.85417 -0.484501 -0.907399 
-0.401235 -0.11955 0.116374 0.189602 
0.116374 0.189602 0.573677 -0.156029 
-0.260739 -0.154654 0.00210213 0.00945421 
0.00210213 0.00945421 0.240159 -0.171745 
0.116374 0.189602 0.00210213 0.00945421 
-0.401235 -0.11955 -0.260739 -0.154654 
0.573677 -0.156029 0.240159 -0.171745 
0.216455 -0.873853 0.427143 -0.86377 
0.427143 -0.86377 0.402197 -0.298842 
0.402197 -0.298842 0.211052 -0.29509 
0.211052 -0.29509 0.216455 -0.873853 
-0.217487 -0.575319 0.00335013 -0.572578 
0.00335013 -0.572578 0.0109938 -0.291163 
0.0109938 -0.291163 -0.198617 -0.287049 
-0.198617 -0.287049 -0.217487 -0.575319 
