-0.116943 -0.399293 -0.0989101 -0.13225 
0.309722 -0.447313 0.309292 -0.149714 
0.354354 -0.646833 0.349997 -0.124343 
-0.351907 -0.535476 -0.306986 -0.100371 
-0.116943 -0.399293 0.309722 -0.447313 
0.309722 -0.447313 0.354354 -0.646833 
0.354354 -0.646833 -0.351907 -0.535476 
-0.351907 -0.535476 -0.116943 -0.399293 
-0.0989101 -0.13225 -0.165787 0.0440996 
-0.165787 0.0440996 -0.306986 -0.100371 
0.309292 -0.149714 0.323619 0.045562 
0.323619 0.045562 0.349997 -0.124343 
-0.165787 0.0440996 0.323619 0.045562 
-0.0989101 -0.13225 0.309292 -0.149714 
-0.306986 -0.100371 0.349997 -0.124343 
-0.229253 -0.464387 -0.283638 -0.495908 
-0.283638 -0.495908 -0.255586 -0.194356 
-0.255586 -0.194356 -0.206286 -0.193533 
-0.206286 -0.193533 -0.229253 -0.464387 
-0.139762 -0.302728 -0.175123 -0.313294 
-0.175123 -0.313294 -0.165727 -0.192856 
-0.165727 -0.192856 -0.131773 -0.192289 
-0.131773 -0.192289 -0.139762 -0.302728 
