0 0 0 1 0.263863 -0.4403 
0 0 6.5 1 0.253231 -0.0886148 
10 0 0 1 0.469225 -0.71083 
10 0 6.5 1 0.421955 0.021269 
10 10 0 1 -0.621475 -0.64601 
10 10 6.5 1 -0.536701 0.0226082 
0 10 0 1 -0.264716 -0.419891 
0 10 6.5 1 -0.242311 -0.0835212 
0 5 10 1 0.00362139 0.0817927 
10 5 10 1 -0.0655699 0.331808 
0 6 0 1 -0.0587818 -0.427843 
0 8 0 1 -0.162634 -0.423833 
0 8 5 1 -0.149962 -0.159012 
0 6 5 1 -0.0510882 -0.160643 
0 2 2.5 1 0.152989 -0.296559 
0 4 2.5 1 0.0481899 -0.293701 
0 4 5 1 0.0494293 -0.162301 
0 2 5 1 0.151632 -0.163986 
0.5 0.5 -0.5 1 0.241292 -0.475545 
0.5 0.5 6 1 0.231849 -0.111528 
10.5 0.5 -0.5 1 0.43328 -0.806624 
10.5 0.5 6 1 0.388114 -0.0191115 
10.5 10.5 -0.5 1 -0.720587 -0.729067 
10.5 10.5 6 1 -0.618995 -0.014456 
0.5 10.5 -0.5 1 -0.30169 -0.452997 
0.5 10.5 6 1 -0.27633 -0.105354 
0.5 5.5 9.5 1 -0.023324 0.0647009 
10.5 5.5 9.5 1 -0.121233 0.311781 
0.5 6.5 -0.5 1 -0.0903118 -0.461775 
0.5 8.5 -0.5 1 -0.196936 -0.457347 
0.5 8.5 4.5 1 -0.182199 -0.183463 
0.5 6.5 4.5 1 -0.0808151 -0.185346 
0.5 2.5 2 1 0.127952 -0.326343 
0.5 4.5 2 1 0.02032 -0.32314 
0.5 4.5 4.5 1 0.0223018 -0.187262 
0.5 2.5 4.5 1 0.127197 -0.189212 
