0.314109 -0.272207 0.365758 0.164113 
-0.31338 -0.198086 -0.306119 0.205003 
-0.140827 -0.0704823 -0.129676 0.181025 
0.248745 -0.108514 0.276524 0.15556 
0.314109 -0.272207 -0.31338 -0.198086 
-0.31338 -0.198086 -0.140827 -0.0704823 
-0.140827 -0.0704823 0.248745 -0.108514 
0.248745 -0.108514 0.314109 -0.272207 
0.365758 0.164113 0.330727 0.350381 
0.330727 0.350381 0.276524 0.15556 
-0.306119 0.205003 -0.190477 0.369623 
-0.190477 0.369623 -0.129676 0.181025 
0.330727 0.350381 -0.190477 0.369623 
0.365758 0.164113 -0.306119 0.205003 
0.276524 0.15556 -0.129676 0.181025 
0.267554 -0.155617 0.257345 -0.130051 
0.257345 -0.130051 0.280678 0.0882413 
0.280678 0.0882413 0.293532 0.0829023 
0.293532 0.0829023 0.267554 -0.155617 
0.311394 -0.0813331 0.294213 -0.0576864 
0.294213 -0.0576864 0.30915 0.0764159 
0.30915 0.0764159 0.328528 0.0683675 
0.328528 0.0683675 0.311394 -0.0813331 
