0 0 0 1 0.27704 -0.243425 
0 0 6.5 1 0.243668 0.0790583 
10 0 0 1 0.562155 -0.471733 
10 0 6.5 1 0.493376 0.171289 
10 10 0 1 -0.43396 -0.576881 
10 10 6.5 1 -0.494845 0.0737726 
0 10 0 1 -0.220791 -0.294617 
0 10 6.5 1 -0.252183 0.0297744 
0 5 10 1 -0.0209343 0.227484 
10 5 10 1 -0.0326381 0.466482 
0 6 0 1 -0.0210323 -0.274076 
0 8 0 1 -0.120807 -0.284336 
0 8 5 1 -0.145286 -0.0348498 
0 6 5 1 -0.0458178 -0.0248848 
0 2 2.5 1 0.165172 -0.129112 
0 4 2.5 1 0.0659673 -0.139182 
0 4 5 1 0.053443 -0.0149405 
0 2 5 1 0.152497 -0.00501705 
0.5 0.5 -0.5 1 0.261603 -0.277472 
0.5 0.5 6 1 0.227428 0.0535789 
10.5 0.5 -0.5 1 0.545834 -0.553801 
10.5 0.5 6 1 0.473538 0.124211 
10.5 10.5 -0.5 1 -0.504598 -0.665576 
10.5 10.5 6 1 -0.568119 0.0209237 
0.5 10.5 -0.5 1 -0.249435 -0.330198 
0.5 10.5 6 1 -0.281523 0.00286489 
0.5 5.5 9.5 1 -0.0440881 0.205873 
10.5 5.5 9.5 1 -0.0805225 0.435108 
0.5 6.5 -0.5 1 -0.0443598 -0.30904 
0.5 8.5 -0.5 1 -0.146787 -0.319607 
0.5 8.5 4.5 1 -0.17182 -0.0634539 
0.5 6.5 4.5 1 -0.0697153 -0.053197 
0.5 2.5 2 1 0.146814 -0.160143 
0.5 4.5 2 1 0.0449868 -0.17051 
0.5 4.5 4.5 1 0.0321703 -0.042962 
0.5 2.5 4.5 1 0.133838 -0.0327489 
