0 0 0 1 -0.189005 -0.151278 
0 0 6.5 1 -0.166377 0.103136 
10 0 0 1 0.204472 -0.194156 
10 0 6.5 1 0.232539 0.0651045 
10 10 0 1 0.302444 -0.351324 
10 10 6.5 1 0.351607 0.0803369 
0 10 0 1 -0.346718 -0.275659 
0 10 6.5 1 -0.312501 0.14274 
0 5 10 1 -0.20638 0.292504 
10 5 10 1 0.296727 0.249504 
0 6 0 1 -0.264311 -0.210668 
0 8 0 1 -0.30083 -0.239469 
0 8 5 1 -0.277018 0.0444405 
0 6 5 1 -0.242507 0.0442534 
0 2 2.5 1 -0.200584 -0.0624126 
0 4 2.5 1 -0.224566 -0.0721977 
0 4 5 1 -0.214462 0.0441014 
0 2 5 1 -0.191222 0.0439755 
0.5 0.5 -0.5 1 -0.176002 -0.177003 
0.5 0.5 6 1 -0.152752 0.082244 
10.5 0.5 -0.5 1 0.225797 -0.221307 
10.5 0.5 6 1 0.254719 0.0429731 
10.5 10.5 -0.5 1 0.34179 -0.402537 
10.5 10.5 6 1 0.393546 0.0432132 
0.5 10.5 -0.5 1 -0.330347 -0.322575 
0.5 10.5 6 1 -0.294622 0.109054 
0.5 5.5 9.5 1 -0.190188 0.270955 
10.5 5.5 9.5 1 0.326603 0.226232 
0.5 6.5 -0.5 1 -0.249202 -0.246043 
0.5 8.5 -0.5 1 -0.285026 -0.27983 
0.5 8.5 4.5 1 -0.260279 0.0119672 
0.5 6.5 4.5 1 -0.226625 0.015221 
0.5 2.5 2 1 -0.186634 -0.0885693 
0.5 4.5 2 1 -0.209861 -0.101084 
0.5 4.5 4.5 1 -0.199429 0.0178506 
0.5 2.5 4.5 1 -0.176993 0.0200197 
