0.0834824 -0.0765428 0.0687945 0.181405 
0.511163 -0.124973 0.513509 0.222442 
0.285375 -0.339085 0.269336 0.233916 
-0.238912 -0.193857 -0.277826 0.170571 
0.0834824 -0.0765428 0.511163 -0.124973 
0.511163 -0.124973 0.285375 -0.339085 
0.285375 -0.339085 -0.238912 -0.193857 
-0.238912 -0.193857 0.0834824 -0.0765428 
0.0687945 0.181405 -0.0868683 0.351235 
-0.0868683 0.351235 -0.277826 0.170571 
0.513509 0.222442 0.421637 0.483982 
0.421637 0.483982 0.269336 0.233916 
-0.0868683 0.351235 0.421637 0.483982 
0.0687945 0.181405 0.513509 0.222442 
-0.277826 0.170571 0.269336 0.233916 
-0.0824152 -0.136911 -0.154667 -0.163202 
-0.154667 -0.163202 -0.178621 0.0927526 
-0.178621 0.0927526 -0.102021 0.101113 
-0.102021 0.101113 -0.0824152 -0.136911 
0.0284645 0.0086253 -0.0277211 -0.00471529 
-0.0277211 -0.00471529 -0.0359405 0.108325 
-0.0359405 0.108325 0.0216482 0.11461 
0.0216482 0.11461 0.0284645 0.0086253 
