0 0 0 1 -0.089947 -0.410616 
0 0 6.5 1 -0.0787279 -0.141933 
10 0 0 1 0.342853 -0.451292 
10 0 6.5 1 0.331892 -0.146958 
10 10 0 1 0.374345 -0.643127 
10 10 6.5 1 0.352779 -0.107623 
0 10 0 1 -0.335603 -0.540671 
0 10 6.5 1 -0.299104 -0.106562 
0 5 10 1 -0.154723 0.0347019 
10 5 10 1 0.33257 0.0552978 
0 6 0 1 -0.207802 -0.47301 
0 8 0 1 -0.264586 -0.503073 
0 8 5 1 -0.242823 -0.200986 
0 6 5 1 -0.190866 -0.201183 
0 2 2.5 1 -0.117182 -0.31236 
0 4 2.5 1 -0.154506 -0.32209 
0 4 5 1 -0.147954 -0.201346 
0 2 5 1 -0.111915 -0.201483 
0.5 0.5 -0.5 1 -0.0789636 -0.438952 
0.5 0.5 6 1 -0.0679734 -0.161235 
10.5 0.5 -0.5 1 0.370012 -0.484865 
10.5 0.5 6 1 0.357173 -0.1689 
10.5 10.5 -0.5 1 0.425733 -0.716093 
10.5 10.5 6 1 0.397939 -0.143616 
0.5 10.5 -0.5 1 -0.329556 -0.594079 
0.5 10.5 6 1 -0.291878 -0.135932 
0.5 5.5 9.5 1 -0.144467 0.0176552 
10.5 5.5 9.5 1 0.363518 0.0363798 
0.5 6.5 -0.5 1 -0.198006 -0.512644 
0.5 8.5 -0.5 1 -0.256135 -0.548629 
0.5 8.5 4.5 1 -0.233944 -0.231524 
0.5 6.5 4.5 1 -0.180931 -0.228708 
0.5 2.5 2 1 -0.106372 -0.339361 
0.5 4.5 2 1 -0.143994 -0.351915 
0.5 4.5 4.5 1 -0.13746 -0.2264 
0.5 2.5 4.5 1 -0.101168 -0.224472 
