0 0 0 1 -0.349544 -0.292238 
0 0 6.5 1 -0.379754 0.00162692 
10 0 0 1 0.0570703 -0.211965 
10 0 6.5 1 0.0320669 0.0379653 
10 10 0 1 0.320375 -0.309651 
10 10 6.5 1 0.282186 0.0786358 
0 10 0 1 -0.299534 -0.477378 
0 10 6.5 1 -0.351422 0.0283817 
0 5 10 1 -0.38999 0.212381 
10 5 10 1 0.113652 0.218148 
0 6 0 1 -0.326253 -0.378463 
0 8 0 1 -0.314576 -0.421689 
0 8 5 1 -0.349457 -0.0819083 
0 6 5 1 -0.357246 -0.0766904 
0 2 2.5 1 -0.355862 -0.192524 
0 4 2.5 1 -0.349509 -0.208353 
0 4 5 1 -0.363465 -0.0725246 
0 2 5 1 -0.368544 -0.0691218 
0.5 0.5 -0.5 1 -0.321525 -0.31574 
0.5 0.5 6 1 -0.352047 -0.0183485 
10.5 0.5 -0.5 1 0.0850389 -0.231085 
10.5 0.5 6 1 0.0598246 0.0213913 
10.5 10.5 -0.5 1 0.3683 -0.34109 
10.5 10.5 6 1 0.32962 0.0533776 
0.5 10.5 -0.5 1 -0.249841 -0.522076 
0.5 10.5 6 1 -0.302655 -0.0057794 
0.5 5.5 9.5 1 -0.354922 0.190242 
10.5 5.5 9.5 1 0.148577 0.200179 
0.5 6.5 -0.5 1 -0.288297 -0.411386 
0.5 8.5 -0.5 1 -0.271536 -0.45963 
0.5 8.5 4.5 1 -0.306959 -0.113683 
0.5 6.5 4.5 1 -0.319718 -0.104759 
0.5 2.5 2 1 -0.325306 -0.216901 
0.5 4.5 2 1 -0.315738 -0.235453 
0.5 4.5 4.5 1 -0.329866 -0.0976611 
0.5 2.5 4.5 1 -0.338131 -0.0918805 
