-0.606929 -0.214961 -0.571094 0.18745 
-0.152915 -0.163623 -0.126654 0.106061 
0.233398 -0.269798 0.271307 0.0921316 
-0.193635 -0.436504 -0.130572 0.212871 
-0.606929 -0.214961 -0.152915 -0.163623 
-0.152915 -0.163623 0.233398 -0.269798 
0.233398 -0.269798 -0.193635 -0.436504 
-0.193635 -0.436504 -0.606929 -0.214961 
-0.571094 0.18745 -0.377978 0.46853 
-0.377978 0.46853 -0.130572 0.212871 
-0.126654 0.106061 0.0599503 0.268015 
0.0599503 0.268015 0.271307 0.0921316 
-0.377978 0.46853 0.0599503 0.268015 
-0.571094 0.18745 -0.126654 0.106061 
-0.130572 0.212871 0.271307 0.0921316 
-0.40778 -0.321713 -0.3124 -0.372841 
-0.3124 -0.372841 -0.270332 0.0709673 
-0.270332 0.0709673 -0.370594 0.0784563 
-0.370594 0.0784563 -0.40778 -0.321713 
-0.536444 -0.0780049 -0.469468 -0.0981923 
-0.469468 -0.0981923 -0.452761 0.0845938 
-0.452761 0.0845938 -0.521327 0.0897153 
-0.521327 0.0897153 -0.536444 -0.0780049 
