0 0 0 1 0.246587 -0.13926 
0 0 6.5 1 0.288138 0.228936 
10 0 0 1 -0.236443 -0.250992 
10 0 6.5 1 -0.199192 0.372338 
10 10 0 1 -0.548523 -0.0762359 
10 10 6.5 1 -0.539445 0.301003 
0 10 0 1 -0.109198 -0.0460379 
0 10 6.5 1 -0.089941 0.219778 
0 5 10 1 0.0832622 0.39875 
10 5 10 1 -0.402461 0.601647 
0 6 0 1 0.00647814 -0.0763471 
0 8 0 1 -0.0547567 -0.0603025 
0 8 5 1 -0.0378655 0.154669 
0 6 5 1 0.0259973 0.15197 
0 2 2.5 1 0.168294 0.0131816 
0 4 2.5 1 0.0870744 0.0255668 
0 4 5 1 0.0985888 0.148903 
0 2 5 1 0.18183 0.145385 
0.5 0.5 -0.5 1 0.204508 -0.163314 
0.5 0.5 6 1 0.244241 0.203052 
10.5 0.5 -0.5 1 -0.304727 -0.290629 
10.5 0.5 6 1 -0.272407 0.327475 
10.5 10.5 -0.5 1 -0.589522 -0.100832 
10.5 10.5 6 1 -0.582172 0.274502 
0.5 10.5 -0.5 1 -0.139058 -0.0635796 
0.5 10.5 6 1 -0.120706 0.201286 
0.5 5.5 9.5 1 0.0463743 0.376433 
10.5 5.5 9.5 1 -0.458021 0.566536 
0.5 6.5 -0.5 1 -0.0273083 -0.0960195 
0.5 8.5 -0.5 1 -0.086459 -0.0788486 
0.5 8.5 4.5 1 -0.0703485 0.135311 
0.5 6.5 4.5 1 -0.00867729 0.131382 
0.5 2.5 2 1 0.128814 -0.00979604 
0.5 4.5 2 1 0.0504088 0.00411149 
0.5 4.5 4.5 1 0.0614067 0.126916 
0.5 2.5 4.5 1 0.141751 0.121797 
