0.341817 -0.519293 0.297965 -0.0971466 
-0.34385 -0.671279 -0.342607 -0.11718 
-0.364753 -0.460656 -0.363005 -0.14753 
0.0682112 -0.396481 0.0515245 -0.130361 
0.341817 -0.519293 -0.34385 -0.671279 
-0.34385 -0.671279 -0.364753 -0.460656 
-0.364753 -0.460656 0.0682112 -0.396481 
0.0682112 -0.396481 0.341817 -0.519293 
0.297965 -0.0971466 0.135152 0.0449472 
0.135152 0.0449472 0.0515245 -0.130361 
-0.342607 -0.11718 -0.354635 0.0592816 
-0.354635 0.0592816 -0.363005 -0.14753 
0.135152 0.0449472 -0.354635 0.0592816 
0.297965 -0.0971466 -0.342607 -0.11718 
0.0515245 -0.130361 -0.363005 -0.14753 
0.14886 -0.432681 0.105284 -0.413121 
0.105284 -0.413121 0.0900108 -0.189745 
0.0900108 -0.189745 0.130636 -0.189716 
0.130636 -0.189716 0.14886 -0.432681 
0.2499 -0.333503 0.189546 -0.32001 
0.189546 -0.32001 0.178747 -0.189682 
0.178747 -0.189682 0.236622 -0.189641 
0.236622 -0.189641 0.2499 -0.333503 
