-0.516687 -0.834803 -0.465203 -0.0879018 
-0.257369 -0.497264 -0.247998 -0.14273 
0.278525 -0.480732 0.254074 -0.132685 
0.612465 -0.788674 0.523572 -0.0698978 
-0.516687 -0.834803 -0.257369 -0.497264 
-0.257369 -0.497264 0.278525 -0.480732 
0.278525 -0.480732 0.612465 -0.788674 
0.612465 -0.788674 -0.516687 -0.834803 
-0.465203 -0.0879018 0.0274538 0.244719 
0.0274538 0.244719 0.523572 -0.0698978 
-0.247998 -0.14273 0.00117228 0.0336512 
0.00117228 0.0336512 0.254074 -0.132685 
0.0274538 0.244719 0.00117228 0.0336512 
-0.465203 -0.0879018 -0.247998 -0.14273 
0.523572 -0.0698978 0.254074 -0.132685 
0.170222 -0.80674 0.39287 -0.797645 
0.39287 -0.797645 0.343564 -0.224173 
0.343564 -0.224173 0.142551 -0.228779 
0.142551 -0.228779 0.170222 -0.80674 
-0.275352 -0.516321 -0.0584118 -0.509506 
-0.0584118 -0.509506 -0.0609968 -0.233443 
-0.0609968 -0.233443 -0.267127 -0.238167 
-0.267127 -0.238167 -0.275352 -0.516321 
