0 0 0 1 0.0643516 -0.233648 
0 0 6.5 1 0.075683 0.445645 
10 0 0 1 -0.248286 -0.0369849 
10 0 6.5 1 -0.265798 0.329261 
10 10 0 1 0.164211 0.0141665 
10 10 6.5 1 0.174472 0.299019 
0 10 0 1 0.59519 -0.0888117 
0 10 6.5 1 0.650971 0.354902 
0 5 10 1 0.456209 0.732144 
10 5 10 1 -0.0171265 0.502619 
0 6 0 1 0.432239 -0.133272 
0 8 0 1 0.519576 -0.109442 
0 8 5 1 0.559227 0.249117 
0 6 5 1 0.468179 0.253405 
0 2 2.5 1 0.219798 0.0246809 
0 4 2.5 1 0.344715 0.039854 
0 4 5 1 0.360481 0.258477 
0 2 5 1 0.231109 0.264569 
0.5 0.5 -0.5 1 0.0744109 -0.249371 
0.5 0.5 6 1 0.0861763 0.373673 
10.5 0.5 -0.5 1 -0.230042 -0.0538076 
10.5 0.5 6 1 -0.245498 0.295518 
10.5 10.5 -0.5 1 0.165572 -0.000725353 
10.5 10.5 6 1 0.175567 0.273796 
0.5 10.5 -0.5 1 0.576615 -0.106447 
0.5 10.5 6 1 0.627882 0.312645 
0.5 5.5 9.5 1 0.439594 0.652762 
10.5 5.5 9.5 1 -0.00840851 0.465338 
0.5 6.5 -0.5 1 0.419889 -0.15105 
0.5 8.5 -0.5 1 0.503602 -0.127226 
0.5 8.5 4.5 1 0.53996 0.210454 
0.5 6.5 4.5 1 0.45277 0.211441 
0.5 2.5 2 1 0.218959 -0.00764453 
0.5 4.5 2 1 0.336252 0.00925085 
0.5 4.5 4.5 1 0.35066 0.212597 
0.5 2.5 4.5 1 0.229439 0.21397 
