0 0 0 1 0.293095 -0.598487 
0 0 6.5 1 0.279029 -0.17158 
10 0 0 1 -0.393488 -0.757848 
10 0 6.5 1 -0.340733 -0.145678 
10 10 0 1 -0.46963 -0.503314 
10 10 6.5 1 -0.434246 -0.162556 
0 10 0 1 -0.0136208 -0.450994 
0 10 6.5 1 -0.0076023 -0.176505 
0 5 10 1 0.106401 -0.0107451 
10 5 10 1 -0.379517 0.0523862 
0 6 0 1 0.0783449 -0.495218 
0 8 0 1 0.0288196 -0.471403 
0 8 5 1 0.0320792 -0.241177 
0 6 5 1 0.0796345 -0.245569 
0 2 2.5 1 0.204411 -0.402878 
0 4 2.5 1 0.136141 -0.383629 
0 4 5 1 0.135427 -0.250722 
0 2 5 1 0.201802 -0.256853 
0.5 0.5 -0.5 1 0.246859 -0.627876 
0.5 0.5 6 1 0.236348 -0.201211 
10.5 0.5 -0.5 1 -0.453816 -0.798664 
10.5 0.5 6 1 -0.395173 -0.187114 
10.5 10.5 -0.5 1 -0.502858 -0.527315 
10.5 10.5 6 1 -0.465609 -0.186681 
0.5 10.5 -0.5 1 -0.0421622 -0.470504 
0.5 10.5 6 1 -0.0347477 -0.196086 
0.5 5.5 9.5 1 0.0742402 -0.0343141 
10.5 5.5 9.5 1 -0.417845 0.0219273 
0.5 6.5 -0.5 1 0.0446328 -0.517764 
0.5 8.5 -0.5 1 -0.00209356 -0.492321 
0.5 8.5 4.5 1 0.00243634 -0.262176 
0.5 6.5 4.5 1 0.0474277 -0.268215 
0.5 2.5 2 1 0.164403 -0.429677 
0.5 4.5 2 1 0.100005 -0.408156 
0.5 4.5 4.5 1 0.100175 -0.275295 
0.5 2.5 4.5 1 0.162873 -0.283711 
