0 0 0 1 -0.423486 -0.474572 
0 0 6.5 1 -0.427497 -0.140869 
10 0 0 1 0.0154025 -0.381658 
10 0 6.5 1 -0.00332276 -0.11611 
10 10 0 1 0.330047 -0.489112 
10 10 6.5 1 0.285069 -0.0830335 
0 10 0 1 -0.308615 -0.702367 
0 10 6.5 1 -0.324156 -0.11186 
0 5 10 1 -0.393115 0.0804082 
10 5 10 1 0.0976765 0.0589442 
0 6 0 1 -0.3709 -0.578854 
0 8 0 1 -0.343944 -0.632308 
0 8 5 1 -0.352742 -0.232595 
0 6 5 1 -0.377473 -0.226789 
0 2 2.5 1 -0.411319 -0.357838 
0 4 2.5 1 -0.394713 -0.376156 
0 4 5 1 -0.397178 -0.222163 
0 2 5 1 -0.413247 -0.218391 
0.5 0.5 -0.5 1 -0.392047 -0.502366 
0.5 0.5 6 1 -0.397502 -0.163307 
10.5 0.5 -0.5 1 0.04496 -0.402836 
10.5 0.5 6 1 0.024995 -0.133896 
10.5 10.5 -0.5 1 0.38071 -0.523535 
10.5 10.5 6 1 0.332318 -0.109488 
0.5 10.5 -0.5 1 -0.249527 -0.757532 
0.5 10.5 6 1 -0.269944 -0.150135 
0.5 5.5 9.5 1 -0.355666 0.0561521 
10.5 5.5 9.5 1 0.132205 0.0400454 
0.5 6.5 -0.5 1 -0.32716 -0.618538 
0.5 8.5 -0.5 1 -0.293666 -0.678505 
0.5 8.5 4.5 1 -0.305265 -0.268789 
0.5 6.5 4.5 1 -0.335871 -0.258723 
0.5 2.5 2 1 -0.377318 -0.386122 
0.5 4.5 2 1 -0.356875 -0.4077 
0.5 4.5 4.5 1 -0.360164 -0.250733 
0.5 2.5 4.5 1 -0.379914 -0.244238 
