0 0 0 1 0.0834824 -0.0765428 
0 0 6.5 1 0.0687945 0.181405 
10 0 0 1 0.511163 -0.124973 
10 0 6.5 1 0.513509 0.222442 
10 10 0 1 0.285375 -0.339085 
10 10 6.5 1 0.269336 0.233916 
0 10 0 1 -0.238912 -0.193857 
0 10 6.5 1 -0.277826 0.170571 
0 5 10 1 -0.0868683 0.351235 
10 5 10 1 0.421637 0.483982 
0 6 0 1 -0.0824152 -0.136911 
0 8 0 1 -0.154667 -0.163202 
0 8 5 1 -0.178621 0.0927526 
0 6 5 1 -0.102021 0.101113 
0 2 2.5 1 0.0284645 0.0086253 
0 4 2.5 1 -0.0277211 -0.00471529 
0 4 5 1 -0.0359405 0.108325 
0 2 5 1 0.0216482 0.11461 
0.5 0.5 -0.5 1 0.0892911 -0.102234 
0.5 0.5 6 1 0.074449 0.161429 
10.5 0.5 -0.5 1 0.5335 -0.16131 
10.5 0.5 6 1 0.537135 0.196554 
10.5 10.5 -0.5 1 0.310099 -0.412472 
10.5 10.5 6 1 0.29539 0.18938 
0.5 10.5 -0.5 1 -0.242173 -0.234802 
0.5 10.5 6 1 -0.282751 0.141105 
0.5 5.5 9.5 1 -0.0849296 0.332335 
10.5 5.5 9.5 1 0.448512 0.462122 
0.5 6.5 -0.5 1 -0.080407 -0.170104 
0.5 8.5 -0.5 1 -0.154887 -0.199892 
0.5 8.5 4.5 1 -0.179673 0.0633916 
0.5 6.5 4.5 1 -0.100561 0.0742505 
0.5 2.5 2 1 0.0332502 -0.0168307 
0.5 4.5 2 1 -0.0242323 -0.0323274 
0.5 4.5 4.5 1 -0.0326344 0.0835742 
0.5 2.5 4.5 1 0.0263227 0.0916667 
