0 0 0 1 -0.581259 -0.365213 
0 0 6.5 1 -0.526653 0.00953088 
10 0 0 1 -0.113848 -0.325432 
10 0 6.5 1 -0.0932893 -0.0542615 
10 10 0 1 0.251887 -0.422922 
10 10 6.5 1 0.259688 -0.0355285 
0 10 0 1 -0.305922 -0.558472 
0 10 6.5 1 -0.241021 0.0820519 
0 5 10 1 -0.38986 0.264802 
10 5 10 1 0.0617133 0.11293 
0 6 0 1 -0.453363 -0.454983 
0 8 0 1 -0.389026 -0.500141 
0 8 5 1 -0.33868 -0.0602683 
0 6 5 1 -0.404641 -0.0645153 
0 2 2.5 1 -0.52362 -0.226294 
0 4 2.5 1 -0.480654 -0.238743 
0 4 5 1 -0.45792 -0.0679457 
0 2 5 1 -0.501852 -0.0707743 
0.5 0.5 -0.5 1 -0.544909 -0.398771 
0.5 0.5 6 1 -0.492061 -0.0200321 
10.5 0.5 -0.5 1 -0.0858759 -0.349263 
10.5 0.5 6 1 -0.0663868 -0.0760089 
10.5 10.5 -0.5 1 0.294262 -0.457721 
10.5 10.5 6 1 0.299644 -0.0660882 
0.5 10.5 -0.5 1 -0.239964 -0.61874 
0.5 10.5 6 1 -0.180696 0.0334434 
0.5 5.5 9.5 1 -0.347287 0.23092 
10.5 5.5 9.5 1 0.0931142 0.0889004 
0.5 6.5 -0.5 1 -0.403588 -0.500712 
0.5 8.5 -0.5 1 -0.332283 -0.552147 
0.5 8.5 4.5 1 -0.285228 -0.105189 
0.5 6.5 4.5 1 -0.35741 -0.104654 
0.5 2.5 2 1 -0.484516 -0.261184 
0.5 4.5 2 1 -0.437365 -0.277187 
0.5 4.5 4.5 1 -0.41562 -0.104222 
0.5 2.5 4.5 1 -0.463556 -0.103867 
