0 0 0 1 -0.490905 -0.907352 
0 0 6.5 1 -0.410237 -0.120839 
10 0 0 1 -0.286077 -0.521723 
10 0 6.5 1 -0.259463 -0.157689 
10 10 0 1 0.250017 -0.516944 
10 10 6.5 1 0.242263 -0.171566 
0 10 0 1 0.628738 -0.855152 
0 10 6.5 1 0.568974 -0.15109 
0 5 10 1 0.105562 0.191539 
10 5 10 1 0.00204513 0.00810951 
0 6 0 1 0.2118 -0.874591 
0 8 0 1 0.424958 -0.864653 
0 8 5 1 0.396209 -0.295612 
0 6 5 1 0.203248 -0.292763 
0 2 2.5 1 -0.225556 -0.574966 
0 4 2.5 1 -0.00429495 -0.571793 
0 4 5 1 0.00210297 -0.289793 
0 2 5 1 -0.207759 -0.286694 
0.5 0.5 -0.5 1 -0.416816 -0.930847 
0.5 0.5 6 1 -0.349008 -0.176237 
10.5 0.5 -0.5 1 -0.255971 -0.542056 
10.5 0.5 6 1 -0.231863 -0.184893 
10.5 10.5 -0.5 1 0.266384 -0.536317 
10.5 10.5 6 1 0.257808 -0.197131 
0.5 10.5 -0.5 1 0.644287 -0.878546 
0.5 10.5 6 1 0.585157 -0.200116 
0.5 5.5 9.5 1 0.139862 0.129653 
10.5 5.5 9.5 1 0.0225504 -0.0210581 
0.5 6.5 -0.5 1 0.247761 -0.898091 
0.5 8.5 -0.5 1 0.450277 -0.888109 
0.5 8.5 4.5 1 0.420419 -0.34086 
0.5 6.5 4.5 1 0.236219 -0.339032 
0.5 2.5 2 1 -0.169327 -0.61236 
0.5 4.5 2 1 0.0405665 -0.608536 
0.5 4.5 4.5 1 0.0445474 -0.337131 
0.5 2.5 4.5 1 -0.155059 -0.33515 
