0.313331 -0.286015 0.366027 0.151994 
-0.314394 -0.20597 -0.303986 0.19594 
-0.137597 -0.0794917 -0.124769 0.171404 
0.252246 -0.120503 0.280936 0.144019 
0.313331 -0.286015 -0.314394 -0.20597 
-0.314394 -0.20597 -0.137597 -0.0794917 
-0.137597 -0.0794917 0.252246 -0.120503 
0.252246 -0.120503 0.313331 -0.286015 
0.366027 0.151994 0.334074 0.338247 
0.334074 0.338247 0.280936 0.144019 
-0.303986 0.19594 -0.185463 0.358942 
-0.185463 0.358942 -0.124769 0.171404 
0.334074 0.338247 -0.185463 0.358942 
0.366027 0.151994 -0.303986 0.19594 
0.280936 0.144019 -0.124769 0.171404 
0.269794 -0.168051 0.260267 -0.142236 
0.260267 -0.142236 0.284337 0.0766188 
0.284337 0.0766188 0.296541 0.0711771 
0.296541 0.0711771 0.269794 -0.168051 
0.312258 -0.0937689 0.296048 -0.0698529 
0.296048 -0.0698529 0.311374 0.0645629 
0.311374 0.0645629 0.329789 0.0563518 
0.329789 0.0563518 0.312258 -0.0937689 
