0.249385 -0.0902228 0.28596 0.277904 
-0.185375 -0.237987 -0.168653 0.402765 
-0.560394 -0.0615031 -0.575532 0.335486 
-0.123292 -0.0061632 -0.113632 0.266038 
0.249385 -0.0902228 -0.185375 -0.237987 
-0.185375 -0.237987 -0.560394 -0.0615031 
-0.560394 -0.0615031 -0.123292 -0.0061632 
-0.123292 -0.0061632 0.249385 -0.0902228 
0.28596 0.277904 0.0662522 0.453651 
0.0662522 0.453651 -0.113632 0.266038 
-0.168653 0.402765 -0.426935 0.660382 
-0.426935 0.660382 -0.575532 0.335486 
0.0662522 0.453651 -0.426935 0.660382 
0.28596 0.277904 -0.168653 0.402765 
-0.113632 0.266038 -0.575532 0.335486 
-8.33357e-05 -0.0339537 -0.0650556 -0.0192988 
-0.0650556 -0.0192988 -0.0551483 0.199166 
-0.0551483 0.199166 0.0129469 0.197066 
0.0129469 0.197066 -8.33357e-05 -0.0339537 
0.16596 0.0586735 0.0811349 0.0696604 
0.0811349 0.0696604 0.0897472 0.194698 
0.0897472 0.194698 0.177036 0.192006 
0.177036 0.192006 0.16596 0.0586735 
