0.0537421 -0.229265 0.0683192 0.453954 
-0.248704 -0.0319391 -0.263704 0.334424 
0.166901 0.0148174 0.179207 0.300654 
0.597076 -0.0911401 0.656348 0.356477 
0.0537421 -0.229265 -0.248704 -0.0319391 
-0.248704 -0.0319391 0.166901 0.0148174 
0.166901 0.0148174 0.597076 -0.0911401 
0.597076 -0.0911401 0.0537421 -0.229265 
0.0683192 0.453954 0.458224 0.739218 
0.458224 0.739218 0.656348 0.356477 
-0.263704 0.334424 -0.0126726 0.50617 
-0.0126726 0.50617 0.179207 0.300654 
0.458224 0.739218 -0.0126726 0.50617 
0.0683192 0.453954 -0.263704 0.334424 
0.656348 0.356477 0.179207 0.300654 
0.429807 -0.133663 0.519406 -0.110885 
0.519406 -0.110885 0.561677 0.25064 
0.561677 0.25064 0.468347 0.256026 
0.468347 0.256026 0.429807 -0.133663 
0.213344 0.028533 0.341021 0.0421609 
0.341021 0.0421609 0.358123 0.262386 
0.358123 0.262386 0.225962 0.270012 
0.225962 0.270012 0.213344 0.028533 
