0.352427 -0.595485 0.281724 0.0212204 
-0.229733 -0.439767 -0.257309 -0.0558333 
0.106296 -0.303028 0.0803104 -0.0387992 
0.562726 -0.344374 0.515282 0.0125566 
0.352427 -0.595485 -0.229733 -0.439767 
-0.229733 -0.439767 0.106296 -0.303028 
0.106296 -0.303028 0.562726 -0.344374 
0.562726 -0.344374 0.352427 -0.595485 
0.281724 0.0212204 0.399507 0.24662 
0.399507 0.24662 0.515282 0.0125566 
-0.257309 -0.0558333 -0.0723806 0.116649 
-0.0723806 0.116649 0.0803104 -0.0387992 
0.399507 0.24662 -0.0723806 0.116649 
0.281724 0.0212204 -0.257309 -0.0558333 
0.515282 0.0125566 0.0803104 -0.0387992 
0.504204 -0.414253 0.53616 -0.376096 
0.53616 -0.376096 0.49674 -0.0742054 
0.49674 -0.0742054 0.461695 -0.0815511 
0.461695 -0.0815511 0.504204 -0.414253 
0.390392 -0.307339 0.441669 -0.27313 
0.441669 -0.27313 0.418961 -0.0905088 
0.418961 -0.0905088 0.365694 -0.101674 
0.365694 -0.101674 0.390392 -0.307339 
