0 0 0 1 -0.0828486 -0.410542 
0 0 6.5 1 -0.0735231 -0.141789 
10 0 0 1 0.351111 -0.448997 
10 0 6.5 1 0.337519 -0.143399 
10 10 0 1 0.378898 -0.638098 
10 10 6.5 1 0.353152 -0.100416 
0 10 0 1 -0.33084 -0.538767 
0 10 6.5 1 -0.296931 -0.105622 
0 5 10 1 -0.151912 0.0348322 
10 5 10 1 0.334707 0.0605625 
0 6 0 1 -0.201961 -0.47213 
0 8 0 1 -0.259261 -0.501757 
0 8 5 1 -0.239375 -0.200055 
0 6 5 1 -0.18678 -0.200498 
0 2 2.5 1 -0.111251 -0.312023 
0 4 2.5 1 -0.149041 -0.321531 
0 4 5 1 -0.143297 -0.200864 
0 2 5 1 -0.106746 -0.201171 
0.5 0.5 -0.5 1 -0.0718336 -0.438751 
0.5 0.5 6 1 -0.0627996 -0.160898 
10.5 0.5 -0.5 1 0.378578 -0.482515 
10.5 0.5 6 1 0.36297 -0.165108 
10.5 10.5 -0.5 1 0.430696 -0.711015 
10.5 10.5 6 1 0.398327 -0.135777 
0.5 10.5 -0.5 1 -0.324955 -0.5918 
0.5 10.5 6 1 -0.289973 -0.134561 
0.5 5.5 9.5 1 -0.141805 0.0180772 
10.5 5.5 9.5 1 0.365702 0.0420947 
0.5 6.5 -0.5 1 -0.192216 -0.51154 
0.5 8.5 -0.5 1 -0.250908 -0.547028 
0.5 8.5 4.5 1 -0.23067 -0.230247 
0.5 6.5 4.5 1 -0.176964 -0.227735 
0.5 2.5 2 1 -0.100458 -0.33884 
0.5 4.5 2 1 -0.138576 -0.351139 
0.5 4.5 4.5 1 -0.132879 -0.225674 
0.5 2.5 4.5 1 -0.0960426 -0.223952 
