0 0 0 1 -0.00289634 -0.336915 
0 0 6.5 1 -0.016507 -0.0753319 
10 0 0 1 0.433834 -0.346142 
10 0 6.5 1 0.396025 -0.0347283 
10 10 0 1 0.403948 -0.50246 
10 10 6.5 1 0.342136 0.040567 
0 10 0 1 -0.272697 -0.447413 
0 10 6.5 1 -0.276326 -0.0398977 
0 5 10 1 -0.124724 0.0972848 
10 5 10 1 0.353142 0.186477 
0 6 0 1 -0.134845 -0.390955 
0 8 0 1 -0.19675 -0.416308 
0 8 5 1 -0.202721 -0.130503 
0 6 5 1 -0.142823 -0.131529 
0 2 2.5 1 -0.045143 -0.240678 
0 4 2.5 1 -0.0881383 -0.248863 
0 4 5 1 -0.0926812 -0.132388 
0 2 5 1 -0.0500917 -0.133117 
0.5 0.5 -0.5 1 0.00813437 -0.362585 
0.5 0.5 6 1 -0.00634842 -0.0922316 
10.5 0.5 -0.5 1 0.463269 -0.377439 
10.5 0.5 6 1 0.422626 -0.0535066 
10.5 10.5 -0.5 1 0.455438 -0.569834 
10.5 10.5 6 1 0.385243 0.0124146 
0.5 10.5 -0.5 1 -0.268286 -0.49375 
0.5 10.5 6 1 -0.272374 -0.0645636 
0.5 5.5 9.5 1 -0.116453 0.0832679 
10.5 5.5 9.5 1 0.383967 0.172936 
0.5 6.5 -0.5 1 -0.125841 -0.426158 
0.5 8.5 -0.5 1 -0.189492 -0.456361 
0.5 8.5 4.5 1 -0.196051 -0.156787 
0.5 6.5 4.5 1 -0.134504 -0.155433 
0.5 2.5 2 1 -0.0348139 -0.264783 
0.5 4.5 2 1 -0.078439 -0.275328 
0.5 4.5 4.5 1 -0.0833278 -0.154307 
0.5 2.5 4.5 1 -0.040106 -0.153356 
