-0.607067 -0.209777 -0.574538 0.19524 
-0.154398 -0.15464 -0.128839 0.11547 
0.233515 -0.260862 0.272246 0.0998533 
-0.183938 -0.433665 -0.122521 0.216077 
-0.607067 -0.209777 -0.154398 -0.15464 
-0.154398 -0.15464 0.233515 -0.260862 
0.233515 -0.260862 -0.183938 -0.433665 
-0.183938 -0.433665 -0.607067 -0.209777 
-0.574538 0.19524 -0.378124 0.478565 
-0.378124 0.478565 -0.122521 0.216077 
-0.128839 0.11547 0.0594663 0.277671 
0.0594663 0.277671 0.272246 0.0998533 
-0.378124 0.478565 0.0594663 0.277671 
-0.574538 0.19524 -0.128839 0.11547 
-0.122521 0.216077 0.272246 0.0998533 
-0.402537 -0.317999 -0.305003 -0.369606 
-0.305003 -0.369606 -0.264849 0.0743981 
-0.264849 0.0743981 -0.36759 0.0829628 
-0.36759 0.0829628 -0.402537 -0.317999 
-0.536253 -0.0729549 -0.467444 -0.093835 
-0.467444 -0.093835 -0.451917 0.0899924 
-0.451917 0.0899924 -0.522372 0.0958658 
-0.522372 0.0958658 -0.536253 -0.0729549 
