0 0 0 1 -0.0888973 -0.300333 
0 0 6.5 1 -0.0405547 0.394064 
10 0 0 1 -0.257157 -0.078039 
10 0 6.5 1 -0.240786 0.276185 
10 10 0 1 0.189178 -0.0732774 
10 10 6.5 1 0.218991 0.216167 
0 10 0 1 0.602186 -0.227214 
0 10 6.5 1 0.678747 0.255268 
0 5 10 1 0.427369 0.654874 
10 5 10 1 0.0264268 0.42563 
0 6 0 1 0.380886 -0.250628 
0 8 0 1 0.498433 -0.238191 
0 8 5 1 0.555039 0.151065 
0 6 5 1 0.435092 0.165234 
0 2 2.5 1 0.113441 -0.0477151 
0 4 2.5 1 0.271117 -0.0479641 
0 4 5 1 0.297066 0.181539 
0 2 5 1 0.13654 0.200502 
0.5 0.5 -0.5 1 -0.0616721 -0.321105 
0.5 0.5 6 1 -0.0146387 0.319793 
10.5 0.5 -0.5 1 -0.236396 -0.0973334 
10.5 0.5 6 1 -0.219753 0.242458 
10.5 10.5 -0.5 1 0.192775 -0.0894086 
10.5 10.5 6 1 0.221775 0.190324 
0.5 10.5 -0.5 1 0.587564 -0.245817 
0.5 10.5 6 1 0.659238 0.210225 
0.5 5.5 9.5 1 0.419677 0.574388 
10.5 5.5 9.5 1 0.0363628 0.389245 
0.5 6.5 -0.5 1 0.376775 -0.270261 
0.5 8.5 -0.5 1 0.488395 -0.257318 
0.5 8.5 4.5 1 0.541406 0.109612 
0.5 6.5 4.5 1 0.427593 0.120216 
0.5 2.5 2 1 0.126156 -0.0841227 
0.5 4.5 2 1 0.273322 -0.0818532 
0.5 4.5 4.5 1 0.297702 0.132318 
0.5 2.5 4.5 1 0.148068 0.146259 
