0.249078 -0.470677 0.265987 -0.0742235 
-0.378605 -0.59294 -0.308447 0.00686062 
-0.521138 -0.368643 -0.474035 -0.0265102 
-0.0690899 -0.338801 -0.047245 -0.0740765 
0.249078 -0.470677 -0.378605 -0.59294 
-0.378605 -0.59294 -0.521138 -0.368643 
-0.521138 -0.368643 -0.0690899 -0.338801 
-0.0690899 -0.338801 0.249078 -0.470677 
0.265987 -0.0742235 0.0900679 0.0868032 
0.0900679 0.0868032 -0.047245 -0.0740765 
-0.308447 0.00686062 -0.384752 0.201862 
-0.384752 0.201862 -0.474035 -0.0265102 
0.0900679 0.0868032 -0.384752 0.201862 
0.265987 -0.0742235 -0.308447 0.00686062 
-0.047245 -0.0740765 -0.474035 -0.0265102 
0.0289175 -0.379424 -0.0235743 -0.357666 
-0.0235743 -0.357666 -0.0067001 -0.137769 
-0.0067001 -0.137769 0.0455239 -0.142532 
0.0455239 -0.142532 0.0289175 -0.379424 
0.170016 -0.292224 0.0982614 -0.274381 
0.0982614 -0.274381 0.106145 -0.14806 
0.106145 -0.14806 0.177365 -0.154555 
0.177365 -0.154555 0.170016 -0.292224 
