-0.283277 0.013166 -0.306168 0.29278 
0.113579 0.0367851 0.112392 0.295717 
0.303407 -0.0526708 0.31703 0.362986 
-0.331543 -0.103949 -0.375597 0.367767 
-0.283277 0.013166 0.113579 0.0367851 
0.113579 0.0367851 0.303407 -0.0526708 
0.303407 -0.0526708 -0.331543 -0.103949 
-0.331543 -0.103949 -0.283277 0.013166 
-0.306168 0.29278 -0.349709 0.530151 
-0.349709 0.530151 -0.375597 0.367767 
0.112392 0.295717 0.191929 0.510093 
0.191929 0.510093 0.31703 0.362986 
-0.349709 0.530151 0.191929 0.510093 
-0.306168 0.29278 0.112392 0.295717 
-0.375597 0.367767 0.31703 0.362986 
-0.306159 -0.0423566 -0.317363 -0.0695428 
-0.317363 -0.0695428 -0.345524 0.243531 
-0.345524 0.243531 -0.330585 0.237554 
-0.330585 0.237554 -0.306159 -0.0423566 
-0.298994 0.110813 -0.307593 0.103155 
-0.307593 0.103155 -0.318624 0.232769 
-0.318624 0.232769 -0.308832 0.228851 
-0.308832 0.228851 -0.298994 0.110813 
