0.296021 -0.314555 0.25662 0.0358605 
0.270768 -0.607044 0.192404 0.115785 
-0.598344 -0.547278 -0.624738 -0.00192121 
-0.189273 -0.322274 -0.212907 -0.0195855 
0.296021 -0.314555 0.270768 -0.607044 
0.270768 -0.607044 -0.598344 -0.547278 
-0.598344 -0.547278 -0.189273 -0.322274 
-0.189273 -0.322274 0.296021 -0.314555 
0.25662 0.0358605 -0.0112234 0.174898 
-0.0112234 0.174898 -0.212907 -0.0195855 
0.192404 0.115785 -0.295719 0.361832 
-0.295719 0.361832 -0.624738 -0.00192121 
-0.0112234 0.174898 -0.295719 0.361832 
0.25662 0.0358605 0.192404 0.115785 
-0.212907 -0.0195855 -0.624738 -0.00192121 
-0.0123837 -0.319461 -0.10337 -0.320908 
-0.10337 -0.320908 -0.123617 -0.0803291 
-0.123617 -0.0803291 -0.0348114 -0.0719142 
-0.0348114 -0.0719142 -0.0123837 -0.319461 
0.172869 -0.183678 0.0716174 -0.189301 
0.0716174 -0.189301 0.0593108 -0.0629956 
0.0593108 -0.0629956 0.159242 -0.0535265 
0.159242 -0.0535265 0.172869 -0.183678 
