0 0 0 1 0.298469 -0.602427 
0 0 6.5 1 0.281178 -0.173823 
10 0 0 1 -0.391166 -0.763661 
10 0 6.5 1 -0.341875 -0.152853 
10 10 0 1 -0.461835 -0.509154 
10 10 6.5 1 -0.428781 -0.169406 
0 10 0 1 -0.00658781 -0.454986 
0 10 6.5 1 -0.00257154 -0.180184 
0 5 10 1 0.108914 -0.01369 
10 5 10 1 -0.377842 0.0446631 
0 6 0 1 0.0846807 -0.499099 
0 8 0 1 0.0355097 -0.475333 
0 8 5 1 0.0370906 -0.24472 
0 6 5 1 0.0841462 -0.248911 
0 2 2.5 1 0.20891 -0.406156 
0 4 2.5 1 0.141094 -0.387054 
0 4 5 1 0.139405 -0.253832 
0 2 5 1 0.205219 -0.259694 
0.5 0.5 -0.5 1 0.252299 -0.63206 
0.5 0.5 6 1 0.238632 -0.203807 
10.5 0.5 -0.5 1 -0.450558 -0.804427 
10.5 0.5 6 1 -0.395427 -0.194465 
10.5 10.5 -0.5 1 -0.494533 -0.533184 
10.5 10.5 6 1 -0.45963 -0.193627 
0.5 10.5 -0.5 1 -0.0349329 -0.474631 
0.5 10.5 6 1 -0.0295073 -0.199945 
0.5 5.5 9.5 1 0.0769618 -0.0375281 
10.5 5.5 9.5 1 -0.415533 0.0140335 
0.5 6.5 -0.5 1 0.0511458 -0.52181 
0.5 8.5 -0.5 1 0.00478607 -0.4964 
0.5 8.5 4.5 1 0.00765127 -0.265909 
0.5 6.5 4.5 1 0.0521357 -0.271771 
0.5 2.5 2 1 0.169044 -0.433206 
0.5 4.5 2 1 0.105129 -0.411798 
0.5 4.5 4.5 1 0.104336 -0.27865 
0.5 2.5 4.5 1 0.16645 -0.286835 
