0 0 0 1 0.252035 -0.488751 
0 0 6.5 1 0.266211 -0.0888736 
10 0 0 1 -0.383154 -0.615336 
10 0 6.5 1 -0.313324 -0.0134392 
10 10 0 1 -0.518173 -0.386568 
10 10 6.5 1 -0.471198 -0.0443726 
0 10 0 1 -0.0650757 -0.354498 
0 10 6.5 1 -0.0443417 -0.0886213 
0 5 10 1 0.0907934 0.0724134 
10 5 10 1 -0.385056 0.182072 
0 6 0 1 0.0323196 -0.395732 
0 8 0 1 -0.019876 -0.373634 
0 8 5 1 -0.00399254 -0.152505 
0 6 5 1 0.0477584 -0.157333 
0 2 2.5 1 0.172138 -0.308154 
0 4 2.5 1 0.10071 -0.290013 
0 4 5 1 0.107897 -0.162944 
0 2 5 1 0.178642 -0.169545 
0.5 0.5 -0.5 1 0.206334 -0.51516 
0.5 0.5 6 1 0.222822 -0.115374 
10.5 0.5 -0.5 1 -0.448816 -0.654682 
10.5 0.5 6 1 -0.374341 -0.0530203 
10.5 10.5 -0.5 1 -0.554992 -0.409656 
10.5 10.5 6 1 -0.506513 -0.067507 
0.5 10.5 -0.5 1 -0.0946909 -0.372424 
0.5 10.5 6 1 -0.0729702 -0.106575 
0.5 5.5 9.5 1 0.0570227 0.0510146 
10.5 5.5 9.5 1 -0.42858 0.152902 
0.5 6.5 -0.5 1 -0.00215365 -0.416302 
0.5 8.5 -0.5 1 -0.0517367 -0.392791 
0.5 8.5 4.5 1 -0.0349693 -0.171694 
0.5 6.5 4.5 1 0.014318 -0.177943 
0.5 2.5 2 1 0.131658 -0.332323 
0.5 4.5 2 1 0.063781 -0.312253 
0.5 4.5 4.5 1 0.071569 -0.185202 
0.5 2.5 4.5 1 0.138883 -0.193737 
