0.311022 -0.340597 0.365786 0.106946 
-0.31943 -0.238838 -0.297192 0.15999 
-0.125709 -0.118441 -0.10704 0.130827 
0.266289 -0.17009 0.297214 0.0973855 
0.311022 -0.340597 -0.31943 -0.238838 
-0.31943 -0.238838 -0.125709 -0.118441 
-0.125709 -0.118441 0.266289 -0.17009 
0.266289 -0.17009 0.311022 -0.340597 
0.365786 0.106946 0.345035 0.291018 
0.345035 0.291018 0.297214 0.0973855 
-0.297192 0.15999 -0.167904 0.315307 
-0.167904 0.315307 -0.10704 0.130827 
0.345035 0.291018 -0.167904 0.315307 
0.365786 0.106946 -0.297192 0.15999 
0.297214 0.0973855 -0.10704 0.130827 
0.279043 -0.218703 0.272109 -0.192273 
0.272109 -0.192273 0.297993 0.0299447 
0.297993 0.0299447 0.307642 0.02466 
0.307642 0.02466 0.279043 -0.218703 
0.315645 -0.142378 0.303199 -0.118103 
0.303199 -0.118103 0.319392 0.018225 
0.319392 0.018225 0.334011 0.0102183 
0.334011 0.0102183 0.315645 -0.142378 
