0 0 0 1 0.276878 -0.427429 
0 0 6.5 1 0.256373 -0.0736245 
10 0 0 1 0.443601 -0.6846 
10 0 6.5 1 0.381 0.0525643 
10 10 0 1 -0.626464 -0.631083 
10 10 6.5 1 -0.557558 0.0180347 
0 10 0 1 -0.249151 -0.416792 
0 10 6.5 1 -0.235851 -0.0845493 
0 5 10 1 0.00153103 0.0877469 
10 5 10 1 -0.110789 0.33991 
0 6 0 1 -0.0468961 -0.420882 
0 8 0 1 -0.149314 -0.418811 
0 8 5 1 -0.143695 -0.156288 
0 6 5 1 -0.046282 -0.155032 
0 2 2.5 1 0.160863 -0.285253 
0 4 2.5 1 0.0558182 -0.284913 
0 4 5 1 0.0535531 -0.153745 
0 2 5 1 0.155902 -0.152425 
0.5 0.5 -0.5 1 0.253734 -0.463032 
0.5 0.5 6 1 0.234231 -0.0970836 
10.5 0.5 -0.5 1 0.4033 -0.780123 
10.5 0.5 6 1 0.342752 0.0117122 
10.5 10.5 -0.5 1 -0.721989 -0.710899 
10.5 10.5 6 1 -0.637987 -0.0197738 
0.5 10.5 -0.5 1 -0.285317 -0.449798 
0.5 10.5 6 1 -0.269375 -0.106869 
0.5 5.5 9.5 1 -0.0257496 0.0699506 
10.5 5.5 9.5 1 -0.168582 0.318259 
0.5 6.5 -0.5 1 -0.0782922 -0.454881 
0.5 8.5 -0.5 1 -0.183162 -0.452306 
0.5 8.5 4.5 1 -0.175693 -0.181127 
0.5 6.5 4.5 1 -0.0760644 -0.180151 
0.5 2.5 2 1 0.13536 -0.315402 
0.5 4.5 2 1 0.0277125 -0.314657 
0.5 4.5 4.5 1 0.0261098 -0.179149 
0.5 2.5 4.5 1 0.130928 -0.178122 
