0 0 0 1 -0.58567 -0.249173 
0 0 6.5 1 -0.661584 0.241104 
10 0 0 1 -0.195512 -0.0675161 
10 0 6.5 1 -0.217539 0.22445 
10 10 0 1 0.254307 -0.0957545 
10 10 6.5 1 0.257776 0.251262 
0 10 0 1 0.137085 -0.366527 
0 10 6.5 1 0.12836 0.302185 
0 5 10 1 -0.36628 0.627245 
10 5 10 1 -0.00780473 0.423805 
0 6 0 1 -0.205162 -0.310956 
0 8 0 1 -0.0452086 -0.336928 
0 8 5 1 -0.06825 0.12913 
0 6 5 1 -0.240589 0.126318 
0 2 2.5 1 -0.497626 -0.0801119 
0 4 2.5 1 -0.368146 -0.0901341 
0 4 5 1 -0.391402 0.123858 
0 2 5 1 -0.524487 0.121687 
0.5 0.5 -0.5 1 -0.522634 -0.272083 
0.5 0.5 6 1 -0.590426 0.201684 
10.5 0.5 -0.5 1 -0.163763 -0.0842883 
10.5 0.5 6 1 -0.183684 0.201783 
10.5 10.5 -0.5 1 0.283168 -0.114996 
10.5 10.5 6 1 0.288439 0.223721 
0.5 10.5 -0.5 1 0.195457 -0.392947 
0.5 10.5 6 1 0.194622 0.245311 
0.5 5.5 9.5 1 -0.289294 0.564757 
10.5 5.5 9.5 1 0.0261954 0.394531 
0.5 6.5 -0.5 1 -0.142915 -0.335994 
0.5 8.5 -0.5 1 0.0155979 -0.362674 
0.5 8.5 4.5 1 -0.00113882 0.0840269 
0.5 6.5 4.5 1 -0.171897 0.084213 
0.5 2.5 2 1 -0.431437 -0.110045 
0.5 4.5 2 1 -0.302113 -0.121497 
0.5 4.5 4.5 1 -0.322014 0.0843767 
0.5 2.5 4.5 1 -0.455019 0.0845217 
