0.249797 -0.0779514 0.277544 0.2876 
-0.139539 -0.264761 -0.140526 0.381141 
-0.569023 -0.0872057 -0.604672 0.322616 
-0.136694 -0.00287571 -0.13694 0.272884 
0.249797 -0.0779514 -0.139539 -0.264761 
-0.139539 -0.264761 -0.569023 -0.0872057 
-0.569023 -0.0872057 -0.136694 -0.00287571 
-0.136694 -0.00287571 0.249797 -0.0779514 
0.277544 0.2876 0.0457158 0.465123 
0.0457158 0.465123 -0.13694 0.272884 
-0.140526 0.381141 -0.445529 0.659307 
-0.445529 0.659307 -0.604672 0.322616 
0.0457158 0.465123 -0.445529 0.659307 
0.277544 0.2876 -0.140526 0.381141 
-0.13694 0.272884 -0.604672 0.322616 
-0.00712897 -0.0280436 -0.0752287 -0.0148152 
-0.0752287 -0.0148152 -0.0727694 0.205374 
-0.0727694 0.205374 -0.0014216 0.203968 
-0.0014216 0.203968 -0.00712897 -0.0280436 
0.160965 0.0673986 0.0734863 0.0769107 
0.0734863 0.0769107 0.0784611 0.202394 
0.0784611 0.202394 0.168508 0.20062 
0.168508 0.20062 0.160965 0.0673986 
