0.253229 -0.443376 0.250456 -0.0946832 
0.483879 -0.727125 0.450915 -0.00267934 
-0.612463 -0.655976 -0.519625 0.0250048 
-0.274875 -0.416323 -0.246627 -0.0780332 
0.253229 -0.443376 0.483879 -0.727125 
0.483879 -0.727125 -0.612463 -0.655976 
-0.612463 -0.655976 -0.274875 -0.416323 
-0.274875 -0.416323 0.253229 -0.443376 
0.250456 -0.0946832 0.00518571 0.0822996 
0.00518571 0.0822996 -0.246627 -0.0780332 
0.450915 -0.00267934 -0.0315862 0.325981 
-0.0315862 0.325981 -0.519625 0.0250048 
0.00518571 0.0822996 -0.0315862 0.325981 
0.250456 -0.0946832 0.450915 -0.00267934 
-0.246627 -0.0780332 -0.519625 0.0250048 
-0.0670747 -0.426968 -0.171536 -0.421617 
-0.171536 -0.421617 -0.154142 -0.156223 
-0.154142 -0.156223 -0.0544145 -0.159953 
-0.0544145 -0.159953 -0.0670747 -0.426968 
0.146766 -0.299459 0.0425327 -0.294858 
0.0425327 -0.294858 0.046352 -0.163721 
0.046352 -0.163721 0.148173 -0.167529 
0.148173 -0.167529 0.146766 -0.299459 
