0.206741 -0.429214 0.20991 -0.114107 
0.663679 -0.649157 0.627646 -0.0788968 
-0.230507 -0.77439 -0.170001 0.00232437 
-0.293948 -0.448552 -0.259782 -0.0793391 
0.206741 -0.429214 0.663679 -0.649157 
0.663679 -0.649157 -0.230507 -0.77439 
-0.230507 -0.77439 -0.293948 -0.448552 
-0.293948 -0.448552 0.206741 -0.429214 
0.20991 -0.114107 0.00130748 0.0696712 
0.00130748 0.0696712 -0.259782 -0.0793391 
0.627646 -0.0788968 0.285112 0.256317 
0.285112 0.256317 -0.170001 0.00232437 
0.00130748 0.0696712 0.285112 0.256317 
0.20991 -0.114107 0.627646 -0.0788968 
-0.259782 -0.0793391 -0.170001 0.00232437 
-0.0736154 -0.440042 -0.179977 -0.44415 
-0.179977 -0.44415 -0.159432 -0.165789 
-0.159432 -0.165789 -0.0584521 -0.170743 
-0.0584521 -0.170743 -0.0736154 -0.440042 
0.122304 -0.303482 0.0311939 -0.302925 
0.0311939 -0.302925 0.0362842 -0.175391 
0.0362842 -0.175391 0.125339 -0.17976 
0.125339 -0.17976 0.122304 -0.303482 
