0 0 0 1 -0.578251 -0.2976 
0 0 6.5 1 -0.661118 0.225549 
10 0 0 1 -0.204471 -0.103742 
10 0 6.5 1 -0.235454 0.193938 
10 10 0 1 0.261862 -0.101313 
10 10 6.5 1 0.247601 0.242775 
0 10 0 1 0.230962 -0.349588 
0 10 6.5 1 0.198605 0.336412 
0 5 10 1 -0.330505 0.635184 
10 5 10 1 -0.0251014 0.400076 
0 6 0 1 -0.143636 -0.325522 
0 8 0 1 0.0332998 -0.336889 
0 8 5 1 -0.00295287 0.149811 
0 6 5 1 -0.189138 0.13476 
0 2 2.5 1 -0.475482 -0.104202 
0 4 2.5 1 -0.328526 -0.103388 
0 4 5 1 -0.355654 0.121298 
0 2 5 1 -0.50546 0.109187 
0.5 0.5 -0.5 1 -0.510426 -0.319493 
0.5 0.5 6 1 -0.585865 0.185109 
10.5 0.5 -0.5 1 -0.171788 -0.119828 
10.5 0.5 6 1 -0.200922 0.171774 
10.5 10.5 -0.5 1 0.289901 -0.119792 
10.5 10.5 6 1 0.277208 0.216208 
0.5 10.5 -0.5 1 0.286343 -0.375618 
0.5 10.5 6 1 0.260413 0.278838 
0.5 5.5 9.5 1 -0.254171 0.571552 
10.5 5.5 9.5 1 0.00851377 0.371664 
0.5 6.5 -0.5 1 -0.0807385 -0.34976 
0.5 8.5 -0.5 1 0.0930212 -0.362 
0.5 8.5 4.5 1 0.0620637 0.103954 
0.5 6.5 4.5 1 -0.120692 0.0919241 
0.5 2.5 2 1 -0.405986 -0.134035 
0.5 4.5 2 1 -0.260626 -0.134727 
0.5 4.5 4.5 1 -0.284821 0.0811203 
0.5 2.5 4.5 1 -0.433033 0.0713643 
