-0.174697 -0.250064 -0.148209 0.00516321 
0.226008 -0.300964 0.250381 -0.0332841 
0.305385 -0.480881 0.345377 -0.0267733 
-0.359624 -0.383737 -0.313854 0.0356608 
-0.174697 -0.250064 0.226008 -0.300964 
0.226008 -0.300964 0.305385 -0.480881 
0.305385 -0.480881 -0.359624 -0.383737 
-0.359624 -0.383737 -0.174697 -0.250064 
-0.148209 0.00516321 -0.193235 0.185003 
-0.193235 0.185003 -0.313854 0.0356608 
0.250381 -0.0332841 0.301785 0.147578 
0.301785 0.147578 0.345377 -0.0267733 
-0.193235 0.185003 0.301785 0.147578 
-0.148209 0.00516321 0.250381 -0.0332841 
-0.313854 0.0356608 0.345377 -0.0267733 
-0.262903 -0.313823 -0.305739 -0.344786 
-0.305739 -0.344786 -0.274906 -0.0581759 
-0.274906 -0.0581759 -0.23555 -0.0566084 
-0.23555 -0.0566084 -0.262903 -0.313823 
-0.187908 -0.160626 -0.215702 -0.171546 
-0.215702 -0.171546 -0.20346 -0.0553303 
-0.20346 -0.0553303 -0.176794 -0.0542682 
-0.176794 -0.0542682 -0.187908 -0.160626 
