0 0 0 1 0.346461 -0.588545 
0 0 6.5 1 0.276724 0.0274357 
10 0 0 1 -0.227905 -0.429746 
10 0 6.5 1 -0.257473 -0.0483396 
10 10 0 1 0.109264 -0.292456 
10 10 6.5 1 0.0828899 -0.0288029 
0 10 0 1 0.564839 -0.334996 
0 10 6.5 1 0.518622 0.0228438 
0 5 10 1 0.4001 0.257585 
10 5 10 1 -0.0717273 0.125916 
0 6 0 1 0.503888 -0.405764 
0 8 0 1 0.537153 -0.367142 
0 8 5 1 0.498742 -0.0649443 
0 6 5 1 0.462401 -0.0729468 
0 2 2.5 1 0.387228 -0.30073 
0 4 2.5 1 0.44037 -0.265647 
0 4 5 1 0.418111 -0.0826997 
0 2 5 1 0.362943 -0.0948481 
0.5 0.5 -0.5 1 0.325571 -0.602261 
0.5 0.5 6 1 0.260652 -0.0215238 
10.5 0.5 -0.5 1 -0.219252 -0.444431 
10.5 0.5 6 1 -0.247927 -0.076832 
10.5 10.5 -0.5 1 0.10635 -0.306394 
10.5 10.5 6 1 0.0807148 -0.0494107 
0.5 10.5 -0.5 1 0.544553 -0.352271 
0.5 10.5 6 1 0.50041 -0.00660615 
0.5 5.5 9.5 1 0.382846 0.211306 
10.5 5.5 9.5 1 -0.069555 0.0972988 
0.5 6.5 -0.5 1 0.4823 -0.423339 
0.5 8.5 -0.5 1 0.516164 -0.38468 
0.5 8.5 4.5 1 0.479618 -0.0937366 
0.5 6.5 4.5 1 0.442996 -0.104123 
0.5 2.5 2 1 0.366935 -0.327728 
0.5 4.5 2 1 0.419728 -0.291441 
0.5 4.5 4.5 1 0.398733 -0.116676 
0.5 2.5 4.5 1 0.344162 -0.132153 
