0 0 0 1 0.352427 -0.595485 
0 0 6.5 1 0.281724 0.0212204 
10 0 0 1 -0.229733 -0.439767 
10 0 6.5 1 -0.257309 -0.0558333 
10 10 0 1 0.106296 -0.303028 
10 10 6.5 1 0.0803104 -0.0387992 
0 10 0 1 0.562726 -0.344374 
0 10 6.5 1 0.515282 0.0125566 
0 5 10 1 0.399507 0.24662 
10 5 10 1 -0.0723806 0.116649 
0 6 0 1 0.504204 -0.414253 
0 8 0 1 0.53616 -0.376096 
0 8 5 1 0.49674 -0.0742054 
0 6 5 1 0.461695 -0.0815511 
0 2 2.5 1 0.390392 -0.307339 
0 4 2.5 1 0.441669 -0.27313 
0 4 5 1 0.418961 -0.0905088 
0 2 5 1 0.365694 -0.101674 
0.5 0.5 -0.5 1 0.330654 -0.610011 
0.5 0.5 6 1 0.264939 -0.0278992 
10.5 0.5 -0.5 1 -0.221503 -0.454854 
10.5 0.5 6 1 -0.248297 -0.0846102 
10.5 10.5 -0.5 1 0.103173 -0.317156 
10.5 10.5 6 1 0.0779207 -0.0594785 
0.5 10.5 -0.5 1 0.542356 -0.361891 
0.5 10.5 6 1 0.497085 -0.0168141 
0.5 5.5 9.5 1 0.382106 0.200741 
10.5 5.5 9.5 1 -0.0705741 0.088006 
0.5 6.5 -0.5 1 0.482352 -0.432216 
0.5 8.5 -0.5 1 0.51501 -0.39394 
0.5 8.5 4.5 1 0.477546 -0.103042 
0.5 6.5 4.5 1 0.442129 -0.112817 
0.5 2.5 2 1 0.369571 -0.334825 
0.5 4.5 2 1 0.420687 -0.299281 
0.5 4.5 4.5 1 0.399296 -0.12464 
0.5 2.5 4.5 1 0.346443 -0.139228 
