0 0 0 1 0.131777 -0.0483521 
0 0 6.5 1 0.15011 0.222041 
10 0 0 1 0.556133 -0.169582 
10 0 6.5 1 0.61498 0.224516 
10 10 0 1 0.140006 -0.337941 
10 10 6.5 1 0.185737 0.2866 
0 10 0 1 -0.251053 -0.106353 
0 10 6.5 1 -0.252052 0.255595 
0 5 10 1 -0.013943 0.418134 
10 5 10 1 0.488145 0.54709 
0 6 0 1 -0.0710814 -0.0790863 
0 8 0 1 -0.155484 -0.0918737 
0 8 5 1 -0.151629 0.165152 
0 6 5 1 -0.0636792 0.162823 
0 2 2.5 1 0.0772528 0.048581 
0 4 2.5 1 0.00897229 0.0441628 
0 4 5 1 0.0141514 0.160762 
0 2 5 1 0.0835139 0.158926 
0.5 0.5 -0.5 1 0.130585 -0.07516 
0.5 0.5 6 1 0.14934 0.200988 
10.5 0.5 -0.5 1 0.570055 -0.213569 
10.5 0.5 6 1 0.632318 0.192817 
10.5 10.5 -0.5 1 0.137679 -0.418336 
10.5 10.5 6 1 0.186165 0.23752 
0.5 10.5 -0.5 1 -0.265532 -0.144278 
0.5 10.5 6 1 -0.267578 0.228049 
0.5 5.5 9.5 1 -0.0200169 0.39919 
10.5 5.5 9.5 1 0.504398 0.522148 
0.5 6.5 -0.5 1 -0.0784924 -0.111641 
0.5 8.5 -0.5 1 -0.166027 -0.126915 
0.5 8.5 4.5 1 -0.162565 0.136875 
0.5 6.5 4.5 1 -0.0712034 0.136253 
0.5 2.5 2 1 0.0745019 0.0223777 
0.5 4.5 2 1 0.00411538 0.0163151 
0.5 4.5 4.5 1 0.00933978 0.135706 
0.5 2.5 4.5 1 0.0808788 0.135219 
