0 0 0 1 0.147548 -0.0874768 
0 0 6.5 1 0.17459 0.186991 
10 0 0 1 0.574788 -0.225053 
10 0 6.5 1 0.639305 0.192631 
10 10 0 1 0.0747576 -0.351323 
10 10 6.5 1 0.135355 0.303822 
0 10 0 1 -0.258904 -0.115665 
0 10 6.5 1 -0.241612 0.244532 
0 5 10 1 0.00860092 0.389836 
10 5 10 1 0.484565 0.538696 
0 6 0 1 -0.0699377 -0.10256 
0 8 0 1 -0.159017 -0.108737 
0 8 5 1 -0.143404 0.149518 
0 6 5 1 -0.0524788 0.141487 
0 2 2.5 1 0.0919356 0.0164268 
0 4 2.5 1 0.0192873 0.0169977 
0 4 5 1 0.0288444 0.134305 
0 2 5 1 0.10201 0.127842 
0.5 0.5 -0.5 1 0.143894 -0.114196 
0.5 0.5 6 1 0.171562 0.166979 
10.5 0.5 -0.5 1 0.586891 -0.271976 
10.5 0.5 6 1 0.654905 0.161413 
10.5 10.5 -0.5 1 0.0610469 -0.433942 
10.5 10.5 6 1 0.124748 0.260702 
0.5 10.5 -0.5 1 -0.278081 -0.151772 
0.5 10.5 6 1 -0.261046 0.220073 
0.5 5.5 9.5 1 -0.000325994 0.373087 
10.5 5.5 9.5 1 0.495935 0.517998 
0.5 6.5 -0.5 1 -0.0810366 -0.134225 
0.5 8.5 -0.5 1 -0.173737 -0.14248 
0.5 8.5 4.5 1 -0.158079 0.12353 
0.5 6.5 4.5 1 -0.0633613 0.116735 
0.5 2.5 2 1 0.0864515 -0.00904603 
0.5 4.5 2 1 0.0113152 -0.00982385 
0.5 4.5 4.5 1 0.0210465 0.110679 
0.5 2.5 4.5 1 0.0967413 0.105248 
