0 0 0 1 -0.563418 -0.416041 
0 0 6.5 1 -0.513862 -0.0447463 
10 0 0 1 -0.0947522 -0.366283 
10 0 6.5 1 -0.080347 -0.0929321 
10 10 0 1 0.265366 -0.463696 
10 10 6.5 1 0.261372 -0.0675722 
0 10 0 1 -0.321944 -0.614072 
0 10 6.5 1 -0.265104 0.0276301 
0 5 10 1 -0.394657 0.205553 
10 5 10 1 0.0648643 0.0770976 
0 6 0 1 -0.452029 -0.50739 
0 8 0 1 -0.395488 -0.55376 
0 8 5 1 -0.350592 -0.113305 
0 6 5 1 -0.408217 -0.117548 
0 2 2.5 1 -0.512452 -0.277816 
0 4 2.5 1 -0.475082 -0.290387 
0 4 5 1 -0.454618 -0.120963 
0 2 5 1 -0.492782 -0.123773 
0.5 0.5 -0.5 1 -0.528196 -0.449081 
0.5 0.5 6 1 -0.48054 -0.0727638 
10.5 0.5 -0.5 1 -0.0662783 -0.390038 
10.5 0.5 6 1 -0.0531588 -0.113974 
10.5 10.5 -0.5 1 0.310111 -0.499236 
10.5 10.5 6 1 0.303012 -0.0974193 
0.5 10.5 -0.5 1 -0.256327 -0.675209 
0.5 10.5 6 1 -0.205893 -0.0184874 
0.5 5.5 9.5 1 -0.353524 0.174234 
10.5 5.5 9.5 1 0.0968565 0.0541912 
0.5 6.5 -0.5 1 -0.403209 -0.55304 
0.5 8.5 -0.5 1 -0.339488 -0.606039 
0.5 8.5 4.5 1 -0.29829 -0.156476 
0.5 6.5 4.5 1 -0.36222 -0.156055 
0.5 2.5 2 1 -0.474538 -0.31174 
0.5 4.5 2 1 -0.432961 -0.327873 
0.5 4.5 4.5 1 -0.41358 -0.155718 
0.5 2.5 4.5 1 -0.455745 -0.15544 
