0 0 0 1 0.377769 -0.617137 
0 0 6.5 1 0.308831 -0.00320987 
10 0 0 1 -0.25027 -0.48359 
10 0 6.5 1 -0.260018 -0.0841296 
10 10 0 1 0.0773541 -0.359063 
10 10 6.5 1 0.0578757 -0.0910226 
0 10 0 1 0.536305 -0.39549 
0 10 6.5 1 0.487678 -0.0454626 
0 5 10 1 0.393378 0.187409 
10 5 10 1 -0.0796868 0.0724668 
0 6 0 1 0.492847 -0.456248 
0 8 0 1 0.516639 -0.422985 
0 8 5 1 0.4762 -0.124601 
0 6 5 1 0.449497 -0.126471 
0 2 2.5 1 0.40043 -0.334057 
0 4 2.5 1 0.43954 -0.308042 
0 4 5 1 0.416864 -0.128756 
0 2 5 1 0.376082 -0.131612 
0.5 0.5 -0.5 1 0.350318 -0.637665 
0.5 0.5 6 1 0.287144 -0.0533542 
10.5 0.5 -0.5 1 -0.245401 -0.501912 
10.5 0.5 6 1 -0.255083 -0.115179 
10.5 10.5 -0.5 1 0.0725642 -0.37457 
10.5 10.5 6 1 0.0537316 -0.112306 
0.5 10.5 -0.5 1 0.515262 -0.414549 
0.5 10.5 6 1 0.469162 -0.0743097 
0.5 5.5 9.5 1 0.374484 0.143902 
10.5 5.5 9.5 1 -0.0806981 0.0434028 
0.5 6.5 -0.5 1 0.469243 -0.476798 
0.5 8.5 -0.5 1 0.49436 -0.442822 
0.5 8.5 4.5 1 0.456213 -0.153673 
0.5 6.5 4.5 1 0.428574 -0.158271 
0.5 2.5 2 1 0.376078 -0.364804 
0.5 4.5 2 1 0.416207 -0.336522 
0.5 4.5 4.5 1 0.395049 -0.163848 
0.5 2.5 4.5 1 0.353533 -0.170755 
