0 0 0 1 0.226318 -0.471373 
0 0 6.5 1 0.219801 -0.146625 
10 0 0 1 0.686827 -0.716886 
10 0 6.5 1 0.627079 -0.112289 
10 10 0 1 -0.271738 -0.866642 
10 10 6.5 1 -0.219399 -0.0638306 
0 10 0 1 -0.287272 -0.501852 
0 10 6.5 1 -0.260229 -0.127574 
0 5 10 1 1.9523e-05 0.0320541 
10 5 10 1 0.2496 0.216859 
0 6 0 1 -0.0636557 -0.488581 
0 8 0 1 -0.172065 -0.495015 
0 8 5 1 -0.157419 -0.211358 
0 6 5 1 -0.0547932 -0.213196 
0 2 2.5 1 0.134567 -0.343559 
0 4 2.5 1 0.040434 -0.345421 
0 4 5 1 0.0422353 -0.214934 
0 2 5 1 0.134112 -0.21658 
0.5 0.5 -0.5 1 0.216598 -0.507021 
0.5 0.5 6 1 0.210449 -0.169084 
10.5 0.5 -0.5 1 0.70023 -0.803047 
10.5 0.5 6 1 0.635279 -0.151286 
10.5 10.5 -0.5 1 -0.345405 -0.999331 
10.5 10.5 6 1 -0.277992 -0.111274 
0.5 10.5 -0.5 1 -0.320177 -0.544604 
0.5 10.5 6 1 -0.289779 -0.1527 
0.5 5.5 9.5 1 -0.0173749 0.0150969 
10.5 5.5 9.5 1 0.233334 0.197127 
0.5 6.5 -0.5 1 -0.085716 -0.528188 
0.5 8.5 -0.5 1 -0.199238 -0.536136 
0.5 8.5 4.5 1 -0.182588 -0.239362 
0.5 6.5 4.5 1 -0.0753874 -0.240455 
0.5 2.5 2 1 0.121488 -0.374688 
0.5 4.5 2 1 0.0234627 -0.377522 
0.5 4.5 4.5 1 0.0257536 -0.241486 
0.5 2.5 4.5 1 0.121334 -0.24246 
