0 0 0 1 0.318229 -0.205166 
0 0 6.5 1 0.361686 0.22632 
10 0 0 1 -0.310453 -0.162629 
10 0 6.5 1 -0.319559 0.248677 
10 10 0 1 -0.158982 -0.0319856 
10 10 6.5 1 -0.157174 0.223471 
0 10 0 1 0.230491 -0.053745 
0 10 6.5 1 0.25184 0.209367 
0 5 10 1 0.30982 0.409295 
10 5 10 1 -0.219169 0.418932 
0 6 0 1 0.255905 -0.0976052 
0 8 0 1 0.242128 -0.0738284 
0 8 5 1 0.260268 0.142972 
0 6 5 1 0.276413 0.138956 
0 2 2.5 1 0.306127 -0.0205364 
0 4 2.5 1 0.283944 0.000760225 
0 4 5 1 0.295992 0.134087 
0 2 5 1 0.320231 0.128058 
0.5 0.5 -0.5 1 0.276548 -0.220534 
0.5 0.5 6 1 0.31481 0.191598 
10.5 0.5 -0.5 1 -0.326879 -0.178818 
10.5 0.5 6 1 -0.336882 0.214887 
10.5 10.5 -0.5 1 -0.172915 -0.0452823 
10.5 10.5 6 1 -0.171808 0.203295 
0.5 10.5 -0.5 1 0.206722 -0.0669401 
0.5 10.5 6 1 0.226373 0.188875 
0.5 5.5 9.5 1 0.275068 0.376329 
10.5 5.5 9.5 1 -0.235937 0.387025 
0.5 6.5 -0.5 1 0.227167 -0.111911 
0.5 8.5 -0.5 1 0.216106 -0.0875815 
0.5 8.5 4.5 1 0.232707 0.122781 
0.5 6.5 4.5 1 0.245802 0.117001 
0.5 2.5 2 1 0.268432 -0.0411508 
0.5 4.5 2 1 0.250744 -0.0184644 
0.5 4.5 4.5 1 0.261592 0.110032 
0.5 2.5 4.5 1 0.281003 0.101466 
