0 0 0 1 0.0434146 -0.215836 
0 0 6.5 1 0.0183909 0.0387357 
10 0 0 1 0.475639 -0.217528 
10 0 6.5 1 0.437505 0.10138 
10 10 0 1 0.378062 -0.38438 
10 10 6.5 1 0.315267 0.167247 
0 10 0 1 -0.244019 -0.330411 
0 10 6.5 1 -0.276132 0.0534114 
0 5 10 1 -0.114341 0.205653 
10 5 10 1 0.367701 0.336685 
0 6 0 1 -0.0998807 -0.272955 
0 8 0 1 -0.165293 -0.29903 
0 8 5 1 -0.188881 -0.0299375 
0 6 5 1 -0.12229 -0.0266565 
0 2 2.5 1 -0.00762568 -0.126264 
0 4 2.5 1 -0.0553765 -0.136777 
0 4 5 1 -0.0659657 -0.0238814 
0 2 5 1 -0.0177044 -0.0215036 
0.5 0.5 -0.5 1 0.053314 -0.240215 
0.5 0.5 6 1 0.0274498 0.0219231 
10.5 0.5 -0.5 1 0.503964 -0.248455 
10.5 0.5 6 1 0.463999 0.0824194 
10.5 10.5 -0.5 1 0.422218 -0.450405 
10.5 10.5 6 1 0.354184 0.138027 
0.5 10.5 -0.5 1 -0.241562 -0.372806 
0.5 10.5 6 1 -0.275115 0.0284771 
0.5 5.5 9.5 1 -0.108026 0.191225 
10.5 5.5 9.5 1 0.397958 0.323435 
0.5 6.5 -0.5 1 -0.0926013 -0.305826 
0.5 8.5 -0.5 1 -0.159928 -0.336099 
0.5 8.5 4.5 1 -0.184519 -0.0558961 
0.5 6.5 4.5 1 -0.115908 -0.0502506 
0.5 2.5 2 1 0.0013804 -0.149557 
0.5 4.5 2 1 -0.0472399 -0.162286 
0.5 4.5 4.5 1 -0.0582267 -0.0455044 
0.5 2.5 4.5 1 -0.00905568 -0.0414585 
