0 0 0 1 0.0546861 -0.173815 
0 0 6.5 1 0.029232 0.0802253 
10 0 0 1 0.485766 -0.181272 
10 0 6.5 1 0.453702 0.143369 
10 10 0 1 0.360143 -0.361376 
10 10 6.5 1 0.304786 0.196418 
0 10 0 1 -0.239897 -0.292132 
0 10 6.5 1 -0.278108 0.0853922 
0 5 10 1 -0.110842 0.246093 
10 5 10 1 0.377026 0.384335 
0 6 0 1 -0.0932933 -0.233249 
0 8 0 1 -0.160101 -0.260082 
0 8 5 1 -0.18681 0.00452062 
0 6 5 1 -0.117773 0.00982223 
0 2 2.5 1 0.00177996 -0.086364 
0 4 2.5 1 -0.0478344 -0.0981072 
0 4 5 1 -0.0591353 0.0143252 
0 2 5 1 -0.00871212 0.0181974 
0.5 0.5 -0.5 1 0.0638498 -0.198277 
0.5 0.5 6 1 0.0376926 0.062839 
10.5 0.5 -0.5 1 0.513058 -0.213038 
10.5 0.5 6 1 0.479871 0.123248 
10.5 10.5 -0.5 1 0.400309 -0.428806 
10.5 10.5 6 1 0.341515 0.164276 
0.5 10.5 -0.5 1 -0.238479 -0.333959 
0.5 10.5 6 1 -0.278298 0.059406 
0.5 5.5 9.5 1 -0.105372 0.230753 
10.5 5.5 9.5 1 0.406936 0.369706 
0.5 6.5 -0.5 1 -0.0869882 -0.265971 
0.5 8.5 -0.5 1 -0.155767 -0.296838 
0.5 8.5 4.5 1 -0.183492 -0.0221568 
0.5 6.5 4.5 1 -0.112319 -0.0144206 
0.5 2.5 2 1 0.010024 -0.109981 
0.5 4.5 2 1 -0.0405503 -0.123939 
0.5 4.5 4.5 1 -0.0522131 -0.00788744 
0.5 2.5 4.5 1 -0.000779325 -0.00229687 
