0 0 0 1 0.286544 -0.404187 
0 0 6.5 1 0.25067 -0.0750364 
10 0 0 1 0.66966 -0.676664 
10 0 6.5 1 0.571709 -0.022036 
10 10 0 1 -0.377688 -0.830321 
10 10 6.5 1 -0.39886 -0.0922511 
0 10 0 1 -0.228788 -0.461541 
0 10 6.5 1 -0.245363 -0.112507 
0 5 10 1 -0.00445175 0.0781335 
10 5 10 1 0.0809064 0.274653 
0 6 0 1 -0.0159372 -0.437852 
0 8 0 1 -0.121194 -0.449566 
0 8 5 1 -0.137331 -0.181766 
0 6 5 1 -0.0351984 -0.173236 
0 2 2.5 1 0.175111 -0.283926 
0 4 2.5 1 0.0757572 -0.29358 
0 4 5 1 0.0648073 -0.164884 
0 2 5 1 0.162752 -0.156704 
0.5 0.5 -0.5 1 0.274192 -0.441197 
0.5 0.5 6 1 0.237723 -0.100524 
10.5 0.5 -0.5 1 0.669281 -0.771086 
10.5 0.5 6 1 0.565442 -0.0693618 
10.5 10.5 -0.5 1 -0.455591 -0.948045 
10.5 10.5 6 1 -0.471255 -0.149759 
0.5 10.5 -0.5 1 -0.259154 -0.502601 
0.5 10.5 6 1 -0.274972 -0.140599 
0.5 5.5 9.5 1 -0.0252662 0.057224 
10.5 5.5 9.5 1 0.0446661 0.245 
0.5 6.5 -0.5 1 -0.0386341 -0.477213 
0.5 8.5 -0.5 1 -0.147643 -0.489763 
0.5 8.5 4.5 1 -0.163436 -0.212049 
0.5 6.5 4.5 1 -0.0577746 -0.20292 
0.5 2.5 2 1 0.159304 -0.316942 
0.5 4.5 2 1 0.0566048 -0.327265 
0.5 4.5 4.5 1 0.0456166 -0.193986 
0.5 2.5 4.5 1 0.14681 -0.185242 
