0 0 0 1 -0.606248 -0.195537 
0 0 6.5 1 -0.58893 0.220131 
10 0 0 1 -0.159908 -0.122366 
10 0 6.5 1 -0.138435 0.149922 
10 10 0 1 0.234925 -0.226821 
10 10 6.5 1 0.275183 0.129501 
0 10 0 1 -0.142959 -0.425639 
0 10 6.5 1 -0.0894461 0.22395 
0 5 10 1 -0.379633 0.513117 
10 5 10 1 0.056015 0.314082 
0 6 0 1 -0.379314 -0.308248 
0 8 0 1 -0.273082 -0.36101 
0 8 5 1 -0.241655 0.0829993 
0 6 5 1 -0.354526 0.0954113 
0 2 2.5 1 -0.534394 -0.0589279 
0 4 2.5 1 -0.457903 -0.0822068 
0 4 5 1 -0.447819 0.10567 
0 2 5 1 -0.526221 0.114292 
0.5 0.5 -0.5 1 -0.559327 -0.227899 
0.5 0.5 6 1 -0.540566 0.182175 
10.5 0.5 -0.5 1 -0.131953 -0.144266 
10.5 0.5 6 1 -0.109997 0.125612 
10.5 10.5 -0.5 1 0.267942 -0.254527 
10.5 10.5 6 1 0.308814 0.0976676 
0.5 10.5 -0.5 1 -0.0775621 -0.472187 
0.5 10.5 6 1 -0.021365 0.163777 
0.5 5.5 9.5 1 -0.321778 0.461541 
10.5 5.5 9.5 1 0.0872265 0.284723 
0.5 6.5 -0.5 1 -0.322641 -0.347915 
0.5 8.5 -0.5 1 -0.212308 -0.403861 
0.5 8.5 4.5 1 -0.179079 0.031847 
0.5 6.5 4.5 1 -0.296268 0.0488806 
0.5 2.5 2 1 -0.483978 -0.0958131 
0.5 4.5 2 1 -0.404176 -0.121916 
0.5 4.5 4.5 1 -0.393385 0.0629965 
0.5 2.5 4.5 1 -0.475178 0.0748852 
