0.163119 -0.19544 0.19133 0.0865848 
0.598149 -0.349852 0.643628 0.108232 
-0.0345767 -0.431386 0.0344843 0.257044 
-0.276212 -0.197417 -0.240423 0.157778 
0.163119 -0.19544 0.598149 -0.349852 
0.598149 -0.349852 -0.0345767 -0.431386 
-0.0345767 -0.431386 -0.276212 -0.197417 
-0.276212 -0.197417 0.163119 -0.19544 
0.19133 0.0865848 0.0172164 0.287255 
0.0172164 0.287255 -0.240423 0.157778 
0.643628 0.108232 0.429718 0.463495 
0.429718 0.463495 0.0344843 0.257044 
0.0172164 0.287255 0.429718 0.463495 
0.19133 0.0865848 0.643628 0.108232 
-0.240423 0.157778 0.0344843 0.257044 
-0.0756829 -0.196515 -0.170999 -0.196944 
-0.170999 -0.196944 -0.144869 0.0628385 
-0.144869 0.0628385 -0.0508211 0.0510535 
-0.0508211 0.0510535 -0.0756829 -0.196515 
0.101696 -0.0826016 0.0229274 -0.0778756 
0.0229274 -0.0778756 0.0347808 0.0403269 
0.0347808 0.0403269 0.113025 0.0305222 
0.113025 0.0305222 0.101696 -0.0826016 
