-0.316879 -0.103195 -0.350437 0.177828 
0.0800302 -0.0499846 0.0632847 0.201111 
0.302762 -0.138208 0.287709 0.257847 
-0.319223 -0.245933 -0.377306 0.230095 
-0.316879 -0.103195 0.0800302 -0.0499846 
0.0800302 -0.0499846 0.302762 -0.138208 
0.302762 -0.138208 -0.319223 -0.245933 
-0.319223 -0.245933 -0.316879 -0.103195 
-0.350437 0.177828 -0.384892 0.401365 
-0.384892 0.401365 -0.377306 0.230095 
0.0632847 0.201111 0.139961 0.398961 
0.139961 0.398961 0.287709 0.257847 
-0.384892 0.401365 0.139961 0.398961 
-0.350437 0.177828 0.0632847 0.201111 
-0.377306 0.230095 0.287709 0.257847 
-0.317983 -0.170466 -0.318529 -0.203666 
-0.318529 -0.203666 -0.357015 0.11379 
-0.357015 0.11379 -0.352166 0.112908 
-0.352166 0.112908 -0.317983 -0.170466 
-0.330938 -0.00678407 -0.33266 -0.0178783 
-0.33266 -0.0178783 -0.348289 0.112203 
-0.348289 0.112203 -0.345117 0.111627 
-0.345117 0.111627 -0.330938 -0.00678407 
