0 0 0 1 -0.313732 -0.0864931 
0 0 6.5 1 -0.346717 0.194225 
10 0 0 1 0.082991 -0.036415 
10 0 6.5 1 0.0676595 0.215491 
10 10 0 1 0.301984 -0.124178 
10 10 6.5 1 0.289871 0.27392 
0 10 0 1 -0.321282 -0.225656 
0 10 6.5 1 -0.378759 0.249535 
0 5 10 1 -0.382837 0.419683 
10 5 10 1 0.144404 0.415525 
0 6 0 1 -0.317293 -0.152134 
0 8 0 1 -0.319049 -0.184493 
0 8 5 1 -0.357022 0.132164 
0 6 5 1 -0.350971 0.130602 
0 2 2.5 1 -0.328218 0.0100123 
0 4 2.5 1 -0.330734 -0.000618219 
0 4 5 1 -0.346131 0.129353 
0 2 5 1 -0.342173 0.128331 
0.5 0.5 -0.5 1 -0.289066 -0.108859 
0.5 0.5 6 1 -0.321454 0.174331 
10.5 0.5 -0.5 1 0.109129 -0.0558864 
10.5 0.5 6 1 0.0945703 0.198015 
10.5 10.5 -0.5 1 0.346773 -0.156316 
10.5 10.5 6 1 0.337034 0.246782 
0.5 10.5 -0.5 1 -0.27966 -0.266252 
0.5 10.5 6 1 -0.335422 0.216037 
0.5 5.5 9.5 1 -0.350396 0.397229 
10.5 5.5 9.5 1 0.179454 0.39614 
0.5 6.5 -0.5 1 -0.284648 -0.18279 
0.5 8.5 -0.5 1 -0.282458 -0.219438 
0.5 8.5 4.5 1 -0.319419 0.10129 
0.5 6.5 4.5 1 -0.317521 0.103193 
0.5 2.5 2 1 -0.301094 -0.0135163 
0.5 4.5 2 1 -0.300941 -0.0266424 
0.5 4.5 4.5 1 -0.316009 0.10471 
0.5 2.5 4.5 1 -0.314776 0.105946 
