0 0 0 1 0.321251 -0.147623 
0 0 6.5 1 0.352107 0.282783 
10 0 0 1 -0.311308 -0.138058 
10 0 6.5 1 -0.336739 0.284162 
10 10 0 1 -0.180356 -0.00856758 
10 10 6.5 1 -0.188697 0.251402 
0 10 0 1 0.210256 -0.0128845 
0 10 6.5 1 0.22267 0.250165 
0 5 10 1 0.281897 0.456943 
10 5 10 1 -0.252358 0.455176 
0 6 0 1 0.242531 -0.052064 
0 8 0 1 0.225047 -0.03084 
0 8 5 1 0.235955 0.18566 
0 6 5 1 0.255324 0.184067 
0 2 2.5 1 0.2982 0.031355 
0 4 2.5 1 0.27095 0.0489221 
0 4 5 1 0.27878 0.182138 
0 2 5 1 0.307767 0.179755 
0.5 0.5 -0.5 1 0.279415 -0.165856 
0.5 0.5 6 1 0.305418 0.245593 
10.5 0.5 -0.5 1 -0.329281 -0.156302 
10.5 0.5 6 1 -0.355223 0.247667 
10.5 10.5 -0.5 1 -0.194651 -0.0229998 
10.5 10.5 6 1 -0.203527 0.229958 
0.5 10.5 -0.5 1 0.186728 -0.0273869 
0.5 10.5 6 1 0.197614 0.228485 
0.5 5.5 9.5 1 0.247661 0.422416 
10.5 5.5 9.5 1 -0.269471 0.421249 
0.5 6.5 -0.5 1 0.213956 -0.0680642 
0.5 8.5 -0.5 1 0.199235 -0.0460715 
0.5 8.5 4.5 1 0.208748 0.164109 
0.5 6.5 4.5 1 0.225043 0.160564 
0.5 2.5 2 1 0.260606 0.00852182 
0.5 4.5 2 1 0.237936 0.0278229 
0.5 4.5 4.5 1 0.244666 0.156295 
0.5 2.5 4.5 1 0.268754 0.151055 
