0.319656 -0.180517 0.358556 0.250299 
-0.310372 -0.151146 -0.326107 0.264325 
-0.167195 -0.0204947 -0.169418 0.236777 
0.222652 -0.0353289 0.240672 0.227754 
0.319656 -0.180517 -0.310372 -0.151146 
-0.310372 -0.151146 -0.167195 -0.0204947 
-0.167195 -0.0204947 0.222652 -0.0353289 
0.222652 -0.0353289 0.319656 -0.180517 
0.358556 0.250299 0.299445 0.430381 
0.299445 0.430381 0.240672 0.227754 
-0.326107 0.264325 -0.232083 0.435506 
-0.232083 0.435506 -0.169418 0.236777 
0.299445 0.430381 -0.232083 0.435506 
0.358556 0.250299 -0.326107 0.264325 
0.240672 0.227754 -0.169418 0.236777 
0.250802 -0.0774616 0.235547 -0.0546292 
0.235547 -0.0546292 0.250997 0.161994 
0.250997 0.161994 0.268452 0.158842 
0.268452 0.158842 0.250802 -0.0774616 
0.303327 0.00182001 0.279108 0.0217608 
0.279108 0.0217608 0.289606 0.155022 
0.289606 0.155022 0.315776 0.150296 
0.315776 0.150296 0.303327 0.00182001 
