0 0 0 1 0.345241 -0.425798 
0 0 6.5 1 0.297568 -0.0143641 
10 0 0 1 -0.325892 -0.563229 
10 0 6.5 1 -0.34522 -0.0455577 
10 10 0 1 -0.32693 -0.385013 
10 10 6.5 1 -0.338207 -0.0881801 
0 10 0 1 0.0924611 -0.32167 
0 10 6.5 1 0.0698185 -0.0631173 
0 5 10 1 0.142462 0.117242 
10 5 10 1 -0.347962 0.117377 
0 6 0 1 0.166783 -0.352286 
0 8 0 1 0.126607 -0.335736 
0 8 5 1 0.106811 -0.119246 
0 6 5 1 0.14418 -0.116747 
0 2 2.5 1 0.257318 -0.250696 
0 4 2.5 1 0.201456 -0.240932 
0 4 5 1 0.18857 -0.113779 
0 2 5 1 0.242165 -0.110195 
0.5 0.5 -0.5 1 0.302771 -0.455703 
0.5 0.5 6 1 0.257815 -0.0490614 
10.5 0.5 -0.5 1 -0.365663 -0.59785 
10.5 0.5 6 1 -0.382322 -0.0877944 
10.5 10.5 -0.5 1 -0.349799 -0.406955 
10.5 10.5 6 1 -0.360169 -0.112627 
0.5 10.5 -0.5 1 0.0682837 -0.341498 
0.5 10.5 6 1 0.0465871 -0.0848404 
0.5 5.5 9.5 1 0.113836 0.0891787 
10.5 5.5 9.5 1 -0.374832 0.0845496 
0.5 6.5 -0.5 1 0.137518 -0.375218 
0.5 8.5 -0.5 1 0.100122 -0.357004 
0.5 8.5 4.5 1 0.0811996 -0.142246 
0.5 6.5 4.5 1 0.115969 -0.141728 
0.5 2.5 2 1 0.221196 -0.279426 
0.5 4.5 2 1 0.16944 -0.26708 
0.5 4.5 4.5 1 0.157191 -0.141114 
0.5 2.5 4.5 1 0.206844 -0.140375 
