0.32593 -0.498221 0.354887 0.0130114 
-0.331489 -0.359905 -0.2849 0.0422593 
-0.078776 -0.272427 -0.0547973 -0.0175735 
0.337023 -0.338312 0.353661 -0.0436197 
0.32593 -0.498221 -0.331489 -0.359905 
-0.331489 -0.359905 -0.078776 -0.272427 
-0.078776 -0.272427 0.337023 -0.338312 
0.337023 -0.338312 0.32593 -0.498221 
0.354887 0.0130114 0.364922 0.168495 
0.364922 0.168495 0.353661 -0.0436197 
-0.2849 0.0422593 -0.127982 0.166638 
-0.127982 0.166638 -0.0547973 -0.0175735 
0.364922 0.168495 -0.127982 0.166638 
0.354887 0.0130114 -0.2849 0.0422593 
0.353661 -0.0436197 -0.0547973 -0.0175735 
0.333955 -0.382537 0.335632 -0.358362 
0.335632 -0.358362 0.349714 -0.109049 
0.349714 -0.109049 0.349491 -0.107615 
0.349491 -0.107615 0.333955 -0.382537 
0.339239 -0.273986 0.340675 -0.256951 
0.340675 -0.256951 0.349218 -0.105861 
0.349218 -0.105861 0.348877 -0.103668 
0.348877 -0.103668 0.339239 -0.273986 
