0 0 0 1 0.289502 -0.401231 
0 0 6.5 1 0.258794 -0.0469818 
10 0 0 1 0.402497 -0.654286 
10 0 6.5 1 0.327288 0.0845129 
10 10 0 1 -0.624302 -0.612392 
10 10 6.5 1 -0.58131 0.00959642 
0 10 0 1 -0.22876 -0.401794 
0 10 6.5 1 -0.227748 -0.076722 
0 5 10 1 -0.00155553 0.104074 
10 5 10 1 -0.167083 0.348265 
0 6 0 1 -0.0327168 -0.401581 
0 8 0 1 -0.132482 -0.40169 
0 8 5 1 -0.135977 -0.144041 
0 6 5 1 -0.0408031 -0.139484 
0 2 2.5 1 0.168694 -0.262347 
0 4 2.5 1 0.0640698 -0.264964 
0 4 5 1 0.0577193 -0.134767 
0 2 5 1 0.15977 -0.129881 
0.5 0.5 -0.5 1 0.265627 -0.437179 
0.5 0.5 6 1 0.235628 -0.0715071 
10.5 0.5 -0.5 1 0.356692 -0.749017 
10.5 0.5 6 1 0.28341 0.0411875 
10.5 10.5 -0.5 1 -0.713302 -0.688131 
10.5 10.5 6 1 -0.658727 -0.0301809 
0.5 10.5 -0.5 1 -0.263516 -0.434536 
0.5 10.5 6 1 -0.260476 -0.0998812 
0.5 5.5 9.5 1 -0.0292378 0.0849812 
10.5 5.5 9.5 1 -0.227294 0.32306 
0.5 6.5 -0.5 1 -0.0636562 -0.435534 
0.5 8.5 -0.5 1 -0.165409 -0.435026 
0.5 8.5 4.5 1 -0.167484 -0.169564 
0.5 6.5 4.5 1 -0.0705035 -0.165346 
0.5 2.5 2 1 0.142671 -0.293065 
0.5 4.5 2 1 0.0358166 -0.295182 
0.5 4.5 4.5 1 0.0299748 -0.160976 
0.5 2.5 4.5 1 0.134144 -0.156446 
