0 0 0 1 0.379582 -0.608779 
0 0 6.5 1 0.321346 -0.0066939 
10 0 0 1 -0.270276 -0.486913 
10 0 6.5 1 -0.264761 -0.0810255 
10 10 0 1 0.0488834 -0.377196 
10 10 6.5 1 0.037477 -0.108138 
0 10 0 1 0.505298 -0.41466 
0 10 6.5 1 0.463435 -0.0715757 
0 5 10 1 0.387194 0.16152 
10 5 10 1 -0.0875689 0.0623165 
0 6 0 1 0.470993 -0.467632 
0 8 0 1 0.489789 -0.438609 
0 8 5 1 0.454958 -0.145441 
0 6 5 1 0.433737 -0.143522 
0 2 2.5 1 0.396033 -0.336184 
0 4 2.5 1 0.427128 -0.316513 
0 4 5 1 0.407801 -0.141177 
0 2 5 1 0.375383 -0.138246 
0.5 0.5 -0.5 1 0.348576 -0.632625 
0.5 0.5 6 1 0.296106 -0.0567084 
10.5 0.5 -0.5 1 -0.268215 -0.50737 
10.5 0.5 6 1 -0.263022 -0.113511 
10.5 10.5 -0.5 1 0.042704 -0.393452 
10.5 10.5 6 1 0.0318414 -0.129715 
0.5 10.5 -0.5 1 0.48364 -0.434259 
0.5 10.5 6 1 0.44423 -0.0997836 
0.5 5.5 9.5 1 0.366712 0.119645 
10.5 5.5 9.5 1 -0.090815 0.032974 
0.5 6.5 -0.5 1 0.446159 -0.489306 
0.5 8.5 -0.5 1 0.466635 -0.459233 
0.5 8.5 4.5 1 0.434043 -0.174235 
0.5 6.5 4.5 1 0.411532 -0.175162 
0.5 2.5 2 1 0.369219 -0.368266 
0.5 4.5 2 1 0.402049 -0.345833 
0.5 4.5 4.5 1 0.38421 -0.176288 
0.5 2.5 4.5 1 0.350351 -0.177682 
