0.334246 -0.245926 0.292583 0.157148 
-0.315623 -0.355801 -0.361064 0.114495 
-0.281107 -0.222125 -0.30785 0.0532728 
0.120049 -0.165636 0.094643 0.085259 
0.334246 -0.245926 -0.315623 -0.355801 
-0.315623 -0.355801 -0.281107 -0.222125 
-0.281107 -0.222125 0.120049 -0.165636 
0.120049 -0.165636 0.334246 -0.245926 
0.292583 0.157148 0.153706 0.27858 
0.153706 0.27858 0.094643 0.085259 
-0.361064 0.114495 -0.345551 0.261934 
-0.345551 0.261934 -0.30785 0.0532728 
0.153706 0.27858 -0.345551 0.261934 
0.292583 0.157148 -0.361064 0.114495 
0.094643 0.085259 -0.30785 0.0532728 
0.182834 -0.189171 0.148874 -0.176441 
0.148874 -0.176441 0.127662 0.0324521 
0.127662 0.0324521 0.159658 0.0383146 
0.159658 0.0383146 0.182834 -0.189171 
0.258596 -0.0843373 0.210649 -0.0793751 
0.210649 -0.0793751 0.197896 0.0453206 
0.197896 0.0453206 0.244397 0.0538409 
0.244397 0.0538409 0.258596 -0.0843373 
