0 0 0 1 0.297399 -0.330522 
0 0 6.5 1 0.25767 0.0207877 
10 0 0 1 0.29546 -0.614649 
10 0 6.5 1 0.215348 0.113793 
10 10 0 1 -0.603538 -0.56268 
10 10 6.5 1 -0.619216 -0.00337934 
0 10 0 1 -0.194322 -0.339529 
0 10 6.5 1 -0.214849 -0.0328971 
0 5 10 1 -0.00959148 0.160246 
10 5 10 1 -0.27553 0.358918 
0 6 0 1 -0.0140397 -0.336227 
0 8 0 1 -0.106619 -0.337923 
0 8 5 1 -0.124936 -0.0942385 
0 6 5 1 -0.0350244 -0.0859661 
0 2 2.5 1 0.17371 -0.198606 
0 4 2.5 1 0.0717249 -0.204265 
0 4 5 1 0.0599063 -0.077232 
0 2 5 1 0.160288 -0.0679963 
0.5 0.5 -0.5 1 0.271653 -0.366536 
0.5 0.5 6 1 0.231961 -0.00668343 
10.5 0.5 -0.5 1 0.2402 -0.704972 
10.5 0.5 6 1 0.160472 0.0611081 
10.5 10.5 -0.5 1 -0.676257 -0.628683 
10.5 10.5 6 1 -0.688598 -0.0474827 
0.5 10.5 -0.5 1 -0.225808 -0.37088 
0.5 10.5 6 1 -0.245787 -0.057765 
0.5 5.5 9.5 1 -0.0382171 0.137775 
10.5 5.5 9.5 1 -0.339311 0.323571 
0.5 6.5 -0.5 1 -0.043749 -0.36929 
0.5 8.5 -0.5 1 -0.137289 -0.370107 
0.5 8.5 4.5 1 -0.155236 -0.121101 
0.5 6.5 4.5 1 -0.0644284 -0.113412 
0.5 2.5 2 1 0.146501 -0.230362 
0.5 4.5 2 1 0.0432515 -0.235219 
0.5 4.5 4.5 1 0.0315484 -0.105286 
0.5 2.5 4.5 1 0.133149 -0.0966838 
