0 0 0 1 -0.599865 -0.193364 
0 0 6.5 1 -0.61871 0.243901 
10 0 0 1 -0.170958 -0.0766993 
10 0 6.5 1 -0.162718 0.201547 
10 10 0 1 0.240613 -0.166336 
10 10 6.5 1 0.275651 0.18375 
0 10 0 1 -0.052292 -0.413238 
0 10 6.5 1 -0.0184311 0.232259 
0 5 10 1 -0.383554 0.561121 
10 5 10 1 0.0407089 0.374513 
0 6 0 1 -0.324144 -0.304078 
0 8 0 1 -0.2001 -0.353887 
0 8 5 1 -0.188616 0.0888942 
0 6 5 1 -0.32247 0.104119 
0 2 2.5 1 -0.525781 -0.0538454 
0 4 2.5 1 -0.432329 -0.0783764 
0 4 5 1 -0.435099 0.11693 
0 2 5 1 -0.531182 0.127858 
0.5 0.5 -0.5 1 -0.547431 -0.222488 
0.5 0.5 6 1 -0.562087 0.204702 
10.5 0.5 -0.5 1 -0.141837 -0.0967435 
10.5 0.5 6 1 -0.132349 0.177406 
10.5 10.5 -0.5 1 0.271609 -0.190326 
10.5 10.5 6 1 0.307957 0.153269 
0.5 10.5 -0.5 1 0.0110461 -0.45051 
0.5 10.5 6 1 0.0510332 0.173032 
0.5 5.5 9.5 1 -0.317251 0.504186 
10.5 5.5 9.5 1 0.0730304 0.344424 
0.5 6.5 -0.5 1 -0.265094 -0.337765 
0.5 8.5 -0.5 1 -0.13882 -0.389321 
0.5 8.5 4.5 1 -0.122964 0.0399602 
0.5 6.5 4.5 1 -0.259352 0.0589639 
0.5 2.5 2 1 -0.46954 -0.0884415 
0.5 4.5 2 1 -0.373725 -0.115085 
0.5 4.5 4.5 1 -0.374559 0.0750164 
0.5 2.5 4.5 1 -0.473166 0.0887558 
