0 0 0 1 -0.605125 -0.192024 
0 0 6.5 1 -0.596368 0.229002 
10 0 0 1 -0.16257 -0.10853 
10 0 6.5 1 -0.143847 0.16508 
10 10 0 1 0.236073 -0.210758 
10 10 6.5 1 0.276033 0.143658 
0 10 0 1 -0.121271 -0.422711 
0 10 6.5 1 -0.0723263 0.22597 
0 5 10 1 -0.380717 0.527311 
10 5 10 1 0.0532653 0.330827 
0 6 0 1 -0.366476 -0.305805 
0 8 0 1 -0.255848 -0.358549 
0 8 5 1 -0.229243 0.0850863 
0 6 5 1 -0.347287 0.0989494 
0 2 2.5 1 -0.532817 -0.055217 
0 4 2.5 1 -0.452277 -0.0793405 
0 4 5 1 -0.445253 0.110454 
0 2 5 1 -0.52786 0.120156 
0.5 0.5 -0.5 1 -0.55684 -0.223704 
0.5 0.5 6 1 -0.546005 0.190562 
10.5 0.5 -0.5 1 -0.134365 -0.130007 
10.5 0.5 6 1 -0.114968 0.140735 
10.5 10.5 -0.5 1 0.2685 -0.237522 
10.5 10.5 6 1 0.309275 0.112082 
0.5 10.5 -0.5 1 -0.0563008 -0.466946 
0.5 10.5 6 1 -0.00370641 0.16572 
0.5 5.5 9.5 1 -0.320743 0.474166 
10.5 5.5 9.5 1 0.0847172 0.301181 
0.5 6.5 -0.5 1 -0.309145 -0.344074 
0.5 8.5 -0.5 1 -0.194863 -0.39961 
0.5 8.5 4.5 1 -0.165773 0.0342502 
0.5 6.5 4.5 1 -0.287741 0.0525423 
0.5 2.5 2 1 -0.480942 -0.0916909 
0.5 4.5 2 1 -0.397294 -0.118465 
0.5 4.5 4.5 1 -0.389265 0.0677684 
0.5 2.5 4.5 1 -0.475089 0.0806397 
