0.0211097 -0.224995 0.0451309 0.467153 
-0.249781 -0.0248467 -0.256873 0.340672 
0.174566 0.00928995 0.192659 0.297309 
0.601742 -0.106351 0.66992 0.351875 
0.0211097 -0.224995 -0.249781 -0.0248467 
-0.249781 -0.0248467 0.174566 0.00928995 
0.174566 0.00928995 0.601742 -0.106351 
0.601742 -0.106351 0.0211097 -0.224995 
0.0451309 0.467153 0.460834 0.747489 
0.460834 0.747489 0.66992 0.351875 
-0.256873 0.340672 0.000346609 0.507088 
0.000346609 0.507088 0.192659 0.297309 
0.460834 0.747489 0.000346609 0.507088 
0.0451309 0.467153 -0.256873 0.340672 
0.66992 0.351875 0.192659 0.297309 
0.421384 -0.143204 0.517814 -0.1235 
0.517814 -0.1235 0.566845 0.246187 
0.566845 0.246187 0.466709 0.254638 
0.466709 0.254638 0.421384 -0.143204 
0.192688 0.0311312 0.328431 0.0403429 
0.328431 0.0403429 0.349067 0.264566 
0.349067 0.264566 0.208887 0.276397 
0.208887 0.276397 0.192688 0.0311312 
