0.239208 -0.295262 0.274701 0.0781356 
-0.318392 -0.390261 -0.256005 0.204069 
-0.535157 -0.201681 -0.497019 0.147371 
-0.0922433 -0.184599 -0.0660134 0.0744396 
0.239208 -0.295262 -0.318392 -0.390261 
-0.318392 -0.390261 -0.535157 -0.201681 
-0.535157 -0.201681 -0.0922433 -0.184599 
-0.0922433 -0.184599 0.239208 -0.295262 
0.274701 0.0781356 0.0898249 0.239258 
0.0898249 0.239258 -0.0660134 0.0744396 
-0.256005 0.204069 -0.382464 0.402322 
-0.382464 0.402322 -0.497019 0.147371 
0.0898249 0.239258 -0.382464 0.402322 
0.274701 0.0781356 -0.256005 0.204069 
-0.0660134 0.0744396 -0.497019 0.147371 
0.0125683 -0.219593 -0.0432575 -0.200954 
-0.0432575 -0.200954 -0.0219345 0.0115537 
-0.0219345 0.0115537 0.0351437 0.00776721 
0.0351437 0.00776721 0.0125683 -0.219593 
0.16421 -0.133476 0.0887898 -0.118536 
0.0887898 -0.118536 0.100752 0.00341484 
0.100752 0.00341484 0.176958 -0.0016405 
0.176958 -0.0016405 0.16421 -0.133476 
