0.255388 -0.506038 0.266715 -0.102686 
-0.387093 -0.636987 -0.317883 -0.032939 
-0.51477 -0.403864 -0.46816 -0.0615495 
-0.0607028 -0.369494 -0.0411995 -0.102433 
0.255388 -0.506038 -0.387093 -0.636987 
-0.387093 -0.636987 -0.51477 -0.403864 
-0.51477 -0.403864 -0.0607028 -0.369494 
-0.0607028 -0.369494 0.255388 -0.506038 
0.266715 -0.102686 0.0917275 0.0588543 
0.0917275 0.0588543 -0.0411995 -0.102433 
-0.317883 -0.032939 -0.38523 0.163136 
-0.38523 0.163136 -0.46816 -0.0615495 
0.0917275 0.0588543 -0.38523 0.163136 
0.266715 -0.102686 -0.317883 -0.032939 
-0.0411995 -0.102433 -0.46816 -0.0615495 
0.0360965 -0.411309 -0.0158107 -0.388886 
-0.0158107 -0.388886 -0.00101336 -0.166507 
-0.00101336 -0.166507 0.0502719 -0.171385 
0.0502719 -0.171385 0.0360965 -0.411309 
0.174598 -0.323311 0.10349 -0.304892 
0.10349 -0.304892 0.109936 -0.17706 
0.109936 -0.17706 0.180213 -0.183745 
0.180213 -0.183745 0.174598 -0.323311 
