0.343345 -0.502266 0.29828 -0.0822649 
-0.339608 -0.651536 -0.342751 -0.10485 
-0.356505 -0.447386 -0.357557 -0.137562 
0.0737076 -0.383167 0.0555919 -0.118574 
0.343345 -0.502266 -0.339608 -0.651536 
-0.339608 -0.651536 -0.356505 -0.447386 
-0.356505 -0.447386 0.0737076 -0.383167 
0.0737076 -0.383167 0.343345 -0.502266 
0.29828 -0.0822649 0.136875 0.0576515 
0.136875 0.0576515 0.0555919 -0.118574 
-0.342751 -0.10485 -0.352925 0.0688528 
-0.352925 0.0688528 -0.357557 -0.137562 
0.136875 0.0576515 -0.352925 0.0688528 
0.29828 -0.0822649 -0.342751 -0.10485 
0.0555919 -0.118574 -0.357557 -0.137562 
0.153136 -0.418251 0.110215 -0.399293 
0.110215 -0.399293 0.0938297 -0.177288 
0.0938297 -0.177288 0.133805 -0.176763 
0.133805 -0.176763 0.153136 -0.418251 
0.252 -0.318568 0.192517 -0.305822 
0.192517 -0.305822 0.181176 -0.17614 
0.181176 -0.17614 0.238203 -0.17539 
0.238203 -0.17539 0.252 -0.318568 
