0 0 0 1 -0.39003 -0.788078 
0 0 6.5 1 -0.302355 -0.0329221 
10 0 0 1 -0.301333 -0.425192 
10 0 6.5 1 -0.262025 -0.0699394 
10 10 0 1 0.208069 -0.432504 
10 10 6.5 1 0.22441 -0.111696 
0 10 0 1 0.602523 -0.731526 
0 10 6.5 1 0.605359 -0.116912 
0 5 10 1 0.214289 0.244604 
10 5 10 1 0.00720865 0.0788585 
0 6 0 1 0.25572 -0.751286 
0 8 0 1 0.436137 -0.741006 
0 8 5 1 0.447823 -0.241643 
0 6 5 1 0.27845 -0.231501 
0 2 2.5 1 -0.128697 -0.482327 
0 4 2.5 1 0.0778095 -0.48296 
0 4 5 1 0.0950765 -0.220519 
0 2 5 1 -0.104108 -0.208591 
0.5 0.5 -0.5 1 -0.330027 -0.808065 
0.5 0.5 6 1 -0.251857 -0.0916664 
10.5 0.5 -0.5 1 -0.274828 -0.445042 
10.5 0.5 6 1 -0.237652 -0.0985586 
10.5 10.5 -0.5 1 0.21906 -0.450204 
10.5 10.5 6 1 0.2346 -0.136568 
0.5 10.5 -0.5 1 0.604412 -0.750489 
0.5 10.5 6 1 0.606998 -0.161786 
0.5 5.5 9.5 1 0.234226 0.180499 
10.5 5.5 9.5 1 0.0231391 0.048492 
0.5 6.5 -0.5 1 0.275496 -0.770755 
0.5 8.5 -0.5 1 0.446281 -0.760232 
0.5 8.5 4.5 1 0.456878 -0.283071 
0.5 6.5 4.5 1 0.296025 -0.274983 
0.5 2.5 2 1 -0.0871646 -0.517317 
0.5 4.5 2 1 0.10699 -0.516503 
0.5 4.5 4.5 1 0.122544 -0.266259 
0.5 2.5 4.5 1 -0.0651142 -0.256823 
