-0.32295 -0.13853 -0.357165 0.143497 
0.0746549 -0.0792372 0.0553805 0.170509 
0.305013 -0.168731 0.28438 0.223758 
-0.314847 -0.288877 -0.373449 0.189701 
-0.32295 -0.13853 0.0746549 -0.0792372 
0.0746549 -0.0792372 0.305013 -0.168731 
0.305013 -0.168731 -0.314847 -0.288877 
-0.314847 -0.288877 -0.32295 -0.13853 
-0.357165 0.143497 -0.387836 0.363322 
-0.387836 0.363322 -0.373449 0.189701 
0.0553805 0.170509 0.132201 0.364062 
0.132201 0.364062 0.28438 0.223758 
-0.387836 0.363322 0.132201 0.364062 
-0.357165 0.143497 0.0553805 0.170509 
-0.373449 0.189701 0.28438 0.223758 
-0.319138 -0.209257 -0.317252 -0.244248 
-0.317252 -0.244248 -0.356286 0.0754078 
-0.356286 0.0754078 -0.353883 0.0758973 
-0.353883 0.0758973 -0.319138 -0.209257 
-0.335966 -0.0421481 -0.33609 -0.0541993 
-0.33609 -0.0541993 -0.351962 0.0762887 
-0.351962 0.0762887 -0.350391 0.0766088 
-0.350391 0.0766088 -0.335966 -0.0421481 
