0 0 0 1 -0.509346 -0.491195 
0 0 6.5 1 -0.480165 -0.129307 
10 0 0 1 -0.0460098 -0.416305 
10 0 6.5 1 -0.0471362 -0.141295 
10 10 0 1 0.299387 -0.518812 
10 10 6.5 1 0.272012 -0.109166 
0 10 0 1 -0.330196 -0.710616 
0 10 6.5 1 -0.300817 -0.0726213 
0 5 10 1 -0.398803 0.109915 
10 5 10 1 0.0777508 0.0329768 
0 6 0 1 -0.427486 -0.591456 
0 8 0 1 -0.385425 -0.642971 
0 8 5 1 -0.360844 -0.207324 
0 6 5 1 -0.402737 -0.207717 
0 2 2.5 1 -0.475158 -0.358743 
0 4 2.5 1 -0.448033 -0.373991 
0 4 5 1 -0.436258 -0.208032 
0 2 5 1 -0.463689 -0.20829 
0.5 0.5 -0.5 1 -0.475783 -0.522578 
0.5 0.5 6 1 -0.448531 -0.15468 
10.5 0.5 -0.5 1 -0.016578 -0.439376 
10.5 0.5 6 1 -0.0192259 -0.160896 
10.5 10.5 -0.5 1 0.348252 -0.554898 
10.5 10.5 6 1 0.31686 -0.137537 
0.5 10.5 -0.5 1 -0.266083 -0.771648 
0.5 10.5 6 1 -0.243481 -0.114909 
0.5 5.5 9.5 1 -0.359572 0.0824187 
10.5 5.5 9.5 1 0.111086 0.0120725 
0.5 6.5 -0.5 1 -0.380437 -0.635824 
0.5 8.5 -0.5 1 -0.331138 -0.694379 
0.5 8.5 4.5 1 -0.310426 -0.247472 
0.5 6.5 4.5 1 -0.358613 -0.243349 
0.5 2.5 2 1 -0.438983 -0.39054 
0.5 4.5 2 1 -0.407707 -0.409319 
0.5 4.5 4.5 1 -0.397043 -0.240061 
0.5 2.5 4.5 1 -0.428408 -0.237377 
