0.328325 -0.505263 0.353759 0.010648 
-0.330882 -0.36741 -0.284237 0.0352534 
-0.0745721 -0.281628 -0.0513018 -0.025949 
0.343427 -0.346868 0.357856 -0.0497882 
0.328325 -0.505263 -0.330882 -0.36741 
-0.330882 -0.36741 -0.0745721 -0.281628 
-0.0745721 -0.281628 0.343427 -0.346868 
0.343427 -0.346868 0.328325 -0.505263 
0.353759 0.010648 0.365698 0.164046 
0.365698 0.164046 0.357856 -0.0497882 
-0.284237 0.0352534 -0.126095 0.15835 
-0.126095 0.15835 -0.0513018 -0.025949 
0.365698 0.164046 -0.126095 0.15835 
0.353759 0.010648 -0.284237 0.0352534 
0.357856 -0.0497882 -0.0513018 -0.025949 
0.339257 -0.390609 0.341537 -0.366693 
0.341537 -0.366693 0.35378 -0.115106 
0.35378 -0.115106 0.352791 -0.113112 
0.352791 -0.113112 0.339257 -0.390609 
0.341644 -0.279287 0.344135 -0.262937 
0.344135 -0.262937 0.351582 -0.110674 
0.351582 -0.110674 0.350069 -0.107623 
0.350069 -0.107623 0.341644 -0.279287 
