0 0 0 1 0.322091 -0.121361 
0 0 6.5 1 0.343703 0.308534 
10 0 0 1 -0.313172 -0.131178 
10 0 6.5 1 -0.347607 0.29786 
10 10 0 1 -0.194159 -0.00398258 
10 10 6.5 1 -0.208423 0.258398 
0 10 0 1 0.19726 0.00206442 
0 10 6.5 1 0.203577 0.26476 
0 5 10 1 0.262479 0.475152 
10 5 10 1 -0.272813 0.466889 
0 6 0 1 0.233607 -0.0338731 
0 8 0 1 0.213922 -0.0144102 
0 8 5 1 0.219863 0.201848 
0 6 5 1 0.241048 0.202005 
0 2 2.5 1 0.292019 0.0542383 
0 4 2.5 1 0.261828 0.0691681 
0 4 5 1 0.266681 0.202196 
0 2 5 1 0.298327 0.202431 
0.5 0.5 -0.5 1 0.280235 -0.141472 
0.5 0.5 6 1 0.297454 0.269913 
10.5 0.5 -0.5 1 -0.332135 -0.150935 
10.5 0.5 6 1 -0.366831 0.259655 
10.5 10.5 -0.5 1 -0.208686 -0.0191909 
10.5 10.5 6 1 -0.223358 0.236198 
0.5 10.5 -0.5 1 0.17392 -0.0132799 
0.5 10.5 6 1 0.178889 0.242409 
0.5 5.5 9.5 1 0.22883 0.439892 
10.5 5.5 9.5 1 -0.290115 0.431881 
0.5 6.5 -0.5 1 0.205182 -0.050975 
0.5 8.5 -0.5 1 0.188283 -0.0305984 
0.5 8.5 4.5 1 0.192987 0.179487 
0.5 6.5 4.5 1 0.211103 0.177575 
0.5 2.5 2 1 0.254615 0.0299833 
0.5 4.5 2 1 0.229036 0.0468757 
0.5 4.5 4.5 1 0.232905 0.175273 
0.5 2.5 4.5 1 0.259648 0.17245 
