0 0 0 1 -0.332007 -0.195014 
0 0 6.5 1 -0.365971 0.089818 
10 0 0 1 0.0676765 -0.127141 
10 0 6.5 1 0.0454032 0.121507 
10 10 0 1 0.309919 -0.219264 
10 10 6.5 1 0.281751 0.169584 
0 10 0 1 -0.308198 -0.357769 
0 10 6.5 1 -0.365903 0.127482 
0 5 10 1 -0.389918 0.304881 
10 5 10 1 0.123202 0.30914 
0 6 0 1 -0.320843 -0.271328 
0 8 0 1 -0.315296 -0.309247 
0 8 5 1 -0.35396 0.0156202 
0 6 5 1 -0.355311 0.018096 
0 2 2.5 1 -0.342991 -0.0981234 
0 4 2.5 1 -0.340696 -0.111639 
0 4 5 1 -0.356391 0.0200747 
0 2 5 1 -0.357273 0.0216924 
0.5 0.5 -0.5 1 -0.305495 -0.217633 
0.5 0.5 6 1 -0.339308 0.0701348 
10.5 0.5 -0.5 1 0.0948111 -0.146119 
10.5 0.5 6 1 0.0728023 0.104765 
10.5 10.5 -0.5 1 0.356325 -0.250484 
10.5 10.5 6 1 0.329037 0.143858 
0.5 10.5 -0.5 1 -0.262302 -0.399789 
0.5 10.5 6 1 -0.319527 0.0940324 
0.5 5.5 9.5 1 -0.355933 0.28284 
10.5 5.5 9.5 1 0.158206 0.290783 
0.5 6.5 -0.5 1 -0.285331 -0.30267 
0.5 8.5 -0.5 1 -0.275253 -0.345168 
0.5 8.5 4.5 1 -0.313638 -0.015323 
0.5 6.5 4.5 1 -0.319582 -0.0092997 
0.5 2.5 2 1 -0.313961 -0.121761 
0.5 4.5 2 1 -0.308706 -0.137852 
0.5 4.5 4.5 1 -0.324315 -0.00450306 
0.5 2.5 4.5 1 -0.328173 -0.000592974 
