0.321614 -0.138036 0.349506 0.292255 
-0.311851 -0.135006 -0.340383 0.28951 
-0.18491 -0.00617419 -0.195263 0.254643 
0.205976 -0.00700252 0.216397 0.255981 
0.321614 -0.138036 -0.311851 -0.135006 
-0.311851 -0.135006 -0.18491 -0.00617419 
-0.18491 -0.00617419 0.205976 -0.00700252 
0.205976 -0.00700252 0.321614 -0.138036 
0.349506 0.292255 0.275594 0.464059 
0.275594 0.464059 0.216397 0.255981 
-0.340383 0.28951 -0.259213 0.460055 
-0.259213 0.460055 -0.195263 0.254643 
0.275594 0.464059 -0.259213 0.460055 
0.349506 0.292255 -0.340383 0.28951 
0.216397 0.255981 -0.195263 0.254643 
0.239618 -0.0451242 0.221395 -0.0244752 
0.221395 -0.0244752 0.230683 0.191972 
0.230683 0.191972 0.250671 0.190949 
0.250671 0.190949 0.239618 -0.0451242 
0.296247 0.0398224 0.268003 0.0565307 
0.268003 0.0565307 0.274869 0.189711 
0.274869 0.189711 0.304763 0.188181 
0.304763 0.188181 0.296247 0.0398224 
