0.33266 -0.228261 0.292573 0.175263 
-0.315777 -0.335011 -0.363145 0.131993 
-0.277334 -0.204487 -0.305075 0.06946 
0.122532 -0.149162 0.0974565 0.101641 
0.33266 -0.228261 -0.315777 -0.335011 
-0.315777 -0.335011 -0.277334 -0.204487 
-0.277334 -0.204487 0.122532 -0.149162 
0.122532 -0.149162 0.33266 -0.228261 
0.292573 0.175263 0.155595 0.296675 
0.155595 0.296675 0.0974565 0.101641 
-0.363145 0.131993 -0.345412 0.278831 
-0.345412 0.278831 -0.305075 0.06946 
0.155595 0.296675 -0.345412 0.278831 
0.292573 0.175263 -0.363145 0.131993 
0.0974565 0.101641 -0.305075 0.06946 
0.184102 -0.172339 0.150797 -0.159802 
0.150797 -0.159802 0.129951 0.0488809 
0.129951 0.0488809 0.161419 0.0549538 
0.161419 0.0549538 0.184102 -0.172339 
0.258634 -0.0673197 0.211495 -0.0626063 
0.211495 -0.0626063 0.199054 0.0622165 
0.199054 0.0622165 0.244862 0.0710567 
0.244862 0.0710567 0.258634 -0.0673197 
