-0.606248 -0.195537 -0.58893 0.220131 
-0.159908 -0.122366 -0.138435 0.149922 
0.234925 -0.226821 0.275183 0.129501 
-0.142959 -0.425639 -0.0894461 0.22395 
-0.606248 -0.195537 -0.159908 -0.122366 
-0.159908 -0.122366 0.234925 -0.226821 
0.234925 -0.226821 -0.142959 -0.425639 
-0.142959 -0.425639 -0.606248 -0.195537 
-0.58893 0.220131 -0.379633 0.513117 
-0.379633 0.513117 -0.0894461 0.22395 
-0.138435 0.149922 0.056015 0.314082 
0.056015 0.314082 0.275183 0.129501 
-0.379633 0.513117 0.056015 0.314082 
-0.58893 0.220131 -0.138435 0.149922 
-0.0894461 0.22395 0.275183 0.129501 
-0.379314 -0.308248 -0.273082 -0.36101 
-0.273082 -0.36101 -0.241655 0.0829993 
-0.241655 0.0829993 -0.354526 0.0954113 
-0.354526 0.0954113 -0.379314 -0.308248 
-0.534394 -0.0589279 -0.457903 -0.0822068 
-0.457903 -0.0822068 -0.447819 0.10567 
-0.447819 0.10567 -0.526221 0.114292 
-0.526221 0.114292 -0.534394 -0.0589279 
