0 0 0 1 0.29376 -0.298078 
0 0 6.5 1 0.255398 0.0514229 
10 0 0 1 0.245209 -0.598127 
10 0 6.5 1 0.169288 0.117695 
10 10 0 1 -0.593301 -0.529248 
10 10 6.5 1 -0.629523 0.00195936 
0 10 0 1 -0.184911 -0.303537 
0 10 6.5 1 -0.211116 -0.00472922 
0 5 10 1 -0.0127177 0.190698 
10 5 10 1 -0.315152 0.365914 
0 6 0 1 -0.0114218 -0.301558 
0 8 0 1 -0.100799 -0.302578 
0 8 5 1 -0.122548 -0.0650821 
0 6 5 1 -0.034851 -0.0567242 
0 2 2.5 1 0.171488 -0.168046 
0 4 2.5 1 0.0710154 -0.173414 
0 4 5 1 0.0584472 -0.0478324 
0 2 5 1 0.157901 -0.0383539 
0.5 0.5 -0.5 1 0.267022 -0.333675 
0.5 0.5 6 1 0.228395 0.0228117 
10.5 0.5 -0.5 1 0.187279 -0.68444 
10.5 0.5 6 1 0.110448 0.0612929 
10.5 10.5 -0.5 1 -0.659539 -0.590346 
10.5 10.5 6 1 -0.69512 -0.0428454 
0.5 10.5 -0.5 1 -0.215231 -0.333895 
0.5 10.5 6 1 -0.241421 -0.0299965 
0.5 5.5 9.5 1 -0.0418548 0.166907 
10.5 5.5 9.5 1 -0.37961 0.326593 
0.5 6.5 -0.5 1 -0.0407489 -0.333816 
0.5 8.5 -0.5 1 -0.130681 -0.333857 
0.5 8.5 4.5 1 -0.152449 -0.0921788 
0.5 6.5 4.5 1 -0.0642322 -0.0845343 
0.5 2.5 2 1 0.14363 -0.199897 
0.5 4.5 2 1 0.0423304 -0.204317 
0.5 4.5 4.5 1 0.0297158 -0.076393 
0.5 2.5 4.5 1 0.129973 -0.067705 
