0.24696 -0.494305 0.230743 -0.162515 
0.705402 -0.76265 0.624908 -0.1289 
-0.305519 -0.931361 -0.265551 -0.114242 
-0.275234 -0.53537 -0.257597 -0.159468 
0.24696 -0.494305 0.705402 -0.76265 
0.705402 -0.76265 -0.305519 -0.931361 
-0.305519 -0.931361 -0.275234 -0.53537 
-0.275234 -0.53537 0.24696 -0.494305 
0.230743 -0.162515 0.000225235 0.0104638 
0.000225235 0.0104638 -0.257597 -0.159468 
0.624908 -0.1289 0.214063 0.193423 
0.214063 0.193423 -0.265551 -0.114242 
0.000225235 0.0104638 0.214063 0.193423 
0.230743 -0.162515 0.624908 -0.1289 
-0.257597 -0.159468 -0.265551 -0.114242 
-0.0504583 -0.517694 -0.15992 -0.526302 
-0.15992 -0.526302 -0.152514 -0.240211 
-0.152514 -0.240211 -0.0488245 -0.23893 
-0.0488245 -0.23893 -0.0504583 -0.517694 
0.148332 -0.365822 0.0517425 -0.370133 
0.0517425 -0.370133 0.0499899 -0.237709 
0.0499899 -0.237709 0.144265 -0.236545 
0.144265 -0.236545 0.148332 -0.365822 
