-0.130713 -0.354074 -0.0755427 0.338253 
-0.262642 -0.118012 -0.23968 0.231833 
0.190794 -0.11951 0.222084 0.170435 
0.598376 -0.290148 0.671225 0.201177 
-0.130713 -0.354074 -0.262642 -0.118012 
-0.262642 -0.118012 0.190794 -0.11951 
0.190794 -0.11951 0.598376 -0.290148 
0.598376 -0.290148 -0.130713 -0.354074 
-0.0755427 0.338253 0.402597 0.594129 
0.402597 0.594129 0.671225 0.201177 
-0.23968 0.231833 0.0286462 0.376893 
0.0286462 0.376893 0.222084 0.170435 
0.402597 0.594129 0.0286462 0.376893 
-0.0755427 0.338253 -0.23968 0.231833 
0.671225 0.201177 0.222084 0.170435 
0.362253 -0.310851 0.487359 -0.299882 
0.487359 -0.299882 0.542057 0.096827 
0.542057 0.096827 0.415545 0.111598 
0.415545 0.111598 0.362253 -0.310851 
0.0806171 -0.100326 0.24514 -0.102171 
0.24514 -0.102171 0.271155 0.128457 
0.271155 0.128457 0.10481 0.147879 
0.10481 0.147879 0.0806171 -0.100326 
