-0.553003 -0.440317 -0.605673 0.144853 
-0.211689 -0.232368 -0.241392 0.0769031 
0.280379 -0.200038 0.245342 0.135737 
0.396693 -0.410981 0.323828 0.276932 
-0.553003 -0.440317 -0.211689 -0.232368 
-0.211689 -0.232368 0.280379 -0.200038 
0.280379 -0.200038 0.396693 -0.410981 
0.396693 -0.410981 -0.553003 -0.440317 
-0.605673 0.144853 -0.211144 0.540564 
-0.211144 0.540564 0.323828 0.276932 
-0.241392 0.0769031 -0.025288 0.277041 
-0.025288 0.277041 0.245342 0.135737 
-0.211144 0.540564 -0.025288 0.277041 
-0.605673 0.144853 -0.241392 0.0769031 
0.323828 0.276932 0.245342 0.135737 
-0.0210997 -0.423887 0.180608 -0.417656 
0.180608 -0.417656 0.128176 0.0948698 
0.128176 0.0948698 -0.0701309 0.0717806 
-0.0701309 0.0717806 -0.0210997 -0.423887 
-0.408425 -0.201739 -0.232887 -0.188809 
-0.232887 -0.188809 -0.25577 0.0501663 
-0.25577 0.0501663 -0.429919 0.0298899 
-0.429919 0.0298899 -0.408425 -0.201739 
