0.362625 -0.606409 0.290849 0.0110602 
-0.2343 -0.457082 -0.25743 -0.068197 
0.099495 -0.322403 0.0747032 -0.0569749 
0.557308 -0.361686 0.508192 -0.0065536 
0.362625 -0.606409 -0.2343 -0.457082 
-0.2343 -0.457082 0.099495 -0.322403 
0.099495 -0.322403 0.557308 -0.361686 
0.557308 -0.361686 0.362625 -0.606409 
0.290849 0.0110602 0.398125 0.226653 
0.398125 0.226653 0.508192 -0.0065536 
-0.25743 -0.068197 -0.0739677 0.100321 
-0.0739677 0.100321 0.0747032 -0.0569749 
0.398125 0.226653 -0.0739677 0.100321 
0.290849 0.0110602 -0.25743 -0.068197 
0.508192 -0.0065536 0.0747032 -0.0569749 
0.503421 -0.429424 0.532873 -0.392401 
0.532873 -0.392401 0.492067 -0.0911971 
0.492067 -0.0911971 0.459523 -0.0970962 
0.459523 -0.0970962 0.503421 -0.429424 
0.395425 -0.318372 0.443077 -0.286188 
0.443077 -0.286188 0.419802 -0.104296 
0.419802 -0.104296 0.370234 -0.113281 
0.370234 -0.113281 0.395425 -0.318372 
