0.0910232 -0.060775 0.0813015 0.199019 
0.517609 -0.122603 0.53074 0.231284 
0.26299 -0.338308 0.25842 0.238735 
-0.240256 -0.172842 -0.275395 0.189886 
0.0910232 -0.060775 0.517609 -0.122603 
0.517609 -0.122603 0.26299 -0.338308 
0.26299 -0.338308 -0.240256 -0.172842 
-0.240256 -0.172842 0.0910232 -0.060775 
0.0813015 0.199019 -0.0767972 0.371965 
-0.0767972 0.371965 -0.275395 0.189886 
0.53074 0.231284 0.435106 0.499945 
0.435106 0.499945 0.25842 0.238735 
-0.0767972 0.371965 0.435106 0.499945 
0.0813015 0.199019 0.53074 0.231284 
-0.275395 0.189886 0.25842 0.238735 
-0.0804267 -0.118774 -0.154445 -0.143813 
-0.154445 -0.143813 -0.175167 0.111235 
-0.175167 0.111235 -0.0965751 0.119062 
-0.0965751 0.119062 -0.0804267 -0.118774 
0.0360158 0.025122 -0.0220857 0.0123152 
-0.0220857 0.0123152 -0.0284841 0.125842 
-0.0284841 0.125842 0.0310791 0.131774 
0.0310791 0.131774 0.0360158 0.025122 
