-0.186725 -0.167806 -0.163143 0.0863368 
0.207573 -0.212338 0.235377 0.0478626 
0.302214 -0.373441 0.350364 0.0609996 
-0.348988 -0.29382 -0.312447 0.123996 
-0.186725 -0.167806 0.207573 -0.212338 
0.207573 -0.212338 0.302214 -0.373441 
0.302214 -0.373441 -0.348988 -0.29382 
-0.348988 -0.29382 -0.186725 -0.167806 
-0.163143 0.0863368 -0.20374 0.273658 
-0.20374 0.273658 -0.312447 0.123996 
0.235377 0.0478626 0.297621 0.231143 
0.297621 0.231143 0.350364 0.0609996 
-0.20374 0.273658 0.297621 0.231143 
-0.163143 0.0863368 0.235377 0.0478626 
-0.312447 0.123996 0.350364 0.0609996 
-0.264194 -0.227968 -0.301768 -0.257148 
-0.301768 -0.257148 -0.276499 0.0267173 
-0.276499 0.0267173 -0.241191 0.0269031 
-0.241191 0.0269031 -0.264194 -0.227968 
-0.198459 -0.0790328 -0.223076 -0.0890413 
-0.223076 -0.0890413 -0.212481 0.0270542 
-0.212481 0.0270542 -0.188678 0.0271795 
-0.188678 0.0271795 -0.198459 -0.0790328 
