0 0 0 1 0.0597316 -0.154289 
0 0 6.5 1 0.0348568 0.0998898 
10 0 0 1 0.490314 -0.16636 
10 0 6.5 1 0.462465 0.161627 
10 10 0 1 0.349742 -0.353669 
10 10 6.5 1 0.299461 0.207151 
0 10 0 1 -0.238731 -0.274126 
0 10 6.5 1 -0.278923 0.100622 
0 5 10 1 -0.108497 0.265595 
10 5 10 1 0.38284 0.405558 
0 6 0 1 -0.0907883 -0.214725 
0 8 0 1 -0.15835 -0.241852 
0 8 5 1 -0.185855 0.0208101 
0 6 5 1 -0.115591 0.0270389 
0 2 2.5 1 0.00614403 -0.0677039 
0 4 2.5 1 -0.0444513 -0.0800087 
0 4 5 1 -0.0557738 0.0323416 
0 2 5 1 -0.0042358 0.0369104 
0.5 0.5 -0.5 1 0.0684564 -0.178882 
0.5 0.5 6 1 0.0429631 0.0821261 
10.5 0.5 -0.5 1 0.516964 -0.198716 
10.5 0.5 6 1 0.488387 0.140731 
10.5 10.5 -0.5 1 0.387662 -0.422023 
10.5 10.5 6 1 0.334875 0.173153 
0.5 10.5 -0.5 1 -0.237919 -0.315767 
0.5 10.5 6 1 -0.279767 0.0740145 
0.5 5.5 9.5 1 -0.103497 0.249694 
10.5 5.5 9.5 1 0.41249 0.389966 
0.5 6.5 -0.5 1 -0.085052 -0.247468 
0.5 8.5 -0.5 1 -0.154616 -0.278548 
0.5 8.5 4.5 1 -0.183124 -0.00631938 
0.5 6.5 4.5 1 -0.110665 0.00237812 
0.5 2.5 2 1 0.0139386 -0.0915724 
0.5 4.5 2 1 -0.0376647 -0.106092 
0.5 4.5 4.5 1 -0.0493237 0.00974124 
0.5 2.5 4.5 1 0.00327736 0.0160552 
