0 0 0 1 -0.130713 -0.354074 
0 0 6.5 1 -0.0755427 0.338253 
10 0 0 1 -0.262642 -0.118012 
10 0 6.5 1 -0.23968 0.231833 
10 10 0 1 0.190794 -0.11951 
10 10 6.5 1 0.222084 0.170435 
0 10 0 1 0.598376 -0.290148 
0 10 6.5 1 0.671225 0.201177 
0 5 10 1 0.402597 0.594129 
10 5 10 1 0.0286462 0.376893 
0 6 0 1 0.362253 -0.310851 
0 8 0 1 0.487359 -0.299882 
0 8 5 1 0.542057 0.096827 
0 6 5 1 0.415545 0.111598 
0 2 2.5 1 0.0806171 -0.100326 
0 4 2.5 1 0.24514 -0.102171 
0 4 5 1 0.271155 0.128457 
0 2 5 1 0.10481 0.147879 
0.5 0.5 -0.5 1 -0.0991678 -0.374939 
0.5 0.5 6 1 -0.0460163 0.266532 
10.5 0.5 -0.5 1 -0.241302 -0.137425 
10.5 0.5 6 1 -0.218512 0.198964 
10.5 10.5 -0.5 1 0.195152 -0.135741 
10.5 10.5 6 1 0.225597 0.144899 
0.5 10.5 -0.5 1 0.585448 -0.308589 
0.5 10.5 6 1 0.653967 0.156569 
0.5 5.5 9.5 1 0.398537 0.516565 
10.5 5.5 9.5 1 0.0390983 0.341609 
0.5 6.5 -0.5 1 0.360843 -0.330357 
0.5 8.5 -0.5 1 0.479497 -0.318857 
0.5 8.5 4.5 1 0.530958 0.0557257 
0.5 6.5 4.5 1 0.411021 0.0670921 
0.5 2.5 2 1 0.0970652 -0.136475 
0.5 4.5 2 1 0.250642 -0.135859 
0.5 4.5 4.5 1 0.275174 0.0799662 
0.5 2.5 4.5 1 0.120026 0.0946696 
