0 0 0 1 0.323659 -0.12299 
0 0 6.5 1 0.302043 0.291482 
10 0 0 1 -0.318774 -0.20147 
10 0 6.5 1 -0.373576 0.249201 
10 10 0 1 -0.24942 -0.0832806 
10 10 6.5 1 -0.279604 0.184501 
0 10 0 1 0.144703 -0.0408598 
0 10 6.5 1 0.126731 0.213712 
0 5 10 1 0.181714 0.421871 
10 5 10 1 -0.336518 0.399476 
0 6 0 1 0.196987 -0.0648549 
0 8 0 1 0.168689 -0.051868 
0 8 5 1 0.154326 0.158909 
0 6 5 1 0.18199 0.165009 
0 2 2.5 1 0.264232 0.0389243 
0 4 2.5 1 0.223171 0.0442987 
0 4 5 1 0.215263 0.172346 
0 2 5 1 0.256045 0.181339 
0.5 0.5 -0.5 1 0.282608 -0.149689 
0.5 0.5 6 1 0.259887 0.251133 
10.5 0.5 -0.5 1 -0.343238 -0.228076 
10.5 0.5 6 1 -0.397378 0.206481 
10.5 10.5 -0.5 1 -0.265565 -0.101656 
10.5 10.5 6 1 -0.295606 0.160359 
0.5 10.5 -0.5 1 0.122246 -0.0590617 
0.5 10.5 6 1 0.104016 0.190297 
0.5 5.5 9.5 1 0.151813 0.387501 
10.5 5.5 9.5 1 -0.355542 0.363229 
0.5 6.5 -0.5 1 0.169466 -0.0857475 
0.5 8.5 -0.5 1 0.143947 -0.0713259 
0.5 8.5 4.5 1 0.129331 0.134809 
0.5 6.5 4.5 1 0.154141 0.138606 
0.5 2.5 2 1 0.228596 0.0104885 
0.5 4.5 2 1 0.191987 0.0185133 
0.5 4.5 4.5 1 0.183861 0.143155 
0.5 2.5 4.5 1 0.220109 0.148702 
