0 0 0 1 0.0910232 -0.060775 
0 0 6.5 1 0.0813015 0.199019 
10 0 0 1 0.517609 -0.122603 
10 0 6.5 1 0.53074 0.231284 
10 10 0 1 0.26299 -0.338308 
10 10 6.5 1 0.25842 0.238735 
0 10 0 1 -0.240256 -0.172842 
0 10 6.5 1 -0.275395 0.189886 
0 5 10 1 -0.0767972 0.371965 
10 5 10 1 0.435106 0.499945 
0 6 0 1 -0.0804267 -0.118774 
0 8 0 1 -0.154445 -0.143813 
0 8 5 1 -0.175167 0.111235 
0 6 5 1 -0.0965751 0.119062 
0 2 2.5 1 0.0360158 0.025122 
0 4 2.5 1 -0.0220857 0.0123152 
0 4 5 1 -0.0284841 0.125842 
0 2 5 1 0.0310791 0.131774 
0.5 0.5 -0.5 1 0.0957489 -0.08681 
0.5 0.5 6 1 0.0859957 0.178468 
10.5 0.5 -0.5 1 0.538417 -0.160268 
10.5 0.5 6 1 0.553358 0.203864 
10.5 10.5 -0.5 1 0.283361 -0.413046 
10.5 10.5 6 1 0.280786 0.19154 
0.5 10.5 -0.5 1 -0.245096 -0.213502 
0.5 10.5 6 1 -0.281859 0.159961 
0.5 5.5 9.5 1 -0.0760392 0.35239 
10.5 5.5 9.5 1 0.460596 0.476304 
0.5 6.5 -0.5 1 -0.0798127 -0.152066 
0.5 8.5 -0.5 1 -0.15616 -0.180445 
0.5 8.5 4.5 1 -0.177658 0.0814696 
0.5 6.5 4.5 1 -0.0964372 0.0917366 
0.5 2.5 2 1 0.0396628 -0.000749837 
0.5 4.5 2 1 -0.0198436 -0.0156639 
0.5 4.5 4.5 1 -0.0263824 0.100592 
0.5 2.5 4.5 1 0.0346606 0.108308 
