0 0 0 1 0.116414 -0.274353 
0 0 6.5 1 0.111206 0.380855 
10 0 0 1 -0.244913 -0.0800738 
10 0 6.5 1 -0.273461 0.283329 
10 10 0 1 0.150948 -0.00640231 
10 10 6.5 1 0.150709 0.271989 
0 10 0 1 0.584946 -0.0958843 
0 10 6.5 1 0.620664 0.326479 
0 5 10 1 0.441076 0.670046 
10 5 10 1 -0.0381853 0.463201 
0 6 0 1 0.443145 -0.149898 
0 8 0 1 0.519366 -0.120864 
0 8 5 1 0.544039 0.221763 
0 6 5 1 0.464351 0.220434 
0 2 2.5 1 0.250307 -0.0133824 
0 4 2.5 1 0.361151 0.0095823 
0 4 5 1 0.369456 0.218853 
0 2 5 1 0.254542 0.216937 
0.5 0.5 -0.5 1 0.120451 -0.286958 
0.5 0.5 6 1 0.116146 0.315703 
10.5 0.5 -0.5 1 -0.22799 -0.0952469 
10.5 0.5 6 1 -0.254153 0.251464 
10.5 10.5 -0.5 1 0.151689 -0.0204628 
10.5 10.5 6 1 0.151497 0.248042 
0.5 10.5 -0.5 1 0.565983 -0.112543 
0.5 10.5 6 1 0.598421 0.28744 
0.5 5.5 9.5 1 0.423996 0.597832 
10.5 5.5 9.5 1 -0.029985 0.42778 
0.5 6.5 -0.5 1 0.428831 -0.166235 
0.5 8.5 -0.5 1 0.502298 -0.137474 
0.5 8.5 4.5 1 0.524574 0.186031 
0.5 6.5 4.5 1 0.447832 0.181843 
0.5 2.5 2 1 0.245352 -0.042398 
0.5 4.5 2 1 0.349988 -0.0183062 
0.5 4.5 4.5 1 0.357355 0.176906 
0.5 2.5 4.5 1 0.249093 0.170999 
