-0.168914 -0.281161 -0.142185 -0.0245155 
0.235311 -0.333609 0.257304 -0.0617997 
0.309169 -0.520127 0.344418 -0.0558709 
-0.362681 -0.417299 -0.314487 0.0044101 
-0.168914 -0.281161 0.235311 -0.333609 
0.235311 -0.333609 0.309169 -0.520127 
0.309169 -0.520127 -0.362681 -0.417299 
-0.362681 -0.417299 -0.168914 -0.281161 
-0.142185 -0.0245155 -0.189641 0.153564 
-0.189641 0.153564 -0.314487 0.0044101 
0.257304 -0.0617997 0.303853 0.119585 
0.303853 0.119585 0.344418 -0.0558709 
-0.189641 0.153564 0.303853 0.119585 
-0.142185 -0.0245155 0.257304 -0.0617997 
-0.314487 0.0044101 0.344418 -0.0558709 
-0.261304 -0.346073 -0.306193 -0.377612 
-0.306193 -0.377612 -0.274034 -0.0887837 
-0.274034 -0.0887837 -0.233057 -0.0869232 
-0.233057 -0.0869232 -0.261304 -0.346073 
-0.183056 -0.190967 -0.212106 -0.202117 
-0.212106 -0.202117 -0.199607 -0.0854045 
-0.199607 -0.0854045 -0.171786 -0.0841413 
-0.171786 -0.0841413 -0.183056 -0.190967 
