0.175714 -0.298116 0.196536 -0.00502125 
0.619084 -0.471801 0.634441 0.0263845 
-0.12122 -0.554153 -0.0527944 0.162658 
-0.289546 -0.299571 -0.24929 0.0575658 
0.175714 -0.298116 0.619084 -0.471801 
0.619084 -0.471801 -0.12122 -0.554153 
-0.12122 -0.554153 -0.289546 -0.299571 
-0.289546 -0.299571 0.175714 -0.298116 
0.196536 -0.00502125 0.0104455 0.188979 
0.0104455 0.188979 -0.24929 0.0575658 
0.634441 0.0263845 0.368165 0.374515 
0.368165 0.374515 -0.0527944 0.162658 
0.0104455 0.188979 0.368165 0.374515 
0.196536 -0.00502125 0.634441 0.0263845 
-0.24929 0.0575658 -0.0527944 0.162658 
-0.0803397 -0.298917 -0.180428 -0.29923 
-0.180428 -0.29923 -0.153138 -0.0341362 
-0.153138 -0.0341362 -0.0564346 -0.0445497 
-0.0564346 -0.0445497 -0.0803397 -0.298917 
0.106174 -0.179447 0.0223893 -0.175038 
0.0223893 -0.175038 0.032752 -0.0541537 
0.032752 -0.0541537 0.115266 -0.0630391 
0.115266 -0.0630391 0.106174 -0.179447 
