-0.171909 -0.265829 -0.145232 -0.00994939 
0.230498 -0.317581 0.253753 -0.0479031 
0.30708 -0.500895 0.344807 -0.0418427 
-0.361284 -0.400797 -0.314202 0.0196678 
-0.171909 -0.265829 0.230498 -0.317581 
0.230498 -0.317581 0.30708 -0.500895 
0.30708 -0.500895 -0.361284 -0.400797 
-0.361284 -0.400797 -0.171909 -0.265829 
-0.145232 -0.00994939 -0.191427 0.168929 
-0.191427 0.168929 -0.314202 0.0196678 
0.253753 -0.0479031 0.302767 0.133118 
0.302767 0.133118 0.344807 -0.0418427 
-0.191427 0.168929 0.302767 0.133118 
-0.145232 -0.00994939 0.253753 -0.0479031 
-0.314202 0.0196678 0.344807 -0.0418427 
-0.26222 -0.330193 -0.306089 -0.361459 
-0.306089 -0.361459 -0.274523 -0.0737997 
-0.274523 -0.0737997 -0.234355 -0.0720658 
-0.234355 -0.0720658 -0.26222 -0.330193 
-0.185561 -0.176043 -0.213985 -0.18709 
-0.213985 -0.18709 -0.201585 -0.0706513 
-0.201585 -0.0706513 -0.174341 -0.0694754 
-0.174341 -0.0694754 -0.185561 -0.176043 
