0.265567 -0.493347 0.240716 -0.158439 
0.712908 -0.776258 0.617703 -0.123501 
-0.331829 -0.952977 -0.308383 -0.140545 
-0.259824 -0.54288 -0.252995 -0.170396 
0.265567 -0.493347 0.712908 -0.776258 
0.712908 -0.776258 -0.331829 -0.952977 
-0.331829 -0.952977 -0.259824 -0.54288 
-0.259824 -0.54288 0.265567 -0.493347 
0.240716 -0.158439 0.000705544 0.00826743 
0.000705544 0.00826743 -0.252995 -0.170396 
0.617703 -0.123501 0.176956 0.190953 
0.176956 0.190953 -0.308383 -0.140545 
0.000705544 0.00826743 0.176956 0.190953 
0.240716 -0.158439 0.617703 -0.123501 
-0.252995 -0.170396 -0.308383 -0.140545 
-0.036416 -0.521817 -0.145722 -0.532122 
-0.145722 -0.532122 -0.146184 -0.247694 
-0.146184 -0.247694 -0.0422084 -0.243578 
-0.0422084 -0.243578 -0.036416 -0.521817 
0.161176 -0.365932 0.0629093 -0.37244 
0.0629093 -0.37244 0.0576915 -0.239624 
0.0576915 -0.239624 0.153751 -0.235822 
0.153751 -0.235822 0.161176 -0.365932 
