0.357821 -0.601441 0.286432 0.0157751 
-0.231868 -0.448889 -0.257296 -0.062453 
0.103042 -0.313023 0.0775844 -0.0481972 
0.560222 -0.35328 0.51181 0.00275403 
0.357821 -0.601441 -0.231868 -0.448889 
-0.231868 -0.448889 0.103042 -0.313023 
0.103042 -0.313023 0.560222 -0.35328 
0.560222 -0.35328 0.357821 -0.601441 
0.286432 0.0157751 0.398851 0.236314 
0.398851 0.236314 0.51181 0.00275403 
-0.257296 -0.062453 -0.0731254 0.108114 
-0.0731254 0.108114 0.0775844 -0.0481972 
0.398851 0.236314 -0.0731254 0.108114 
0.286432 0.0157751 -0.257296 -0.062453 
0.51181 0.00275403 0.0775844 -0.0481972 
0.504053 -0.422147 0.534739 -0.384524 
0.534739 -0.384524 0.494519 -0.0829588 
0.494519 -0.0829588 0.460739 -0.089601 
0.460739 -0.089601 0.504053 -0.422147 
0.393127 -0.313217 0.442575 -0.279977 
0.442575 -0.279977 0.419527 -0.0977047 
0.419527 -0.0977047 0.368126 -0.107812 
0.368126 -0.107812 0.393127 -0.313217 
