0.315769 -0.244799 0.364717 0.188919 
-0.311753 -0.182981 -0.310945 0.222953 
-0.147675 -0.0536378 -0.140091 0.199296 
0.241633 -0.0854003 0.267197 0.178068 
0.315769 -0.244799 -0.311753 -0.182981 
-0.311753 -0.182981 -0.147675 -0.0536378 
-0.147675 -0.0536378 0.241633 -0.0854003 
0.241633 -0.0854003 0.315769 -0.244799 
0.364717 0.188919 0.323221 0.374548 
0.323221 0.374548 0.267197 0.178068 
-0.310945 0.222953 -0.201255 0.390352 
-0.201255 0.390352 -0.140091 0.199296 
0.323221 0.374548 -0.201255 0.390352 
0.364717 0.188919 -0.310945 0.222953 
0.267197 0.178068 -0.140091 0.199296 
0.263029 -0.131404 0.251422 -0.106449 
0.251422 -0.106449 0.272966 0.111011 
0.272966 0.111011 0.287132 0.106044 
0.287132 0.106044 0.263029 -0.131404 
0.309523 -0.056536 0.290366 -0.0336353 
0.290366 -0.0336353 0.304329 0.100015 
0.304329 0.100015 0.325647 0.0925419 
0.325647 0.0925419 0.309523 -0.056536 
