0 0 0 1 -0.595705 -0.202069 
0 0 6.5 1 -0.632888 0.246863 
10 0 0 1 -0.177193 -0.0639037 
10 0 6.5 1 -0.177162 0.217856 
10 10 0 1 0.24413 -0.140438 
10 10 6.5 1 0.272916 0.208051 
0 10 0 1 -0.00374175 -0.403945 
0 10 6.5 1 0.0194702 0.242177 
0 5 10 1 -0.3837 0.579955 
10 5 10 1 0.0291376 0.397434 
0 6 0 1 -0.293731 -0.305051 
0 8 0 1 -0.160475 -0.350495 
0 8 5 1 -0.158906 0.093951 
0 6 5 1 -0.303401 0.10712 
0 2 2.5 1 -0.519602 -0.0582216 
0 4 2.5 1 -0.416981 -0.0809474 
0 4 5 1 -0.426206 0.118313 
0 2 5 1 -0.531864 0.127943 
0.5 0.5 -0.5 1 -0.540483 -0.229289 
0.5 0.5 6 1 -0.572058 0.207593 
10.5 0.5 -0.5 1 -0.147371 -0.0829466 
10.5 0.5 6 1 -0.145741 0.194048 
10.5 10.5 -0.5 1 0.274406 -0.16277 
10.5 10.5 6 1 0.304745 0.178428 
0.5 10.5 -0.5 1 0.0583436 -0.437095 
0.5 10.5 6 1 0.0888294 0.184079 
0.5 5.5 9.5 1 -0.313522 0.521169 
10.5 5.5 9.5 1 0.0620737 0.367352 
0.5 6.5 -0.5 1 -0.233706 -0.335747 
0.5 8.5 -0.5 1 -0.0991952 -0.382425 
0.5 8.5 4.5 1 -0.0922676 0.0465837 
0.5 6.5 4.5 1 -0.238249 0.0631518 
0.5 2.5 2 1 -0.46053 -0.091296 
0.5 4.5 2 1 -0.356137 -0.115825 
0.5 4.5 4.5 1 -0.362849 0.0772931 
0.5 2.5 4.5 1 -0.470444 0.0895046 
