-0.0144694 -0.356251 -0.0246718 -0.0929044 
0.422883 -0.369755 0.387683 -0.0587597 
0.40404 -0.52944 0.345892 0.0136998 
-0.281083 -0.468249 -0.278331 -0.0556429 
-0.0144694 -0.356251 0.422883 -0.369755 
0.422883 -0.369755 0.40404 -0.52944 
0.40404 -0.52944 -0.281083 -0.468249 
-0.281083 -0.468249 -0.0144694 -0.356251 
-0.0246718 -0.0929044 -0.127967 0.0807867 
-0.127967 0.0807867 -0.278331 -0.0556429 
0.387683 -0.0587597 0.350923 0.159923 
0.350923 0.159923 0.345892 0.0136998 
-0.127967 0.0807867 0.350923 0.159923 
-0.0246718 -0.0929044 0.387683 -0.0587597 
-0.278331 -0.0556429 0.345892 0.0136998 
-0.144428 -0.410844 -0.205683 -0.436576 
-0.205683 -0.436576 -0.207418 -0.14734 
-0.207418 -0.14734 -0.148725 -0.148676 
-0.148725 -0.148676 -0.144428 -0.410844 
-0.0545951 -0.25904 -0.0967462 -0.267168 
-0.0967462 -0.267168 -0.0996887 -0.149793 
-0.0996887 -0.149793 -0.0581068 -0.150739 
-0.0581068 -0.150739 -0.0545951 -0.25904 
