0 0 0 1 -0.52287 -0.753762 
0 0 6.5 1 -0.493711 -0.0446549 
10 0 0 1 -0.2411 -0.454313 
10 0 6.5 1 -0.242284 -0.11001 
10 10 0 1 0.288094 -0.430977 
10 10 6.5 1 0.256616 -0.0862329 
0 10 0 1 0.583007 -0.708287 
0 10 6.5 1 0.48764 0.00290209 
0 5 10 1 -0.020138 0.299097 
10 5 10 1 -0.00148051 0.0715547 
0 6 0 1 0.137626 -0.726602 
0 8 0 1 0.359807 -0.717466 
0 8 5 1 0.304499 -0.156121 
0 6 5 1 0.102158 -0.165614 
0 2 2.5 1 -0.301772 -0.45166 
0 4 2.5 1 -0.0918094 -0.44239 
0 4 5 1 -0.0993436 -0.175068 
0 2 5 1 -0.30001 -0.184482 
0.5 0.5 -0.5 1 -0.444806 -0.780552 
0.5 0.5 6 1 -0.425136 -0.0951934 
10.5 0.5 -0.5 1 -0.20861 -0.473643 
10.5 0.5 6 1 -0.211585 -0.134973 
10.5 10.5 -0.5 1 0.309772 -0.450895 
10.5 10.5 6 1 0.277695 -0.111788 
0.5 10.5 -0.5 1 0.614883 -0.737306 
0.5 10.5 6 1 0.519672 -0.0499346 
0.5 5.5 9.5 1 0.0280929 0.238846 
10.5 5.5 9.5 1 0.0238263 0.043816 
0.5 6.5 -0.5 1 0.188227 -0.754718 
0.5 8.5 -0.5 1 0.401088 -0.746031 
0.5 8.5 4.5 1 0.344397 -0.204034 
0.5 6.5 4.5 1 0.149815 -0.213063 
0.5 2.5 2 1 -0.23592 -0.489491 
0.5 4.5 2 1 -0.0342988 -0.480674 
0.5 4.5 4.5 1 -0.0439908 -0.222057 
0.5 2.5 4.5 1 -0.237024 -0.231015 
