0 0 0 1 0.362625 -0.606409 
0 0 6.5 1 0.290849 0.0110602 
10 0 0 1 -0.2343 -0.457082 
10 0 6.5 1 -0.25743 -0.068197 
10 10 0 1 0.099495 -0.322403 
10 10 6.5 1 0.0747032 -0.0569749 
0 10 0 1 0.557308 -0.361686 
0 10 6.5 1 0.508192 -0.0065536 
0 5 10 1 0.398125 0.226653 
10 5 10 1 -0.0739677 0.100321 
0 6 0 1 0.503421 -0.429424 
0 8 0 1 0.532873 -0.392401 
0 8 5 1 0.492067 -0.0911971 
0 6 5 1 0.459523 -0.0970962 
0 2 2.5 1 0.395425 -0.318372 
0 4 2.5 1 0.443077 -0.286188 
0 4 5 1 0.419802 -0.104296 
0 2 5 1 0.370234 -0.113281 
0.5 0.5 -0.5 1 0.339139 -0.622642 
0.5 0.5 6 1 0.272654 -0.038407 
10.5 0.5 -0.5 1 -0.226957 -0.473041 
10.5 0.5 6 1 -0.249522 -0.0975932 
10.5 10.5 -0.5 1 0.095932 -0.336925 
10.5 10.5 6 1 0.071857 -0.0778187 
0.5 10.5 -0.5 1 0.536761 -0.379688 
0.5 10.5 6 1 0.48998 -0.0357831 
0.5 5.5 9.5 1 0.380382 0.181508 
10.5 5.5 9.5 1 -0.0729213 0.0715889 
0.5 6.5 -0.5 1 0.481055 -0.448173 
0.5 8.5 -0.5 1 0.511404 -0.410862 
0.5 8.5 4.5 1 0.472702 -0.12013 
0.5 6.5 4.5 1 0.439614 -0.128552 
0.5 2.5 2 1 0.37357 -0.346853 
0.5 4.5 2 1 0.421422 -0.313063 
0.5 4.5 4.5 1 0.399551 -0.138749 
0.5 2.5 4.5 1 0.350048 -0.151349 
