0.252978 -0.109968 0.258462 0.245427 
-0.0438676 -0.367031 -0.0726271 0.275867 
-0.575089 -0.200294 -0.638466 0.225722 
-0.157343 -0.0567966 -0.175088 0.220604 
0.252978 -0.109968 -0.0438676 -0.367031 
-0.0438676 -0.367031 -0.575089 -0.200294 
-0.575089 -0.200294 -0.157343 -0.0567966 
-0.157343 -0.0567966 0.252978 -0.109968 
0.258462 0.245427 0.00848413 0.415328 
0.00848413 0.415328 -0.175088 0.220604 
-0.0726271 0.275867 -0.452282 0.56758 
-0.452282 0.56758 -0.638466 0.225722 
0.00848413 0.415328 -0.452282 0.56758 
0.258462 0.245427 -0.0726271 0.275867 
-0.175088 0.220604 -0.638466 0.225722 
-0.0164863 -0.0750495 -0.0900931 -0.0655112 
-0.0900931 -0.0655112 -0.101344 0.154814 
-0.101344 0.154814 -0.0250011 0.155728 
-0.0250011 0.155728 -0.0164863 -0.0750495 
0.153293 0.0272851 0.0619074 0.0328175 
0.0619074 0.0328175 0.0592731 0.156738 
0.0592731 0.156738 0.152782 0.157857 
0.152782 0.157857 0.153293 0.0272851 
