-0.573096 -0.390976 -0.520519 -0.0180313 
-0.104834 -0.346668 -0.0871569 -0.0743998 
0.258173 -0.44386 0.260166 -0.0520981 
-0.314864 -0.585836 -0.253503 0.0551631 
-0.573096 -0.390976 -0.104834 -0.346668 
-0.104834 -0.346668 0.258173 -0.44386 
0.258173 -0.44386 -0.314864 -0.585836 
-0.314864 -0.585836 -0.573096 -0.390976 
-0.520519 -0.0180313 -0.392383 0.234731 
-0.392383 0.234731 -0.253503 0.0551631 
-0.0871569 -0.0743998 0.0629993 0.0942184 
0.0629993 0.0942184 0.260166 -0.0520981 
-0.392383 0.234731 0.0629993 0.0942184 
-0.520519 -0.0180313 -0.0871569 -0.0743998 
-0.253503 0.0551631 0.260166 -0.0520981 
-0.453578 -0.481163 -0.393173 -0.526745 
-0.393173 -0.526745 -0.345127 -0.0865763 
-0.345127 -0.0865763 -0.406885 -0.0910118 
-0.406885 -0.0910118 -0.453578 -0.481163 
-0.518618 -0.252268 -0.478485 -0.264645 
-0.478485 -0.264645 -0.45669 -0.094589 
-0.45669 -0.094589 -0.497708 -0.0975349 
-0.497708 -0.0975349 -0.518618 -0.252268 
