0.353481 -0.556475 0.341719 -0.000701254 
-0.314765 -0.431533 -0.277225 -0.0247735 
-0.0278028 -0.349782 -0.0162135 -0.0863264 
0.410018 -0.40316 0.400008 -0.084398 
0.353481 -0.556475 -0.314765 -0.431533 
-0.314765 -0.431533 -0.0278028 -0.349782 
-0.0278028 -0.349782 0.410018 -0.40316 
0.410018 -0.40316 0.353481 -0.556475 
0.341719 -0.000701254 0.372995 0.142507 
0.372995 0.142507 0.400008 -0.084398 
-0.277225 -0.0247735 -0.109732 0.0961184 
-0.109732 0.0961184 -0.0162135 -0.0863264 
0.372995 0.142507 -0.109732 0.0961184 
0.341719 -0.000701254 -0.277225 -0.0247735 
0.400008 -0.084398 -0.0162135 -0.0863264 
0.394552 -0.4451 0.403022 -0.422131 
0.403022 -0.422131 0.394839 -0.150346 
0.394839 -0.150346 0.385983 -0.144966 
0.385983 -0.144966 0.394552 -0.4451 
0.366077 -0.313556 0.379493 -0.301046 
0.379493 -0.301046 0.37516 -0.138391 
0.37516 -0.138391 0.36163 -0.130172 
0.36163 -0.130172 0.366077 -0.313556 
