0.280788 -0.28111 0.245808 0.0418148 
0.588728 -0.519378 0.511924 0.124076 
-0.419727 -0.63595 -0.472761 0.0308495 
-0.220522 -0.334688 -0.249557 -0.0059832 
0.280788 -0.28111 0.588728 -0.519378 
0.588728 -0.519378 -0.419727 -0.63595 
-0.419727 -0.63595 -0.220522 -0.334688 
-0.220522 -0.334688 0.280788 -0.28111 
0.245808 0.0418148 -0.0168609 0.190082 
-0.0168609 0.190082 -0.249557 -0.0059832 
0.511924 0.124076 -0.00656794 0.417151 
-0.00656794 0.417151 -0.472761 0.0308495 
-0.0168609 0.190082 -0.00656794 0.417151 
0.245808 0.0418148 0.511924 0.124076 
-0.249557 -0.0059832 -0.472761 0.0308495 
-0.0180902 -0.313053 -0.118984 -0.323836 
-0.118984 -0.323836 -0.142327 -0.0711347 
-0.142327 -0.0711347 -0.0423622 -0.061252 
-0.0423622 -0.061252 -0.0180902 -0.313053 
0.168678 -0.166061 0.0695087 -0.17626 
0.0695087 -0.17626 0.0569769 -0.0514312 
0.0569769 -0.0514312 0.155696 -0.0416716 
0.155696 -0.0416716 0.168678 -0.166061 
