0 0 0 1 -0.542688 -0.511644 
0 0 6.5 1 -0.576161 0.0994939 
10 0 0 1 -0.214917 -0.290746 
10 0 6.5 1 -0.239505 0.0253423 
10 10 0 1 0.286713 -0.256652 
10 10 6.5 1 0.249132 0.0788394 
0 10 0 1 0.451868 -0.470921 
0 10 6.5 1 0.368285 0.217222 
0 5 10 1 -0.160581 0.480704 
10 5 10 1 -0.0187246 0.220653 
0 6 0 1 0.0234086 -0.488464 
0 8 0 1 0.231994 -0.479924 
0 8 5 1 0.176332 0.041811 
0 6 5 1 -0.0237775 0.0206232 
0 2 2.5 1 -0.379684 -0.257523 
0 4 2.5 1 -0.194802 -0.243864 
0 4 5 1 -0.214202 0.000460683 
0 2 5 1 -0.395629 -0.0187491 
0.5 0.5 -0.5 1 -0.467216 -0.536453 
0.5 0.5 6 1 -0.502483 0.0541995 
10.5 0.5 -0.5 1 -0.181657 -0.307973 
10.5 0.5 6 1 -0.206483 0.00255172 
10.5 10.5 -0.5 1 0.311881 -0.275676 
10.5 10.5 6 1 0.274487 0.0535572 
0.5 10.5 -0.5 1 0.496058 -0.50063 
0.5 10.5 6 1 0.41382 0.161666 
0.5 5.5 9.5 1 -0.0994198 0.419959 
10.5 5.5 9.5 1 0.0106918 0.193712 
0.5 6.5 -0.5 1 0.0822401 -0.516019 
0.5 8.5 -0.5 1 0.283917 -0.508519 
0.5 8.5 4.5 1 0.228679 -0.00612271 
0.5 6.5 4.5 1 0.0349203 -0.0253625 
0.5 2.5 2 1 -0.309665 -0.291869 
0.5 4.5 2 1 -0.130094 -0.279538 
0.5 4.5 4.5 1 -0.149809 -0.0437057 
0.5 2.5 4.5 1 -0.326127 -0.0612135 
