0 0 0 1 -0.589931 -0.223869 
0 0 6.5 1 -0.65134 0.245673 
10 0 0 1 -0.187302 -0.0583731 
10 0 6.5 1 -0.199913 0.228998 
10 10 0 1 0.249608 -0.109895 
10 10 6.5 1 0.265629 0.237696 
0 10 0 1 0.0719143 -0.384699 
0 10 6.5 1 0.0783801 0.270471 
0 5 10 1 -0.378524 0.607283 
10 5 10 1 0.00893073 0.419811 
0 6 0 1 -0.246258 -0.307382 
0 8 0 1 -0.0986471 -0.343252 
0 8 5 1 -0.111029 0.109969 
0 6 5 1 -0.271214 0.115837 
0 2 2.5 1 -0.508719 -0.0686991 
0 4 2.5 1 -0.391673 -0.0856657 
0 4 5 1 -0.409485 0.120903 
0 2 5 1 -0.530051 0.12532 
0.5 0.5 -0.5 1 -0.530469 -0.248432 
0.5 0.5 6 1 -0.584509 0.206459 
10.5 0.5 -0.5 1 -0.156397 -0.0760378 
10.5 0.5 6 1 -0.16702 0.205822 
10.5 10.5 -0.5 1 0.279048 -0.130245 
10.5 10.5 6 1 0.296843 0.209297 
0.5 10.5 -0.5 1 0.132038 -0.413225 
0.5 10.5 6 1 0.146587 0.213548 
0.5 5.5 9.5 1 -0.303703 0.546297 
10.5 5.5 9.5 1 0.0426316 0.390062 
0.5 6.5 -0.5 1 -0.184928 -0.334382 
0.5 8.5 -0.5 1 -0.037528 -0.371047 
0.5 8.5 4.5 1 -0.0436723 0.0643926 
0.5 6.5 4.5 1 -0.203682 0.0733219 
0.5 2.5 2 1 -0.445596 -0.0997069 
0.5 4.5 2 1 -0.327779 -0.11818 
0.5 4.5 4.5 1 -0.342435 0.0810649 
0.5 2.5 4.5 1 -0.463904 0.0878435 
