0.377769 -0.617137 0.308831 -0.00320987 
-0.25027 -0.48359 -0.260018 -0.0841296 
0.0773541 -0.359063 0.0578757 -0.0910226 
0.536305 -0.39549 0.487678 -0.0454626 
0.377769 -0.617137 -0.25027 -0.48359 
-0.25027 -0.48359 0.0773541 -0.359063 
0.0773541 -0.359063 0.536305 -0.39549 
0.536305 -0.39549 0.377769 -0.617137 
0.308831 -0.00320987 0.393378 0.187409 
0.393378 0.187409 0.487678 -0.0454626 
-0.260018 -0.0841296 -0.0796868 0.0724668 
-0.0796868 0.0724668 0.0578757 -0.0910226 
0.393378 0.187409 -0.0796868 0.0724668 
0.308831 -0.00320987 -0.260018 -0.0841296 
0.487678 -0.0454626 0.0578757 -0.0910226 
0.492847 -0.456248 0.516639 -0.422985 
0.516639 -0.422985 0.4762 -0.124601 
0.4762 -0.124601 0.449497 -0.126471 
0.449497 -0.126471 0.492847 -0.456248 
0.40043 -0.334057 0.43954 -0.308042 
0.43954 -0.308042 0.416864 -0.128756 
0.416864 -0.128756 0.376082 -0.131612 
0.376082 -0.131612 0.40043 -0.334057 
