-0.547768 -0.474386 -0.591234 0.123169 
-0.213043 -0.260888 -0.240455 0.0515199 
0.283695 -0.227191 0.247082 0.108159 
0.42442 -0.438381 0.345915 0.249167 
-0.547768 -0.474386 -0.213043 -0.260888 
-0.213043 -0.260888 0.283695 -0.227191 
0.283695 -0.227191 0.42442 -0.438381 
0.42442 -0.438381 -0.547768 -0.474386 
-0.591234 0.123169 -0.186179 0.511822 
-0.186179 0.511822 0.345915 0.249167 
-0.240455 0.0515199 -0.022214 0.249306 
-0.022214 0.249306 0.247082 0.108159 
-0.186179 0.511822 -0.022214 0.249306 
-0.591234 0.123169 -0.240455 0.0515199 
0.345915 0.249167 0.247082 0.108159 
0.00108724 -0.454059 0.206311 -0.446459 
0.206311 -0.446459 0.152113 0.0703435 
0.152113 0.0703435 -0.0471674 0.0479665 
-0.0471674 0.0479665 0.00108724 -0.454059 
-0.394231 -0.228135 -0.214031 -0.214633 
-0.214031 -0.214633 -0.235251 0.0268468 
-0.235251 0.0268468 -0.413055 0.00688137 
-0.413055 0.00688137 -0.394231 -0.228135 
