-0.545933 -0.45036 -0.502624 -0.0817254 
-0.0777897 -0.391314 -0.0688818 -0.116644 
0.277534 -0.489996 0.264459 -0.0877364 
-0.328822 -0.655497 -0.280604 -0.0131795 
-0.545933 -0.45036 -0.0777897 -0.391314 
-0.0777897 -0.391314 0.277534 -0.489996 
0.277534 -0.489996 -0.328822 -0.655497 
-0.328822 -0.655497 -0.545933 -0.45036 
-0.502624 -0.0817254 -0.397281 0.164768 
-0.397281 0.164768 -0.280604 -0.0131795 
-0.0688818 -0.116644 0.0687686 0.0553263 
0.0687686 0.0553263 0.264459 -0.0877364 
-0.397281 0.164768 0.0687686 0.0553263 
-0.502624 -0.0817254 -0.0688818 -0.116644 
-0.280604 -0.0131795 0.264459 -0.0877364 
-0.446222 -0.544572 -0.395321 -0.592665 
-0.395321 -0.592665 -0.356696 -0.152397 
-0.356696 -0.152397 -0.408261 -0.155691 
-0.408261 -0.155691 -0.446222 -0.544572 
-0.500826 -0.313508 -0.467462 -0.326804 
-0.467462 -0.326804 -0.449681 -0.158338 
-0.449681 -0.158338 -0.483682 -0.16051 
-0.483682 -0.16051 -0.500826 -0.313508 
