0 0 0 1 0.317348 -0.551415 
0 0 6.5 1 0.253928 0.0605887 
10 0 0 1 -0.223734 -0.381534 
10 0 6.5 1 -0.259629 -0.00987952 
10 10 0 1 0.118555 -0.245246 
10 10 6.5 1 0.0920107 0.016602 
0 10 0 1 0.569925 -0.293478 
0 10 6.5 1 0.531048 0.0685371 
0 5 10 1 0.402106 0.308238 
10 5 10 1 -0.0698284 0.170027 
0 6 0 1 0.498486 -0.366434 
0 8 0 1 0.537383 -0.326711 
0 8 5 1 0.504924 -0.0230921 
0 6 5 1 0.463047 -0.0331261 
0 2 2.5 1 0.370618 -0.267047 
0 4 2.5 1 0.431614 -0.229576 
0 4 5 1 0.412153 -0.0453207 
0 2 5 1 0.34898 -0.0604577 
0.5 0.5 -0.5 1 0.300161 -0.562356 
0.5 0.5 6 1 0.240786 0.0119755 
10.5 0.5 -0.5 1 -0.213502 -0.394907 
10.5 0.5 6 1 -0.248064 -0.0374891 
10.5 10.5 -0.5 1 0.116415 -0.258537 
10.5 10.5 6 1 0.0906068 -0.00383656 
0.5 10.5 -0.5 1 0.549961 -0.309854 
0.5 10.5 6 1 0.512637 0.0386405 
0.5 5.5 9.5 1 0.385293 0.260032 
10.5 5.5 9.5 1 -0.0662862 0.141321 
0.5 6.5 -0.5 1 0.477996 -0.382597 
0.5 8.5 -0.5 1 0.517048 -0.343123 
0.5 8.5 4.5 1 0.485994 -0.0518259 
0.5 6.5 4.5 1 0.444226 -0.0640808 
0.5 2.5 2 1 0.352517 -0.29232 
0.5 4.5 2 1 0.412365 -0.254102 
0.5 4.5 4.5 1 0.393907 -0.0788447 
0.5 2.5 4.5 1 0.332111 -0.0969759 
