0.15888 -0.157168 0.188239 0.121902 
0.591154 -0.306213 0.645647 0.138359 
0.000376986 -0.396724 0.0683065 0.282443 
-0.270319 -0.164067 -0.238719 0.192255 
0.15888 -0.157168 0.591154 -0.306213 
0.591154 -0.306213 0.000376986 -0.396724 
0.000376986 -0.396724 -0.270319 -0.164067 
-0.270319 -0.164067 0.15888 -0.157168 
0.188239 0.121902 0.0175584 0.324485 
0.0175584 0.324485 -0.238719 0.192255 
0.645647 0.138359 0.451675 0.493992 
0.451675 0.493992 0.0683065 0.282443 
0.0175584 0.324485 0.451675 0.493992 
0.188239 0.121902 0.645647 0.138359 
-0.238719 0.192255 0.0683065 0.282443 
-0.0732531 -0.160899 -0.166678 -0.162401 
-0.166678 -0.162401 -0.142681 0.0965363 
-0.142681 0.0965363 -0.049564 0.085168 
-0.049564 0.085168 -0.0732531 -0.160899 
0.0998665 -0.0468716 0.0230074 -0.0428578 
0.0230074 -0.0428578 0.0347254 0.0748775 
0.0347254 0.0748775 0.111386 0.0655183 
0.111386 0.0655183 0.0998665 -0.0468716 
