0 0 0 1 0.145584 -0.0799849 
0 0 6.5 1 0.171739 0.193929 
10 0 0 1 0.572264 -0.215664 
10 0 6.5 1 0.636895 0.198494 
10 10 0 1 0.0845736 -0.347982 
10 10 6.5 1 0.143507 0.303107 
0 10 0 1 -0.257588 -0.112097 
0 10 6.5 1 -0.242752 0.248546 
0 5 10 1 0.00613204 0.39623 
10 5 10 1 0.486837 0.541921 
0 6 0 1 -0.069838 -0.0971432 
0 8 0 1 -0.158277 -0.104187 
0 8 5 1 -0.14419 0.153966 
0 6 5 1 -0.0536247 0.146646 
0 2 2.5 1 0.0902427 0.0229438 
0 4 2.5 1 0.0181974 0.0228614 
0 4 5 1 0.027247 0.140109 
0 2 5 1 0.0999021 0.134236 
0.5 0.5 -0.5 1 0.142256 -0.106713 
0.5 0.5 6 1 0.169006 0.173749 
10.5 0.5 -0.5 1 0.584558 -0.26214 
10.5 0.5 6 1 0.652712 0.167138 
10.5 10.5 -0.5 1 0.0725396 -0.430276 
10.5 10.5 6 1 0.134479 0.258986 
0.5 10.5 -0.5 1 -0.276115 -0.148454 
0.5 10.5 6 1 -0.261673 0.223634 
0.5 5.5 9.5 1 -0.0024209 0.379148 
10.5 5.5 9.5 1 0.498929 0.520519 
0.5 6.5 -0.5 1 -0.0804317 -0.12893 
0.5 8.5 -0.5 1 -0.172421 -0.138108 
0.5 8.5 4.5 1 -0.158365 0.127637 
0.5 6.5 4.5 1 -0.0640581 0.121618 
0.5 2.5 2 1 0.085123 -0.00264128 
0.5 4.5 2 1 0.0106444 -0.00411464 
0.5 4.5 4.5 1 0.0198474 0.116263 
0.5 2.5 4.5 1 0.0949825 0.111467 
