0.160287 -0.169425 0.189405 0.110534 
0.593436 -0.320152 0.645218 0.128741 
-0.0110813 -0.407125 0.0573393 0.27509 
-0.272239 -0.174373 -0.239099 0.181487 
0.160287 -0.169425 0.593436 -0.320152 
0.593436 -0.320152 -0.0110813 -0.407125 
-0.0110813 -0.407125 -0.272239 -0.174373 
-0.272239 -0.174373 0.160287 -0.169425 
0.189405 0.110534 0.0176881 0.312574 
0.0176881 0.312574 -0.239099 0.181487 
0.645218 0.128741 0.444788 0.484506 
0.444788 0.484506 0.0573393 0.27509 
0.0176881 0.312574 0.444788 0.484506 
0.189405 0.110534 0.645218 0.128741 
-0.239099 0.181487 0.0573393 0.27509 
-0.0740287 -0.172106 -0.168077 -0.173182 
-0.168077 -0.173182 -0.143264 0.0859691 
-0.143264 0.0859691 -0.0498442 0.0743916 
-0.0498442 0.0743916 -0.0740287 -0.172106 
0.10054 -0.0582723 0.0230566 -0.0539651 
0.0230566 -0.0539651 0.0348729 0.0638926 
0.0348729 0.0638926 0.112049 0.0543281 
0.112049 0.0543281 0.10054 -0.0582723 
