0.310649 -0.379408 0.364594 0.0781135 
-0.323653 -0.26402 -0.293612 0.134056 
-0.117433 -0.149599 -0.0954438 0.0993905 
0.277419 -0.207604 0.308428 0.063414 
0.310649 -0.379408 -0.323653 -0.26402 
-0.323653 -0.26402 -0.117433 -0.149599 
-0.117433 -0.149599 0.277419 -0.207604 
0.277419 -0.207604 0.310649 -0.379408 
0.364594 0.0781135 0.351119 0.258501 
0.351119 0.258501 0.308428 0.063414 
-0.293612 0.134056 -0.157166 0.282755 
-0.157166 0.282755 -0.0954438 0.0993905 
0.351119 0.258501 -0.157166 0.282755 
0.364594 0.0781135 -0.293612 0.134056 
0.308428 0.063414 -0.0954438 0.0993905 
0.286833 -0.256275 0.281709 -0.229783 
0.281709 -0.229783 0.307665 -0.00380826 
0.307665 -0.00380826 0.315438 -0.00839793 
0.315438 -0.00839793 0.286833 -0.256275 
0.31858 -0.17625 0.308846 -0.15246 
0.308846 -0.15246 0.324915 -0.0139943 
0.324915 -0.0139943 0.336727 -0.0209693 
0.336727 -0.0209693 0.31858 -0.17625 
