-0.345611 -0.272931 -0.376909 0.0186637 
0.0592441 -0.194909 0.0345505 0.0544355 
0.318225 -0.291423 0.281763 0.0964133 
-0.300844 -0.453513 -0.354327 0.0471588 
-0.345611 -0.272931 0.0592441 -0.194909 
0.0592441 -0.194909 0.318225 -0.291423 
0.318225 -0.291423 -0.300844 -0.453513 
-0.300844 -0.453513 -0.345611 -0.272931 
-0.376909 0.0186637 -0.390124 0.229851 
-0.390124 0.229851 -0.354327 0.0471588 
0.0345505 0.0544355 0.115162 0.235827 
0.115162 0.235827 0.281763 0.0964133 
-0.390124 0.229851 0.115162 0.235827 
-0.376909 0.0186637 0.0345505 0.0544355 
-0.354327 0.0471588 0.281763 0.0964133 
-0.324731 -0.357157 -0.314284 -0.3993 
-0.314284 -0.3993 -0.350243 -0.0631552 
-0.350243 -0.0631552 -0.356726 -0.0584043 
-0.356726 -0.0584043 -0.324731 -0.357157 
-0.352994 -0.174002 -0.347455 -0.189397 
-0.347455 -0.189397 -0.361903 -0.0546103 
-0.361903 -0.0546103 -0.366133 -0.0515107 
-0.366133 -0.0515107 -0.352994 -0.174002 
