0.239566 -0.276537 0.276402 0.0954826 
-0.310445 -0.370635 -0.249894 0.225214 
-0.536135 -0.184802 -0.500053 0.166178 
-0.0939021 -0.167933 -0.0678126 0.0912068 
0.239566 -0.276537 -0.310445 -0.370635 
-0.310445 -0.370635 -0.536135 -0.184802 
-0.536135 -0.184802 -0.0939021 -0.167933 
-0.0939021 -0.167933 0.239566 -0.276537 
0.276402 0.0954826 0.0899692 0.257083 
0.0899692 0.257083 -0.0678126 0.0912068 
-0.249894 0.225214 -0.383 0.425161 
-0.383 0.425161 -0.500053 0.166178 
0.0899692 0.257083 -0.383 0.425161 
0.276402 0.0954826 -0.249894 0.225214 
-0.0678126 0.0912068 -0.500053 0.166178 
0.0118456 -0.202373 -0.0444444 -0.184041 
-0.0444444 -0.184041 -0.0231247 0.0282414 
-0.0231247 0.0282414 0.0345746 0.0245755 
0.0345746 0.0245755 0.0118456 -0.202373 
0.164596 -0.116101 0.0886644 -0.101458 
0.0886644 -0.101458 0.100826 0.0203663 
0.100826 0.0203663 0.177683 0.0154832 
0.177683 0.0154832 0.164596 -0.116101 
