0 0 0 1 0.134297 -0.0520526 
0 0 6.5 1 0.154195 0.21897 
10 0 0 1 0.558904 -0.176103 
10 0 6.5 1 0.619429 0.221206 
10 10 0 1 0.131124 -0.338723 
10 10 6.5 1 0.179418 0.290344 
0 10 0 1 -0.252007 -0.105593 
0 10 6.5 1 -0.250299 0.2563 
0 5 10 1 -0.0100692 0.416408 
10 5 10 1 0.489278 0.547698 
0 6 0 1 -0.0706839 -0.0804622 
0 8 0 1 -0.155782 -0.0922565 
0 8 5 1 -0.150133 0.165016 
0 6 5 1 -0.0616887 0.161803 
0 2 2.5 1 0.0797151 0.0458787 
0 4 2.5 1 0.0107864 0.0422069 
0 4 5 1 0.0166928 0.158955 
0 2 5 1 0.0866361 0.156413 
0.5 0.5 -0.5 1 0.132729 -0.0788522 
0.5 0.5 6 1 0.153077 0.198034 
10.5 0.5 -0.5 1 0.572497 -0.220493 
10.5 0.5 6 1 0.636484 0.189491 
10.5 10.5 -0.5 1 0.127217 -0.419442 
10.5 10.5 6 1 0.178277 0.241914 
0.5 10.5 -0.5 1 -0.267172 -0.14326 
0.5 10.5 6 1 -0.266423 0.229161 
0.5 5.5 9.5 1 -0.0165822 0.397739 
10.5 5.5 9.5 1 0.504853 0.523226 
0.5 6.5 -0.5 1 -0.0786399 -0.112895 
0.5 8.5 -0.5 1 -0.166938 -0.127117 
0.5 8.5 4.5 1 -0.161633 0.137035 
0.5 6.5 4.5 1 -0.0697202 0.135462 
0.5 2.5 2 1 0.0765498 0.0197618 
0.5 4.5 2 1 0.00546122 0.0144868 
0.5 4.5 4.5 1 0.0114287 0.134073 
0.5 2.5 4.5 1 0.0835995 0.132837 
