-0.601842 -0.191159 -0.611334 0.240615 
-0.168051 -0.0856638 -0.156004 0.190941 
0.238964 -0.180484 0.276281 0.170794 
-0.0758637 -0.416822 -0.0368172 0.229496 
-0.601842 -0.191159 -0.168051 -0.0856638 
-0.168051 -0.0856638 0.238964 -0.180484 
0.238964 -0.180484 -0.0758637 -0.416822 
-0.0758637 -0.416822 -0.601842 -0.191159 
-0.611334 0.240615 -0.382822 0.550947 
-0.382822 0.550947 -0.0368172 0.229496 
-0.156004 0.190941 0.0455938 0.361103 
0.0455938 0.361103 0.276281 0.170794 
-0.382822 0.550947 0.0455938 0.361103 
-0.611334 0.240615 -0.156004 0.190941 
-0.0368172 0.229496 0.276281 0.170794 
-0.33879 -0.304018 -0.219262 -0.355299 
-0.219262 -0.355299 -0.202713 0.0875228 
-0.202713 0.0875228 -0.331261 0.102859 
-0.331261 0.102859 -0.33879 -0.304018 
-0.528471 -0.0529762 -0.439443 -0.0777679 
-0.439443 -0.0777679 -0.438908 0.115701 
-0.438908 0.115701 -0.530367 0.126612 
-0.530367 0.126612 -0.528471 -0.0529762 
