0.332894 -0.571786 0.265866 0.0423075 
-0.225192 -0.407168 -0.258258 -0.0307687 
0.11439 -0.269742 0.0876574 -0.00712139 
0.567992 -0.314962 0.524975 0.0448177 
0.332894 -0.571786 -0.225192 -0.407168 
-0.225192 -0.407168 0.11439 -0.269742 
0.11439 -0.269742 0.567992 -0.314962 
0.567992 -0.314962 0.332894 -0.571786 
0.265866 0.0423075 0.401145 0.28154 
0.401145 0.28154 0.524975 0.0448177 
-0.258258 -0.0307687 -0.0706601 0.146602 
-0.0706601 0.146602 0.0876574 -0.00712139 
0.401145 0.28154 -0.0706601 0.146602 
0.265866 0.0423075 -0.258258 -0.0307687 
0.524975 0.0448177 0.0876574 -0.00712139 
0.501954 -0.387103 0.537955 -0.347776 
0.537955 -0.347776 0.502153 -0.0449459 
0.502153 -0.0449459 0.463119 -0.0540946 
0.463119 -0.0540946 0.501954 -0.387103 
0.379671 -0.285314 0.436658 -0.248806 
0.436658 -0.248806 0.415608 -0.06523 
0.415608 -0.06523 0.356523 -0.0790784 
0.356523 -0.0790784 0.379671 -0.285314 
