0.318973 -0.192618 0.360237 0.238471 
-0.310335 -0.156646 -0.322763 0.256695 
-0.163025 -0.0259154 -0.163221 0.230443 
0.226615 -0.0442294 0.246347 0.218857 
0.318973 -0.192618 -0.310335 -0.156646 
-0.310335 -0.156646 -0.163025 -0.0259154 
-0.163025 -0.0259154 0.226615 -0.0442294 
0.226615 -0.0442294 0.318973 -0.192618 
0.360237 0.238471 0.304774 0.42011 
0.304774 0.42011 0.246347 0.218857 
-0.322763 0.256695 -0.225545 0.427515 
-0.225545 0.427515 -0.163221 0.230443 
0.304774 0.42011 -0.225545 0.427515 
0.360237 0.238471 -0.322763 0.256695 
0.246347 0.218857 -0.163221 0.230443 
0.253393 -0.0872532 0.23888 -0.0639341 
0.23888 -0.0639341 0.255713 0.15276 
0.255713 0.15276 0.272515 0.149155 
0.272515 0.149155 0.253393 -0.0872532 
0.304787 -0.00914344 0.281586 0.0115013 
0.281586 0.0115013 0.292884 0.144786 
0.292884 0.144786 0.318092 0.139378 
0.318092 0.139378 0.304787 -0.00914344 
