0 0 0 1 -0.0206148 -0.36517 
0 0 6.5 1 -0.0290036 -0.100961 
10 0 0 1 0.416944 -0.381015 
10 0 6.5 1 0.383309 -0.0702201 
10 10 0 1 0.40345 -0.542913 
10 10 6.5 1 0.347526 0.000338602 
0 10 0 1 -0.285604 -0.478211 
0 10 6.5 1 -0.279603 -0.0630629 
0 5 10 1 -0.129809 0.0732276 
10 5 10 1 0.349728 0.147169 
0 6 0 1 -0.149571 -0.420181 
0 8 0 1 -0.210493 -0.44617 
0 8 5 1 -0.210044 -0.155252 
0 6 5 1 -0.151952 -0.156675 
0 2 2.5 1 -0.0596343 -0.267539 
0 4 2.5 1 -0.101363 -0.275688 
0 4 5 1 -0.103467 -0.157864 
0 2 5 1 -0.0623878 -0.158871 
0.5 0.5 -0.5 1 -0.00948567 -0.39151 
0.5 0.5 6 1 -0.0186515 -0.118296 
10.5 0.5 -0.5 1 0.446215 -0.412933 
10.5 0.5 6 1 0.409771 -0.0895964 
10.5 10.5 -0.5 1 0.455898 -0.611896 
10.5 10.5 6 1 0.391465 -0.029164 
0.5 10.5 -0.5 1 -0.280821 -0.52626 
0.5 10.5 6 1 -0.274901 -0.0884624 
0.5 5.5 9.5 1 -0.121057 0.0587587 
10.5 5.5 9.5 1 0.380683 0.132659 
0.5 6.5 -0.5 1 -0.140304 -0.456477 
0.5 8.5 -0.5 1 -0.202909 -0.487568 
0.5 8.5 4.5 1 -0.20284 -0.182291 
0.5 6.5 4.5 1 -0.143216 -0.181239 
0.5 2.5 2 1 -0.0491112 -0.292273 
0.5 4.5 2 1 -0.0914005 -0.302874 
0.5 4.5 4.5 1 -0.0937948 -0.180367 
0.5 2.5 4.5 1 -0.0521635 -0.179633 
