-0.512046 -0.866802 -0.450559 -0.103956 
-0.266028 -0.511709 -0.251392 -0.153105 
0.271618 -0.49866 0.251494 -0.150038 
0.621723 -0.819471 0.538908 -0.100423 
-0.512046 -0.866802 -0.266028 -0.511709 
-0.266028 -0.511709 0.271618 -0.49866 
0.271618 -0.49866 0.621723 -0.819471 
0.621723 -0.819471 -0.512046 -0.866802 
-0.450559 -0.103956 0.0503546 0.223174 
0.0503546 0.223174 0.538908 -0.100423 
-0.251392 -0.153105 0.00173824 0.0204836 
0.00173824 0.0204836 0.251494 -0.150038 
0.0503546 0.223174 0.00173824 0.0204836 
-0.450559 -0.103956 -0.251392 -0.153105 
0.538908 -0.100423 0.251494 -0.150038 
0.184017 -0.837744 0.405383 -0.828502 
0.405383 -0.828502 0.360682 -0.252229 
0.360682 -0.252229 0.161148 -0.25452 
0.161148 -0.25452 0.184017 -0.837744 
-0.261954 -0.541863 -0.042576 -0.536202 
-0.042576 -0.536202 -0.0425985 -0.25686 
-0.0425985 -0.25686 -0.250692 -0.259249 
-0.250692 -0.259249 -0.261954 -0.541863 
