0.324312 -0.132084 0.299859 0.28059 
-0.318518 -0.214562 -0.37322 0.237521 
-0.252976 -0.0959549 -0.283405 0.172212 
0.141516 -0.0515341 0.122236 0.202258 
0.324312 -0.132084 -0.318518 -0.214562 
-0.318518 -0.214562 -0.252976 -0.0959549 
-0.252976 -0.0959549 0.141516 -0.0515341 
0.141516 -0.0515341 0.324312 -0.132084 
0.299859 0.28059 0.177233 0.409009 
0.177233 0.409009 0.122236 0.202258 
-0.37322 0.237521 -0.338736 0.386665 
-0.338736 0.386665 -0.283405 0.172212 
0.177233 0.409009 -0.338736 0.386665 
0.299859 0.28059 -0.37322 0.237521 
0.122236 0.202258 -0.283405 0.172212 
0.194939 -0.0750753 0.166027 -0.0623349 
0.166027 -0.0623349 0.150522 0.147922 
0.150522 0.147922 0.178636 0.154192 
0.178636 0.154192 0.194939 -0.0750753 
0.262897 0.0291941 0.221092 0.0342208 
0.221092 0.0342208 0.212428 0.161728 
0.212428 0.161728 0.253812 0.170958 
0.253812 0.170958 0.262897 0.0291941 
