0.311866 -0.415129 0.362828 0.0543878 
-0.327548 -0.28897 -0.290922 0.109389 
-0.109124 -0.181354 -0.0848648 0.0681571 
0.289661 -0.244076 0.319298 0.0316057 
0.311866 -0.415129 -0.327548 -0.28897 
-0.327548 -0.28897 -0.109124 -0.181354 
-0.109124 -0.181354 0.289661 -0.244076 
0.289661 -0.244076 0.311866 -0.415129 
0.362828 0.0543878 0.355814 0.22962 
0.355814 0.22962 0.319298 0.0316057 
-0.290922 0.109389 -0.148172 0.251216 
-0.148172 0.251216 -0.0848648 0.0681571 
0.355814 0.22962 -0.148172 0.251216 
0.362828 0.0543878 -0.290922 0.109389 
0.319298 0.0316057 -0.0848648 0.0681571 
0.29591 -0.292216 0.292504 -0.265981 
0.292504 -0.265981 0.317341 -0.03524 
0.317341 -0.03524 0.323238 -0.0386988 
0.323238 -0.0386988 0.29591 -0.292216 
0.322263 -0.206763 0.315196 -0.184064 
0.315196 -0.184064 0.330438 -0.0429214 
0.330438 -0.0429214 0.339425 -0.0481923 
0.339425 -0.0481923 0.322263 -0.206763 
