0 0 0 1 0.282434 -0.299881 
0 0 6.5 1 0.246861 0.0235505 
10 0 0 1 0.601685 -0.543305 
10 0 6.5 1 0.52111 0.101022 
10 10 0 1 -0.412961 -0.665494 
10 10 6.5 1 -0.461839 0.0102826 
0 10 0 1 -0.220763 -0.354443 
0 10 6.5 1 -0.248416 -0.0232673 
0 5 10 1 -0.0148246 0.172021 
10 5 10 1 0.00637843 0.393621 
0 6 0 1 -0.016921 -0.33234 
0 8 0 1 -0.118408 -0.343345 
0 8 5 1 -0.14103 -0.0888001 
0 6 5 1 -0.0407874 -0.0790072 
0 2 2.5 1 0.170257 -0.184311 
0 4 2.5 1 0.0710802 -0.194529 
0 4 5 1 0.0586186 -0.0692961 
0 2 5 1 0.157199 -0.0596657 
0.5 0.5 -0.5 1 0.268174 -0.334901 
0.5 0.5 6 1 0.231864 -0.00191795 
10.5 0.5 -0.5 1 0.590827 -0.62949 
10.5 0.5 6 1 0.506129 0.0538742 
10.5 10.5 -0.5 1 -0.485828 -0.763086 
10.5 10.5 6 1 -0.534892 -0.0442721 
0.5 10.5 -0.5 1 -0.249811 -0.391805 
0.5 10.5 6 1 -0.27773 -0.0506095 
0.5 5.5 9.5 1 -0.0370858 0.150632 
10.5 5.5 9.5 1 -0.0374861 0.362752 
0.5 6.5 -0.5 1 -0.0399027 -0.368745 
0.5 8.5 -0.5 1 -0.144396 -0.380224 
0.5 8.5 4.5 1 -0.167304 -0.117987 
0.5 6.5 4.5 1 -0.0641286 -0.107793 
0.5 2.5 2 1 0.152883 -0.216001 
0.5 4.5 2 1 0.0508351 -0.226643 
0.5 4.5 4.5 1 0.0381613 -0.0976864 
0.5 2.5 4.5 1 0.139578 -0.0876661 
