0 0 0 1 0.310741 -0.353814 
0 0 6.5 1 0.365465 0.0968006 
10 0 0 1 -0.320834 -0.247226 
10 0 6.5 1 -0.295876 0.151217 
10 10 0 1 -0.12292 -0.128704 
10 10 6.5 1 -0.103035 0.12038 
0 10 0 1 0.269908 -0.182641 
0 10 6.5 1 0.301018 0.085886 
0 5 10 1 0.347242 0.279826 
10 5 10 1 -0.164109 0.304384 
0 6 0 1 0.281526 -0.231343 
0 8 0 1 0.275207 -0.204855 
0 8 5 1 0.301243 0.0184973 
0 6 5 1 0.310264 0.0133916 
0 2 2.5 1 0.31656 -0.153988 
0 4 2.5 1 0.305026 -0.129803 
0 4 5 1 0.321254 0.00717169 
0 2 5 1 0.334936 -0.000571866 
0.5 0.5 -0.5 1 0.269206 -0.366151 
0.5 0.5 6 1 0.319899 0.064353 
10.5 0.5 -0.5 1 -0.334175 -0.262085 
10.5 0.5 6 1 -0.310641 0.120564 
10.5 10.5 -0.5 1 -0.13606 -0.14094 
10.5 10.5 6 1 -0.116941 0.101883 
0.5 10.5 -0.5 1 0.245745 -0.194476 
0.5 10.5 6 1 0.275473 0.0667853 
0.5 5.5 9.5 1 0.313208 0.249104 
10.5 5.5 9.5 1 -0.179617 0.275801 
0.5 6.5 -0.5 1 0.252502 -0.243919 
0.5 8.5 -0.5 1 0.248835 -0.217087 
0.5 8.5 4.5 1 0.273619 -0.000257887 
0.5 6.5 4.5 1 0.279728 -0.00699462 
0.5 2.5 2 1 0.279089 -0.172559 
0.5 4.5 2 1 0.271846 -0.147254 
0.5 4.5 4.5 1 0.287125 -0.0151514 
0.5 2.5 4.5 1 0.296265 -0.0252303 
