-0.57736 -0.378128 -0.523642 -0.00431455 
-0.109476 -0.336216 -0.0903061 -0.0645012 
0.25491 -0.433493 0.259836 -0.0439238 
-0.310617 -0.571982 -0.247364 0.0687326 
-0.57736 -0.378128 -0.109476 -0.336216 
-0.109476 -0.336216 0.25491 -0.433493 
0.25491 -0.433493 -0.310617 -0.571982 
-0.310617 -0.571982 -0.57736 -0.378128 
-0.523642 -0.00431455 -0.391143 0.249691 
-0.391143 0.249691 -0.247364 0.0687326 
-0.0903061 -0.0645012 0.0622866 0.103401 
0.0622866 0.103401 0.259836 -0.0439238 
-0.391143 0.249691 0.0622866 0.103401 
-0.523642 -0.00431455 -0.0903061 -0.0645012 
-0.247364 0.0687326 0.259836 -0.0439238 
-0.453684 -0.468009 -0.39132 -0.513331 
-0.39132 -0.513331 -0.342018 -0.0733226 
-0.342018 -0.0733226 -0.405868 -0.0777124 
-0.405868 -0.0777124 -0.453684 -0.468009 
-0.521257 -0.239285 -0.479716 -0.251664 
-0.479716 -0.251664 -0.457402 -0.0812555 
-0.457402 -0.0812555 -0.49987 -0.0841752 
-0.49987 -0.0841752 -0.521257 -0.239285 
