0 0 0 1 0.322233 -0.097318 
0 0 6.5 1 0.326846 0.32947 
10 0 0 1 -0.316821 -0.137106 
10 0 6.5 1 -0.363435 0.301975 
10 10 0 1 -0.217142 -0.0149149 
10 10 6.5 1 -0.23995 0.250352 
0 10 0 1 0.175354 0.00719453 
0 10 6.5 1 0.171286 0.26792 
0 5 10 1 0.228517 0.481385 
10 5 10 1 -0.304052 0.464514 
0 6 0 1 0.218177 -0.0232766 
0 8 0 1 0.194991 -0.00677831 
0 8 5 1 0.192383 0.20819 
0 6 5 1 0.2163 0.211242 
0 2 2.5 1 0.280328 0.0725173 
0 4 2.5 1 0.245589 0.0830096 
0 4 5 1 0.245189 0.214928 
0 2 5 1 0.280782 0.21947 
0.5 0.5 -0.5 1 0.280548 -0.120436 
0.5 0.5 6 1 0.281876 0.289149 
10.5 0.5 -0.5 1 -0.337602 -0.159588 
10.5 0.5 6 1 -0.384075 0.261277 
10.5 10.5 -0.5 1 -0.232127 -0.0314355 
10.5 10.5 6 1 -0.255118 0.227091 
0.5 10.5 -0.5 1 0.152383 -0.00946799 
0.5 10.5 6 1 0.14736 0.244749 
0.5 5.5 9.5 1 0.196211 0.445627 
10.5 5.5 9.5 1 -0.321758 0.428279 
0.5 6.5 -0.5 1 0.190095 -0.0421199 
0.5 8.5 -0.5 1 0.169712 -0.0244717 
0.5 8.5 4.5 1 0.166217 0.184746 
0.5 6.5 4.5 1 0.187115 0.185568 
0.5 2.5 2 1 0.243484 0.0461256 
0.5 4.5 2 1 0.213351 0.058933 
0.5 4.5 4.5 1 0.212235 0.186556 
0.5 2.5 4.5 1 0.243 0.187767 
