-0.604418 -0.19108 -0.600113 0.232624 
-0.16391 -0.102207 -0.146719 0.172111 
0.236731 -0.202956 0.276281 0.150587 
-0.110159 -0.421312 -0.0636094 0.226791 
-0.604418 -0.19108 -0.16391 -0.102207 
-0.16391 -0.102207 0.236731 -0.202956 
0.236731 -0.202956 -0.110159 -0.421312 
-0.110159 -0.421312 -0.604418 -0.19108 
-0.600113 0.232624 -0.381279 0.533749 
-0.381279 0.533749 -0.0636094 0.226791 
-0.146719 0.172111 0.0516188 0.338808 
0.0516188 0.338808 0.276281 0.150587 
-0.381279 0.533749 0.0516188 0.338808 
-0.600113 0.232624 -0.146719 0.172111 
-0.0636094 0.226791 0.276281 0.150587 
-0.359787 -0.305032 -0.246949 -0.357594 
-0.246949 -0.357594 -0.222824 0.0858116 
-0.222824 0.0858116 -0.343477 0.100237 
-0.343477 0.100237 -0.359787 -0.305032 
-0.531873 -0.0540661 -0.449259 -0.0784939 
-0.449259 -0.0784939 -0.443822 0.112234 
-0.443822 0.112234 -0.52859 0.122369 
-0.52859 0.122369 -0.531873 -0.0540661 
