0.249915 -0.0797338 0.273211 0.283982 
-0.119886 -0.282937 -0.127634 0.362788 
-0.571504 -0.106058 -0.614677 0.307778 
-0.141941 -0.00885586 -0.146304 0.267685 
0.249915 -0.0797338 -0.119886 -0.282937 
-0.119886 -0.282937 -0.571504 -0.106058 
-0.571504 -0.106058 -0.141941 -0.00885586 
-0.141941 -0.00885586 0.249915 -0.0797338 
0.273211 0.283982 0.0368589 0.461005 
0.0368589 0.461005 -0.146304 0.267685 
-0.127634 0.362788 -0.450626 0.646903 
-0.450626 0.646903 -0.614677 0.307778 
0.0368589 0.461005 -0.450626 0.646903 
0.273211 0.283982 -0.127634 0.362788 
-0.146304 0.267685 -0.614677 0.307778 
-0.00985749 -0.0327467 -0.0791898 -0.0202061 
-0.0791898 -0.0202061 -0.0798838 0.200244 
-0.0798838 0.200244 -0.00733522 0.199218 
-0.00733522 0.199218 -0.00985749 -0.0327467 
0.158747 0.0639485 0.070317 0.0727337 
0.070317 0.0727337 0.0736424 0.198073 
0.0736424 0.198073 0.164608 0.196787 
0.164608 0.196787 0.158747 0.0639485 
