0 0 0 1 0.294995 -0.306379 
0 0 6.5 1 0.256027 0.0435785 
10 0 0 1 0.258089 -0.602785 
10 0 6.5 1 0.180866 0.116708 
10 10 0 1 -0.59579 -0.538603 
10 10 6.5 1 -0.627221 -0.000309396 
0 10 0 1 -0.187007 -0.313086 
0 10 6.5 1 -0.211996 -0.0123499 
0 5 10 1 -0.0119929 0.182653 
10 5 10 1 -0.305537 0.363697 
0 6 0 1 -0.0118188 -0.310648 
0 8 0 1 -0.102001 -0.311903 
0 8 5 1 -0.123054 -0.0728725 
0 6 5 1 -0.0348031 -0.064462 
0 2 2.5 1 0.172242 -0.17595 
0 4 2.5 1 0.0713746 -0.181473 
0 4 5 1 0.0589087 -0.055531 
0 2 5 1 0.158605 -0.0460297 
0.5 0.5 -0.5 1 0.26852 -0.34211 
0.5 0.5 6 1 0.229365 0.0152365 
10.5 0.5 -0.5 1 0.200757 -0.690241 
10.5 0.5 6 1 0.122981 0.0611615 
10.5 10.5 -0.5 1 -0.663603 -0.600973 
10.5 10.5 6 1 -0.693778 -0.0450228 
0.5 10.5 -0.5 1 -0.217601 -0.343715 
0.5 10.5 6 1 -0.242448 -0.0375407 
0.5 5.5 9.5 1 -0.0409913 0.159178 
10.5 5.5 9.5 1 -0.369871 0.325316 
0.5 6.5 -0.5 1 -0.0412281 -0.343133 
0.5 8.5 -0.5 1 -0.132065 -0.343433 
0.5 8.5 4.5 1 -0.153044 -0.0999347 
0.5 6.5 4.5 1 -0.0641793 -0.0922047 
0.5 2.5 2 1 0.14456 -0.207803 
0.5 4.5 2 1 0.0427543 -0.212415 
0.5 4.5 4.5 1 0.0302822 -0.0839878 
0.5 2.5 4.5 1 0.130887 -0.0752365 
