0 0 0 1 -0.520093 -0.796465 
0 0 6.5 1 -0.479489 -0.06782 
10 0 0 1 -0.248948 -0.477846 
10 0 6.5 1 -0.244894 -0.128167 
10 10 0 1 0.284057 -0.457851 
10 10 6.5 1 0.255797 -0.111182 
0 10 0 1 0.599468 -0.750927 
0 10 6.5 1 0.506417 -0.0350648 
0 5 10 1 0.00396518 0.270286 
10 5 10 1 0.000128 0.0508581 
0 6 0 1 0.15474 -0.769016 
0 8 0 1 0.377615 -0.75995 
0 8 5 1 0.324791 -0.191706 
0 6 5 1 0.122873 -0.198729 
0 2 2.5 1 -0.28854 -0.485757 
0 4 2.5 1 -0.0747937 -0.477724 
0 4 5 1 -0.0798891 -0.205781 
0 2 5 1 -0.283501 -0.212863 
0.5 0.5 -0.5 1 -0.441994 -0.823089 
0.5 0.5 6 1 -0.41198 -0.119373 
10.5 0.5 -0.5 1 -0.216744 -0.4975 
10.5 0.5 6 1 -0.214693 -0.153587 
10.5 10.5 -0.5 1 0.304899 -0.477819 
10.5 10.5 6 1 0.27596 -0.136809 
0.5 10.5 -0.5 1 0.628587 -0.779216 
0.5 10.5 6 1 0.535745 -0.0873629 
0.5 5.5 9.5 1 0.0498133 0.2098 
10.5 5.5 9.5 1 0.0246174 0.0228559 
0.5 6.5 -0.5 1 0.203188 -0.796649 
0.5 8.5 -0.5 1 0.416355 -0.787914 
0.5 8.5 4.5 1 0.362089 -0.239395 
0.5 6.5 4.5 1 0.168172 -0.246237 
0.5 2.5 2 1 -0.223898 -0.523883 
0.5 4.5 2 1 -0.0190954 -0.516101 
0.5 4.5 4.5 1 -0.0265246 -0.253108 
0.5 2.5 4.5 1 -0.222005 -0.260005 
