0 0 0 1 0.344801 -0.405391 
0 0 6.5 1 0.297018 0.00415131 
10 0 0 1 -0.323388 -0.539757 
10 0 6.5 1 -0.34636 -0.028832 
10 10 0 1 -0.320473 -0.367707 
10 10 6.5 1 -0.334017 -0.0739168 
0 10 0 1 0.0963738 -0.304812 
0 10 6.5 1 0.0729118 -0.0476292 
0 5 10 1 0.143614 0.133908 
10 5 10 1 -0.347204 0.131635 
0 6 0 1 0.169389 -0.334373 
0 8 0 1 0.129916 -0.318392 
0 8 5 1 0.109536 -0.103176 
0 6 5 1 0.146262 -0.100207 
0 2 2.5 1 0.257977 -0.232337 
0 4 2.5 1 0.203032 -0.223279 
0 4 5 1 0.189916 -0.0966786 
0 2 5 1 0.242662 -0.0924148 
0.5 0.5 -0.5 1 0.302581 -0.43518 
0.5 0.5 6 1 0.257364 -0.030837 
10.5 0.5 -0.5 1 -0.361987 -0.573887 
10.5 0.5 6 1 -0.382486 -0.0710714 
10.5 10.5 -0.5 1 -0.342788 -0.389438 
10.5 10.5 6 1 -0.355484 -0.0983358 
0.5 10.5 -0.5 1 0.0724271 -0.324571 
0.5 10.5 6 1 0.0498575 -0.0694448 
0.5 5.5 9.5 1 0.115114 0.105551 
10.5 5.5 9.5 1 -0.373461 0.0986601 
0.5 6.5 -0.5 1 0.14037 -0.357223 
0.5 8.5 -0.5 1 0.10367 -0.339586 
0.5 8.5 4.5 1 0.0841133 -0.126245 
0.5 6.5 4.5 1 0.118237 -0.125276 
0.5 2.5 2 1 0.222061 -0.261087 
0.5 4.5 2 1 0.171229 -0.249436 
0.5 4.5 4.5 1 0.158715 -0.124126 
0.5 2.5 4.5 1 0.207502 -0.122741 
