-0.605738 -0.193501 -0.592637 0.224847 
-0.161239 -0.115251 -0.141086 0.157681 
0.235468 -0.218713 0.275665 0.136631 
-0.132208 -0.424135 -0.0809377 0.225051 
-0.605738 -0.193501 -0.161239 -0.115251 
-0.161239 -0.115251 0.235468 -0.218713 
0.235468 -0.218713 -0.132208 -0.424135 
-0.132208 -0.424135 -0.605738 -0.193501 
-0.592637 0.224847 -0.380162 0.520447 
-0.380162 0.520447 -0.0809377 0.225051 
-0.141086 0.157681 0.05473 0.322582 
0.05473 0.322582 0.275665 0.136631 
-0.380162 0.520447 0.05473 0.322582 
-0.592637 0.224847 -0.141086 0.157681 
-0.0809377 0.225051 0.275665 0.136631 
-0.372988 -0.306862 -0.264563 -0.359671 
-0.264563 -0.359671 -0.235519 0.0841719 
-0.235519 0.0841719 -0.350969 0.09736 
-0.350969 0.09736 -0.372988 -0.306862 
-0.533658 -0.0568252 -0.455159 -0.0805632 
-0.455159 -0.0805632 -0.446583 0.108282 
-0.446583 0.108282 -0.527069 0.117476 
-0.527069 0.117476 -0.533658 -0.0568252 
