0 0 0 1 0.0334101 -0.249153 
0 0 6.5 1 0.0100823 0.00658219 
10 0 0 1 0.466719 -0.249655 
10 0 6.5 1 0.426203 0.0659972 
10 10 0 1 0.388801 -0.409025 
10 10 6.5 1 0.323066 0.138585 
0 10 0 1 -0.249036 -0.361093 
0 10 6.5 1 -0.274875 0.0282226 
0 5 10 1 -0.116519 0.174784 
10 5 10 1 0.362541 0.297273 
0 6 0 1 -0.106635 -0.304656 
0 8 0 1 -0.171067 -0.330192 
0 8 5 1 -0.191049 -0.057155 
0 6 5 1 -0.126289 -0.05536 
0 2 2.5 1 -0.0157624 -0.157761 
0 4 2.5 1 -0.0621791 -0.167388 
0 4 5 1 -0.0716723 -0.0538462 
0 2 5 1 -0.0249882 -0.0525522 
0.5 0.5 -0.5 1 0.0437431 -0.273658 
0.5 0.5 6 1 0.0195099 -0.0099985 
10.5 0.5 -0.5 1 0.495599 -0.280295 
10.5 0.5 6 1 0.452822 0.0475217 
10.5 10.5 -0.5 1 0.435496 -0.474579 
10.5 10.5 6 1 0.363328 0.110704 
0.5 10.5 -0.5 1 -0.245931 -0.404171 
0.5 10.5 6 1 -0.273017 0.00380421 
0.5 5.5 9.5 1 -0.109631 0.160798 
10.5 5.5 9.5 1 0.392973 0.28453 
0.5 6.5 -0.5 1 -0.0987559 -0.337861 
0.5 8.5 -0.5 1 -0.16506 -0.367734 
0.5 8.5 4.5 1 -0.185989 -0.0828217 
0.5 6.5 4.5 1 -0.119304 -0.0787003 
0.5 2.5 2 1 -0.00629199 -0.181013 
0.5 4.5 2 1 -0.0535128 -0.192868 
0.5 4.5 4.5 1 -0.0634134 -0.0752462 
0.5 2.5 4.5 1 -0.0158938 -0.0723094 
