0.271808 -0.487624 0.220283 0.12145 
-0.225023 -0.307273 -0.265051 0.0550566 
0.126022 -0.178976 0.102211 0.0827309 
0.571458 -0.235872 0.546517 0.134081 
0.271808 -0.487624 -0.225023 -0.307273 
-0.225023 -0.307273 0.126022 -0.178976 
0.126022 -0.178976 0.571458 -0.235872 
0.571458 -0.235872 0.271808 -0.487624 
0.220283 0.12145 0.405268 0.386781 
0.405268 0.386781 0.546517 0.134081 
-0.265051 0.0550566 -0.0678257 0.238944 
-0.0678257 0.238944 0.102211 0.0827309 
0.405268 0.386781 -0.0678257 0.238944 
0.220283 0.12145 -0.265051 0.0550566 
0.546517 0.134081 0.102211 0.0827309 
0.485133 -0.308398 0.531977 -0.269042 
0.531977 -0.269042 0.510573 0.0382599 
0.510573 0.0382599 0.460851 0.0273694 
0.460851 0.0273694 0.485133 -0.308398 
0.343012 -0.210396 0.414812 -0.172655 
0.414812 -0.172655 0.400697 0.014194 
0.400697 0.014194 0.326443 -0.00206964 
0.326443 -0.00206964 0.343012 -0.210396 
