-0.201667 -0.0730493 -0.185531 0.185134 
0.189953 -0.105987 0.217262 0.151257 
0.305874 -0.243734 0.357058 0.179744 
-0.336841 -0.189678 -0.316313 0.236378 
-0.201667 -0.0730493 0.189953 -0.105987 
0.189953 -0.105987 0.305874 -0.243734 
0.305874 -0.243734 -0.336841 -0.189678 
-0.336841 -0.189678 -0.201667 -0.0730493 
-0.185531 0.185134 -0.224038 0.387137 
-0.224038 0.387137 -0.316313 0.236378 
0.217262 0.151257 0.28991 0.343911 
0.28991 0.343911 0.357058 0.179744 
-0.224038 0.387137 0.28991 0.343911 
-0.185531 0.185134 0.217262 0.151257 
-0.316313 0.236378 0.357058 0.179744 
-0.266217 -0.128743 -0.297515 -0.155747 
-0.297515 -0.155747 -0.282469 0.131482 
-0.282469 0.131482 -0.251852 0.129106 
-0.251852 0.129106 -0.266217 -0.128743 
-0.213124 0.0173088 -0.233972 0.00872276 
-0.233972 0.00872276 -0.227054 0.127181 
-0.227054 0.127181 -0.206559 0.125591 
-0.206559 0.125591 -0.213124 0.0173088 
