0.314861 -0.446988 0.360611 0.0359281 
-0.330485 -0.313331 -0.288758 0.0860022 
-0.100231 -0.212879 -0.0748479 0.0378744 
0.303479 -0.278515 0.330245 0.00281428 
0.314861 -0.446988 -0.330485 -0.313331 
-0.330485 -0.313331 -0.100231 -0.212879 
-0.100231 -0.212879 0.303479 -0.278515 
0.303479 -0.278515 0.314861 -0.446988 
0.360611 0.0359281 0.359479 0.204918 
0.359479 0.204918 0.330245 0.00281428 
-0.288758 0.0860022 -0.140552 0.221172 
-0.140552 0.221172 -0.0748479 0.0378744 
0.359479 0.204918 -0.140552 0.221172 
0.360611 0.0359281 -0.288758 0.0860022 
0.330245 0.00281428 -0.0748479 0.0378744 
0.306662 -0.325626 0.304926 -0.299923 
0.304926 -0.299923 0.327402 -0.0635546 
0.327402 -0.0635546 0.331377 -0.0655408 
0.331377 -0.0655408 0.306662 -0.325626 
0.326912 -0.233299 0.32254 -0.212204 
0.32254 -0.212204 0.336235 -0.067968 
0.336235 -0.067968 0.342307 -0.0710014 
0.342307 -0.0710014 0.326912 -0.233299 
