-0.597897 -0.291468 -0.543535 0.0910683 
-0.134659 -0.257567 -0.108237 0.0112008 
0.238905 -0.358426 0.262185 0.0169721 
-0.26944 -0.489731 -0.199575 0.152572 
-0.597897 -0.291468 -0.134659 -0.257567 
-0.134659 -0.257567 0.238905 -0.358426 
0.238905 -0.358426 -0.26944 -0.489731 
-0.26944 -0.489731 -0.597897 -0.291468 
-0.543535 0.0910683 -0.382464 0.354895 
-0.382464 0.354895 -0.199575 0.152572 
-0.108237 0.0112008 0.0605623 0.174685 
0.0605623 0.174685 0.262185 0.0169721 
-0.382464 0.354895 0.0605623 0.174685 
-0.543535 0.0910683 -0.108237 0.0112008 
-0.199575 0.152572 0.262185 0.0169721 
-0.443418 -0.384714 -0.366969 -0.430861 
-0.366969 -0.430861 -0.314764 0.00953119 
-0.314764 0.00953119 -0.39381 0.00813854 
-0.39381 0.00813854 -0.443418 -0.384714 
-0.532957 -0.152958 -0.481054 -0.167252 
-0.481054 -0.167252 -0.457956 0.00700842 
-0.457956 0.00700842 -0.511052 0.00607298 
-0.511052 0.00607298 -0.532957 -0.152958 
