0 0 0 1 0.0172075 -0.294149 
0 0 6.5 1 -0.00213483 -0.0358883 
10 0 0 1 0.452243 -0.29706 
10 0 6.5 1 0.41147 0.015761 
10 10 0 1 0.399078 -0.451531 
10 10 6.5 1 0.333147 0.0925678 
0 10 0 1 -0.258869 -0.404022 
0 10 6.5 1 -0.274435 -0.00620549 
0 5 10 1 -0.119859 0.134444 
10 5 10 1 0.35741 0.241928 
0 6 0 1 -0.118727 -0.348248 
0 8 0 1 -0.181895 -0.373388 
0 8 5 1 -0.19557 -0.0943045 
0 6 5 1 -0.133249 -0.0941975 
0 2 2.5 1 -0.0288413 -0.200238 
0 4 2.5 1 -0.0735316 -0.208925 
0 4 5 1 -0.0808817 -0.0941076 
0 2 5 1 -0.0362606 -0.094031 
0.5 0.5 -0.5 1 0.0279706 -0.319094 
0.5 0.5 6 1 0.00769953 -0.0524595 
10.5 0.5 -0.5 1 0.481572 -0.327794 
10.5 0.5 6 1 0.43814 -0.00259351 
10.5 10.5 -0.5 1 0.448544 -0.517442 
10.5 10.5 6 1 0.374942 0.0652275 
0.5 10.5 -0.5 1 -0.255043 -0.448457 
0.5 10.5 6 1 -0.271509 -0.0304307 
0.5 5.5 9.5 1 -0.112258 0.120667 
10.5 5.5 9.5 1 0.38804 0.229153 
0.5 6.5 -0.5 1 -0.110204 -0.382253 
0.5 8.5 -0.5 1 -0.175185 -0.411955 
0.5 8.5 4.5 1 -0.189668 -0.120012 
0.5 6.5 4.5 1 -0.125552 -0.117587 
0.5 2.5 2 1 -0.0188767 -0.223744 
0.5 4.5 2 1 -0.0642849 -0.234705 
0.5 4.5 4.5 1 -0.0720282 -0.115562 
0.5 2.5 4.5 1 -0.0266716 -0.113846 
