-0.25961 0.0353206 -0.272333 0.312055 
0.136661 0.042174 0.145426 0.303172 
0.307768 -0.0541688 0.337009 0.36811 
-0.331923 -0.0748528 -0.360699 0.390271 
-0.25961 0.0353206 0.136661 0.042174 
0.136661 0.042174 0.307768 -0.0541688 
0.307768 -0.0541688 -0.331923 -0.0748528 
-0.331923 -0.0748528 -0.25961 0.0353206 
-0.272333 0.312055 -0.315616 0.548658 
-0.315616 0.548658 -0.360699 0.390271 
0.145426 0.303172 0.226767 0.519434 
0.226767 0.519434 0.337009 0.36811 
-0.315616 0.548658 0.226767 0.519434 
-0.272333 0.312055 0.145426 0.303172 
-0.360699 0.390271 0.337009 0.36811 
-0.293978 -0.0170414 -0.31075 -0.042594 
-0.31075 -0.042594 -0.328402 0.26634 
-0.328402 0.26634 -0.308752 0.259413 
-0.308752 0.259413 -0.293978 -0.0170414 
-0.274456 0.132517 -0.286521 0.125693 
-0.286521 0.125693 -0.292989 0.253857 
-0.292989 0.253857 -0.280063 0.249301 
-0.280063 0.249301 -0.274456 0.132517 
