0.0853099 -0.246426 0.0900601 0.423903 
-0.247236 -0.0508327 -0.269503 0.314657 
0.15879 0.00927695 0.164866 0.291813 
0.591138 -0.0880512 0.639327 0.347407 
0.0853099 -0.246426 -0.247236 -0.0508327 
-0.247236 -0.0508327 0.15879 0.00927695 
0.15879 0.00927695 0.591138 -0.0880512 
0.591138 -0.0880512 0.0853099 -0.246426 
0.0900601 0.423903 0.450924 0.712188 
0.450924 0.712188 0.639327 0.347407 
-0.269503 0.314657 -0.0259193 0.490943 
-0.0259193 0.490943 0.164866 0.291813 
0.450924 0.712188 -0.0259193 0.490943 
0.0900601 0.423903 -0.269503 0.314657 
0.639327 0.347407 0.164866 0.291813 
0.436746 -0.136392 0.519592 -0.110452 
0.519592 -0.110452 0.553566 0.241888 
0.553566 0.241888 0.467083 0.243924 
0.467083 0.243924 0.436746 -0.136392 
0.232255 0.0129385 0.351578 0.0312478 
0.351578 0.0312478 0.36449 0.24634 
0.36449 0.24634 0.240824 0.249252 
0.240824 0.249252 0.232255 0.0129385 
