0.00251357 -0.326636 -0.0126757 -0.0659276 
0.438857 -0.333974 0.400018 -0.0223042 
0.403293 -0.489195 0.340048 0.0539009 
-0.268861 -0.436685 -0.275595 -0.0316786 
0.00251357 -0.326636 0.438857 -0.333974 
0.438857 -0.333974 0.403293 -0.489195 
0.403293 -0.489195 -0.268861 -0.436685 
-0.268861 -0.436685 0.00251357 -0.326636 
-0.0126757 -0.0659276 -0.123317 0.106125 
-0.123317 0.106125 -0.275595 -0.0316786 
0.400018 -0.0223042 0.354201 0.200143 
0.354201 0.200143 0.340048 0.0539009 
-0.123317 0.106125 0.354201 0.200143 
-0.0126757 -0.0659276 0.400018 -0.0223042 
-0.275595 -0.0316786 0.340048 0.0539009 
-0.130427 -0.380547 -0.192651 -0.40578 
-0.192651 -0.40578 -0.200656 -0.121692 
-0.200656 -0.121692 -0.140154 -0.122496 
-0.140154 -0.122496 -0.130427 -0.380547 
-0.040742 -0.230943 -0.0841596 -0.239206 
-0.0841596 -0.239206 -0.089458 -0.12317 
-0.089458 -0.12317 -0.046363 -0.123742 
-0.046363 -0.123742 -0.040742 -0.230943 
