-0.596744 -0.199408 -0.629439 0.24649 
-0.175583 -0.0664461 -0.173448 0.21441 
0.243233 -0.146574 0.273777 0.202221 
-0.0160379 -0.406555 0.00986728 0.239049 
-0.596744 -0.199408 -0.175583 -0.0664461 
-0.175583 -0.0664461 0.243233 -0.146574 
0.243233 -0.146574 -0.0160379 -0.406555 
-0.0160379 -0.406555 -0.596744 -0.199408 
-0.629439 0.24649 -0.38387 0.575344 
-0.38387 0.575344 0.00986728 0.239049 
-0.173448 0.21441 0.0322279 0.392229 
0.0322279 0.392229 0.273777 0.202221 
-0.38387 0.575344 0.0322279 0.392229 
-0.629439 0.24649 -0.173448 0.21441 
0.00986728 0.239049 0.273777 0.202221 
-0.301449 -0.304745 -0.170521 -0.351449 
-0.170521 -0.351449 -0.166512 0.0923077 
-0.166512 0.0923077 -0.308348 0.106219 
-0.308348 0.106219 -0.301449 -0.304745 
-0.521233 -0.0568683 -0.420942 -0.0802063 
-0.420942 -0.0802063 -0.428589 0.118013 
-0.428589 0.118013 -0.531817 0.128138 
-0.531817 0.128138 -0.521233 -0.0568683 
