0 0 0 1 -0.123167 -0.393543 
0 0 6.5 1 -0.103679 -0.127218 
10 0 0 1 0.301644 -0.442948 
10 0 6.5 1 0.30376 -0.147416 
10 10 0 1 0.349202 -0.643387 
10 10 6.5 1 0.349118 -0.125185 
0 10 0 1 -0.355089 -0.530826 
0 10 6.5 1 -0.308622 -0.0961739 
0 5 10 1 -0.168416 0.0490223 
10 5 10 1 0.32138 0.0461392 
0 6 0 1 -0.233948 -0.459118 
0 8 0 1 -0.287642 -0.490902 
0 8 5 1 -0.25838 -0.189983 
0 6 5 1 -0.209775 -0.188923 
0 2 2.5 1 -0.144967 -0.297528 
0 4 2.5 1 -0.179809 -0.30827 
0 4 5 1 -0.169823 -0.188052 
0 2 5 1 -0.136402 -0.187323 
0.5 0.5 -0.5 1 -0.112296 -0.422121 
0.5 0.5 6 1 -0.0927393 -0.147336 
10.5 0.5 -0.5 1 0.327095 -0.476209 
10.5 0.5 6 1 0.328082 -0.170239 
10.5 10.5 -0.5 1 0.397793 -0.714748 
10.5 10.5 6 1 0.393745 -0.163679 
0.5 10.5 -0.5 1 -0.347937 -0.585088 
0.5 10.5 6 1 -0.299909 -0.127482 
0.5 5.5 9.5 1 -0.157367 0.030576 
10.5 5.5 9.5 1 0.351945 0.0252209 
0.5 6.5 -0.5 1 -0.223774 -0.499218 
0.5 8.5 -0.5 1 -0.278513 -0.537075 
0.5 8.5 4.5 1 -0.248521 -0.221953 
0.5 6.5 4.5 1 -0.199173 -0.217619 
0.5 2.5 2 1 -0.134023 -0.325122 
0.5 4.5 2 1 -0.168996 -0.338807 
0.5 4.5 4.5 1 -0.158896 -0.214082 
0.5 2.5 4.5 1 -0.125399 -0.21114 
