0 0 0 1 -0.207809 -0.0454231 
0 0 6.5 1 -0.195014 0.215213 
10 0 0 1 0.183967 -0.0736645 
10 0 6.5 1 0.210025 0.183818 
10 10 0 1 0.307569 -0.204029 
10 10 6.5 1 0.358119 0.218442 
0 10 0 1 -0.334083 -0.159408 
0 10 6.5 1 -0.319896 0.271651 
0 5 10 1 -0.233589 0.42308 
10 5 10 1 0.285381 0.380651 
0 6 0 1 -0.268092 -0.0998391 
0 8 0 1 -0.297333 -0.126234 
0 8 5 1 -0.286414 0.163592 
0 6 5 1 -0.257316 0.160264 
0 2 2.5 1 -0.219495 0.0459142 
0 4 2.5 1 -0.239108 0.0378008 
0 4 5 1 -0.233781 0.157573 
0 2 5 1 -0.214354 0.155351 
0.5 0.5 -0.5 1 -0.192605 -0.0701087 
0.5 0.5 6 1 -0.179054 0.194211 
10.5 0.5 -0.5 1 0.205597 -0.0986185 
10.5 0.5 6 1 0.232857 0.162453 
10.5 10.5 -0.5 1 0.346693 -0.248827 
10.5 10.5 6 1 0.401015 0.183363 
0.5 10.5 -0.5 1 -0.312377 -0.203577 
0.5 10.5 6 1 -0.296477 0.237636 
0.5 5.5 9.5 1 -0.213874 0.400673 
10.5 5.5 9.5 1 0.316432 0.357546 
0.5 6.5 -0.5 1 -0.249458 -0.133464 
0.5 8.5 -0.5 1 -0.277249 -0.164432 
0.5 8.5 4.5 1 -0.265253 0.131329 
0.5 6.5 4.5 1 -0.237776 0.131413 
0.5 2.5 2 1 -0.202957 0.0204086 
0.5 4.5 2 1 -0.221381 0.00968021 
0.5 4.5 4.5 1 -0.215661 0.131481 
0.5 2.5 4.5 1 -0.197478 0.131537 
