-0.325938 -0.156985 -0.360235 0.125786 
0.0722069 -0.0947535 0.0518244 0.154489 
0.306463 -0.185037 0.283203 0.205986 
-0.312603 -0.311347 -0.371126 0.169038 
-0.325938 -0.156985 0.0722069 -0.0947535 
0.0722069 -0.0947535 0.306463 -0.185037 
0.306463 -0.185037 -0.312603 -0.311347 
-0.312603 -0.311347 -0.325938 -0.156985 
-0.360235 0.125786 -0.3888 0.343887 
-0.3888 0.343887 -0.371126 0.169038 
0.0518244 0.154489 0.128866 0.345978 
0.128866 0.345978 0.283203 0.205986 
-0.3888 0.343887 0.128866 0.345978 
-0.360235 0.125786 0.0518244 0.154489 
-0.371126 0.169038 0.283203 0.205986 
-0.319672 -0.229526 -0.316567 -0.265464 
-0.316567 -0.265464 -0.355635 0.0556503 
-0.355635 0.0556503 -0.354474 0.0568174 
-0.354474 0.0568174 -0.319672 -0.229526 
-0.338341 -0.0605164 -0.33766 -0.0730549 
-0.33766 -0.0730549 -0.353545 0.0577504 
-0.353545 0.0577504 -0.352786 0.0585134 
-0.352786 0.0585134 -0.338341 -0.0605164 
