0.0216043 -0.282972 0.00109051 -0.0254362 
0.45619 -0.284879 0.415172 0.0284947 
0.396977 -0.439961 0.330692 0.104781 
-0.256046 -0.393145 -0.27436 0.00241949 
0.0216043 -0.282972 0.45619 -0.284879 
0.45619 -0.284879 0.396977 -0.439961 
0.396977 -0.439961 -0.256046 -0.393145 
-0.256046 -0.393145 0.0216043 -0.282972 
0.00109051 -0.0254362 -0.11892 0.144334 
-0.11892 0.144334 -0.27436 0.00241949 
0.415172 0.0284947 0.35856 0.255916 
0.35856 0.255916 0.330692 0.104781 
-0.11892 0.144334 0.35856 0.255916 
0.00109051 -0.0254362 0.415172 0.0284947 
-0.27436 0.00241949 0.330692 0.104781 
-0.115341 -0.337313 -0.178822 -0.362503 
-0.178822 -0.362503 -0.19422 -0.0850093 
-0.19422 -0.0850093 -0.13129 -0.0845244 
-0.13129 -0.0845244 -0.115341 -0.337313 
-0.025292 -0.189686 -0.0704098 -0.198573 
-0.0704098 -0.198573 -0.0783635 -0.0841167 
-0.0783635 -0.0841167 -0.0332301 -0.0837689 
-0.0332301 -0.0837689 -0.025292 -0.189686 
