0.285002 -0.254825 0.252108 0.0926826 
0.178523 -0.566959 0.110974 0.126637 
-0.582668 -0.472133 -0.638525 0.0245042 
-0.176761 -0.250948 -0.206873 0.0389574 
0.285002 -0.254825 0.178523 -0.566959 
0.178523 -0.566959 -0.582668 -0.472133 
-0.582668 -0.472133 -0.176761 -0.250948 
-0.176761 -0.250948 0.285002 -0.254825 
0.252108 0.0926826 -0.0152615 0.23526 
-0.0152615 0.23526 -0.206873 0.0389574 
0.110974 0.126637 -0.359824 0.384351 
-0.359824 0.384351 -0.638525 0.0245042 
-0.0152615 0.23526 -0.359824 0.384351 
0.252108 0.0926826 0.110974 0.126637 
-0.206873 0.0389574 -0.638525 0.0245042 
-0.0116168 -0.252335 -0.0970043 -0.251618 
-0.0970043 -0.251618 -0.120562 -0.0212853 
-0.120562 -0.0212853 -0.0356038 -0.0138358 
-0.0356038 -0.0138358 -0.0116168 -0.252335 
0.166228 -0.125909 0.0678417 -0.129776 
0.0678417 -0.129776 0.0556033 -0.00583839 
0.0556033 -0.00583839 0.153775 0.00276968 
0.153775 0.00276968 0.166228 -0.125909 
