-0.30708 -0.0554522 -0.338436 0.224923 
0.0895084 -0.0117927 0.0772823 0.241908 
0.301137 -0.0990325 0.29516 0.303493 
-0.324992 -0.187964 -0.380545 0.286157 
-0.30708 -0.0554522 0.0895084 -0.0117927 
0.0895084 -0.0117927 0.301137 -0.0990325 
0.301137 -0.0990325 -0.324992 -0.187964 
-0.324992 -0.187964 -0.30708 -0.0554522 
-0.338436 0.224923 -0.377409 0.454173 
-0.377409 0.454173 -0.380545 0.286157 
0.0772823 0.241908 0.15441 0.446237 
0.15441 0.446237 0.29516 0.303493 
-0.377409 0.454173 0.15441 0.446237 
-0.338436 0.224923 0.0772823 0.241908 
-0.380545 0.286157 0.29516 0.303493 
-0.315541 -0.118049 -0.319704 -0.148847 
-0.319704 -0.148847 -0.356167 0.16665 
-0.356167 0.16665 -0.347761 0.163772 
-0.347761 0.163772 -0.315541 -0.118049 
-0.322233 0.0413447 -0.326319 0.0315973 
-0.326319 0.0315973 -0.341037 0.161469 
-0.341037 0.161469 -0.335537 0.159586 
-0.335537 0.159586 -0.322233 0.0413447 
