0 0 0 1 0.239155 -0.333907 
0 0 6.5 1 0.271511 0.0430016 
10 0 0 1 -0.333838 -0.432241 
10 0 6.5 1 -0.268297 0.160414 
10 10 0 1 -0.533154 -0.237253 
10 10 6.5 1 -0.491517 0.108701 
0 10 0 1 -0.0886052 -0.218885 
0 10 6.5 1 -0.0624705 0.0404292 
0 5 10 1 0.0894037 0.203492 
10 5 10 1 -0.382139 0.356213 
0 6 0 1 0.0144487 -0.25505 
0 8 0 1 -0.0405084 -0.235764 
0 8 5 1 -0.0194758 -0.0224141 
0 6 5 1 0.0364112 -0.0264436 
0 2 2.5 1 0.163842 -0.16908 
0 4 2.5 1 0.0893803 -0.153519 
0 4 5 1 0.100789 -0.0310852 
0 2 5 1 0.17575 -0.03649 
0.5 0.5 -0.5 1 0.194811 -0.358066 
0.5 0.5 6 1 0.227805 0.0181271 
10.5 0.5 -0.5 1 -0.401093 -0.469897 
10.5 0.5 6 1 -0.334116 0.120992 
10.5 10.5 -0.5 1 -0.571847 -0.259767 
10.5 10.5 6 1 -0.529734 0.0855873 
0.5 10.5 -0.5 1 -0.118461 -0.235759 
0.5 10.5 6 1 -0.0920376 0.0232179 
0.5 5.5 9.5 1 0.0543453 0.182905 
10.5 5.5 9.5 1 -0.430094 0.326594 
0.5 6.5 -0.5 1 -0.0198988 -0.274239 
0.5 8.5 -0.5 1 -0.0724531 -0.253721 
0.5 8.5 4.5 1 -0.0511659 -0.040669 
0.5 6.5 4.5 1 0.00235828 -0.0459748 
0.5 2.5 2 1 0.123623 -0.191557 
0.5 4.5 2 1 0.0524135 -0.174323 
0.5 4.5 4.5 1 0.0639934 -0.0520846 
0.5 2.5 4.5 1 0.135734 -0.0591962 
