-0.0542221 -0.399435 -0.0528402 -0.131713 
0.382767 -0.428017 0.359197 -0.118969 
0.393903 -0.604558 0.35275 -0.0619706 
-0.310486 -0.520106 -0.288302 -0.0933083 
-0.0542221 -0.399435 0.382767 -0.428017 
0.382767 -0.428017 0.393903 -0.604558 
0.393903 -0.604558 -0.310486 -0.520106 
-0.310486 -0.520106 -0.0542221 -0.399435 
-0.0528402 -0.131713 -0.141091 0.0443436 
-0.141091 0.0443436 -0.288302 -0.0933083 
0.359197 -0.118969 0.342404 0.0914122 
0.342404 0.0914122 0.35275 -0.0619706 
-0.141091 0.0443436 0.342404 0.0914122 
-0.0528402 -0.131713 0.359197 -0.118969 
-0.288302 -0.0933083 0.35275 -0.0619706 
-0.177967 -0.457705 -0.23706 -0.485531 
-0.23706 -0.485531 -0.225495 -0.187267 
-0.225495 -0.187267 -0.170421 -0.188487 
-0.170421 -0.188487 -0.177967 -0.457705 
-0.0874001 -0.300599 -0.126984 -0.309299 
-0.126984 -0.309299 -0.124695 -0.1895 
-0.124695 -0.1895 -0.0861224 -0.190354 
-0.0861224 -0.190354 -0.0874001 -0.300599 
