0.316258 -0.456677 0.359778 0.0308974 
-0.331155 -0.321291 -0.2881 0.0784629 
-0.0970473 -0.223209 -0.0715562 0.0280974 
0.308499 -0.2894 0.333974 -0.00600469 
0.316258 -0.456677 -0.331155 -0.321291 
-0.331155 -0.321291 -0.0970473 -0.223209 
-0.0970473 -0.223209 0.308499 -0.2894 
0.308499 -0.2894 0.316258 -0.456677 
0.359778 0.0308974 0.360527 0.197652 
0.360527 0.197652 0.333974 -0.00600469 
-0.2881 0.0784629 -0.138252 0.211543 
-0.138252 0.211543 -0.0715562 0.0280974 
0.360527 0.197652 -0.138252 0.211543 
0.359778 0.0308974 -0.2881 0.0784629 
0.333974 -0.00600469 -0.0715562 0.0280974 
0.310664 -0.336081 0.309482 -0.310604 
0.309482 -0.310604 0.330893 -0.0722045 
0.330893 -0.0722045 0.334208 -0.0736455 
0.334208 -0.0736455 0.310664 -0.336081 
0.328692 -0.241212 0.325239 -0.220741 
0.325239 -0.220741 0.338261 -0.0754069 
0.338261 -0.0754069 0.343326 -0.0776088 
0.343326 -0.0776088 0.328692 -0.241212 
