0.379912 -0.615645 0.314365 -0.00554007 
-0.257987 -0.487523 -0.261743 -0.0849413 
0.0666028 -0.36859 0.050078 -0.0998994 
0.524982 -0.404939 0.478366 -0.0574319 
0.379912 -0.615645 -0.257987 -0.487523 
-0.257987 -0.487523 0.0666028 -0.36859 
0.0666028 -0.36859 0.524982 -0.404939 
0.524982 -0.404939 0.379912 -0.615645 
0.314365 -0.00554007 0.391021 0.175582 
0.391021 0.175582 0.478366 -0.0574319 
-0.261743 -0.0849413 -0.0826253 0.0663802 
-0.0826253 0.0663802 0.050078 -0.0998994 
0.391021 0.175582 -0.0826253 0.0663802 
0.314365 -0.00554007 -0.261743 -0.0849413 
0.478366 -0.0574319 0.050078 -0.0998994 
0.48531 -0.46256 0.507038 -0.431002 
0.507038 -0.431002 0.468258 -0.134392 
0.468258 -0.134392 0.443777 -0.13466 
0.443777 -0.13466 0.48531 -0.46256 
0.399643 -0.336245 0.435498 -0.312849 
0.435498 -0.312849 0.413856 -0.134989 
0.413856 -0.134989 0.376456 -0.135399 
0.376456 -0.135399 0.399643 -0.336245 
