0 0 0 1 0.345089 -0.465381 
0 0 6.5 1 0.298277 -0.0497701 
10 0 0 1 -0.33204 -0.608863 
10 0 6.5 1 -0.343577 -0.0769625 
10 10 0 1 -0.340989 -0.417813 
10 10 6.5 1 -0.34737 -0.114592 
0 10 0 1 0.0837268 -0.353838 
0 10 6.5 1 0.0631023 -0.0923286 
0 5 10 1 0.139904 0.0858587 
10 5 10 1 -0.350055 0.0912368 
0 6 0 1 0.160637 -0.386661 
0 8 0 1 0.119068 -0.36892 
0 8 5 1 0.100766 -0.149714 
0 6 5 1 0.139435 -0.148191 
0 2 2.5 1 0.255243 -0.286001 
0 4 2.5 1 0.197553 -0.274764 
0 4 5 1 0.185313 -0.146384 
0 2 5 1 0.240625 -0.144206 
0.5 0.5 -0.5 1 0.302081 -0.495502 
0.5 0.5 6 1 0.258265 -0.0839061 
10.5 0.5 -0.5 1 -0.374251 -0.644483 
10.5 0.5 6 1 -0.382696 -0.119215 
10.5 10.5 -0.5 1 -0.365023 -0.440173 
10.5 10.5 6 1 -0.370369 -0.139096 
0.5 10.5 -0.5 1 0.0590522 -0.37379 
0.5 10.5 6 1 0.0394763 -0.113868 
0.5 5.5 9.5 1 0.110974 0.0583565 
10.5 5.5 9.5 1 -0.3782 0.0586807 
0.5 6.5 -0.5 1 0.130841 -0.409743 
0.5 8.5 -0.5 1 0.0920685 -0.390325 
0.5 8.5 4.5 1 0.0747345 -0.172575 
0.5 6.5 4.5 1 0.110808 -0.172996 
0.5 2.5 2 1 0.218665 -0.314684 
0.5 4.5 2 1 0.165067 -0.300884 
0.5 4.5 4.5 1 0.153531 -0.173496 
0.5 2.5 4.5 1 0.20493 -0.174097 
