-0.575261 -0.315162 -0.656706 0.217744 
-0.206237 -0.119417 -0.238548 0.179792 
0.264435 -0.10958 0.245581 0.233099 
0.258246 -0.349554 0.218813 0.339132 
-0.575261 -0.315162 -0.206237 -0.119417 
-0.206237 -0.119417 0.264435 -0.10958 
0.264435 -0.10958 0.258246 -0.349554 
0.258246 -0.349554 -0.575261 -0.315162 
-0.656706 0.217744 -0.315479 0.629884 
-0.315479 0.629884 0.218813 0.339132 
-0.238548 0.179792 -0.0278633 0.386365 
-0.0278633 0.386365 0.245581 0.233099 
-0.315479 0.629884 -0.0278633 0.386365 
-0.656706 0.217744 -0.238548 0.179792 
0.218813 0.339132 0.245581 0.233099 
-0.124806 -0.333749 0.0567161 -0.341239 
0.0567161 -0.341239 0.0171431 0.150738 
0.0171431 0.150738 -0.172066 0.132897 
-0.172066 0.132897 -0.124806 -0.333749 
-0.467009 -0.114282 -0.315149 -0.110595 
-0.315149 -0.110595 -0.342465 0.116829 
-0.342465 0.116829 -0.496726 0.102283 
-0.496726 0.102283 -0.467009 -0.114282 
