-0.313732 -0.0864931 -0.346717 0.194225 
0.082991 -0.036415 0.0676595 0.215491 
0.301984 -0.124178 0.289871 0.27392 
-0.321282 -0.225656 -0.378759 0.249535 
-0.313732 -0.0864931 0.082991 -0.036415 
0.082991 -0.036415 0.301984 -0.124178 
0.301984 -0.124178 -0.321282 -0.225656 
-0.321282 -0.225656 -0.313732 -0.0864931 
-0.346717 0.194225 -0.382837 0.419683 
-0.382837 0.419683 -0.378759 0.249535 
0.0676595 0.215491 0.144404 0.415525 
0.144404 0.415525 0.289871 0.27392 
-0.382837 0.419683 0.144404 0.415525 
-0.346717 0.194225 0.0676595 0.215491 
-0.378759 0.249535 0.289871 0.27392 
-0.317293 -0.152134 -0.319049 -0.184493 
-0.319049 -0.184493 -0.357022 0.132164 
-0.357022 0.132164 -0.350971 0.130602 
-0.350971 0.130602 -0.317293 -0.152134 
-0.328218 0.0100123 -0.330734 -0.000618219 
-0.330734 -0.000618219 -0.346131 0.129353 
-0.346131 0.129353 -0.342173 0.128331 
-0.342173 0.128331 -0.328218 0.0100123 
