-0.140151 -0.36959 -0.117033 -0.105965 
0.278589 -0.421958 0.287885 -0.133297 
0.334333 -0.622463 0.346543 -0.119111 
-0.362021 -0.508853 -0.312415 -0.07698 
-0.140151 -0.36959 0.278589 -0.421958 
0.278589 -0.421958 0.334333 -0.622463 
0.334333 -0.622463 -0.362021 -0.508853 
-0.362021 -0.508853 -0.140151 -0.36959 
-0.117033 -0.105965 -0.175756 0.070059 
-0.175756 0.070059 -0.312415 -0.07698 
0.287885 -0.133297 0.314985 0.055406 
0.314985 0.055406 0.346543 -0.119111 
-0.175756 0.070059 0.314985 0.055406 
-0.117033 -0.105965 0.287885 -0.133297 
-0.312415 -0.07698 0.346543 -0.119111 
-0.24598 -0.436017 -0.297373 -0.468275 
-0.297373 -0.468275 -0.26547 -0.170242 
-0.26547 -0.170242 -0.219031 -0.168595 
-0.219031 -0.168595 -0.24598 -0.436017 
-0.159144 -0.275396 -0.19236 -0.286539 
-0.19236 -0.286539 -0.180952 -0.167244 
-0.180952 -0.167244 -0.149163 -0.166116 
-0.149163 -0.166116 -0.159144 -0.275396 
