0 0 0 1 0.05204 -0.18398 
0 0 6.5 1 0.0264946 0.0700872 
10 0 0 1 0.483381 -0.189554 
10 0 6.5 1 0.449497 0.133522 
10 10 0 1 0.364991 -0.366127 
10 10 6.5 1 0.307419 0.190109 
0 10 0 1 -0.240687 -0.301413 
0 10 6.5 1 -0.277635 0.0775875 
0 5 10 1 -0.111839 0.236134 
10 5 10 1 0.37441 0.373042 
0 6 0 1 -0.0947227 -0.242857 
0 8 0 1 -0.161169 -0.269513 
0 8 5 1 -0.187286 -0.00386585 
0 6 5 1 -0.118862 0.000942836 
0 2 2.5 1 -0.000464301 -0.0960433 
0 4 2.5 1 -0.0496016 -0.107486 
0 4 5 1 -0.0608075 0.0050227 
0 2 5 1 -0.0109325 0.00852775 
0.5 0.5 -0.5 1 0.0614051 -0.208398 
0.5 0.5 6 1 0.0351177 0.0528692 
10.5 0.5 -0.5 1 0.510963 -0.221065 
10.5 0.5 6 1 0.475768 0.113743 
10.5 10.5 -0.5 1 0.406218 -0.433141 
10.5 10.5 6 1 0.344746 0.158806 
0.5 10.5 -0.5 1 -0.238989 -0.343353 
0.5 10.5 6 1 -0.277511 0.0518935 
0.5 5.5 9.5 1 -0.106147 0.22105 
10.5 5.5 9.5 1 0.404425 0.358829 
0.5 6.5 -0.5 1 -0.0881542 -0.275589 
0.5 8.5 -0.5 1 -0.156556 -0.30632 
0.5 8.5 4.5 1 -0.183693 -0.030336 
0.5 6.5 4.5 1 -0.113161 -0.0231108 
0.5 2.5 2 1 0.00798677 -0.119555 
0.5 4.5 2 1 -0.0420873 -0.133211 
0.5 4.5 4.5 1 -0.0536661 -0.0170163 
0.5 2.5 4.5 1 -0.00280612 -0.0118063 
