0.186981 -0.359486 0.200921 -0.0572842 
0.636379 -0.550702 0.630065 -0.022899 
-0.171397 -0.647588 -0.105205 0.0932481 
-0.294302 -0.366905 -0.255041 -0.00524357 
0.186981 -0.359486 0.636379 -0.550702 
0.636379 -0.550702 -0.171397 -0.647588 
-0.171397 -0.647588 -0.294302 -0.366905 
-0.294302 -0.366905 0.186981 -0.359486 
0.200921 -0.0572842 0.0056019 0.132315 
0.0056019 0.132315 -0.255041 -0.00524357 
0.630065 -0.022899 0.330824 0.31957 
0.330824 0.31957 -0.105205 0.0932481 
0.0056019 0.132315 0.330824 0.31957 
0.200921 -0.0572842 0.630065 -0.022899 
-0.255041 -0.00524357 -0.105205 0.0932481 
-0.0798807 -0.3636 -0.182864 -0.365187 
-0.182864 -0.365187 -0.157408 -0.0946994 
-0.157408 -0.0946994 -0.0588415 -0.103079 
-0.0588415 -0.103079 -0.0798807 -0.3636 
0.111309 -0.237498 0.0243078 -0.234413 
0.0243078 -0.234413 0.0327555 -0.110866 
0.0327555 -0.110866 0.118097 -0.118121 
0.118097 -0.118121 0.111309 -0.237498 
