0.314929 -0.258447 0.365326 0.176446 
-0.312495 -0.190409 -0.308438 0.214023 
-0.144184 -0.0618494 -0.134783 0.19034 
0.245212 -0.0967944 0.271947 0.166932 
0.314929 -0.258447 -0.312495 -0.190409 
-0.312495 -0.190409 -0.144184 -0.0618494 
-0.144184 -0.0618494 0.245212 -0.0967944 
0.245212 -0.0967944 0.314929 -0.258447 
0.365326 0.176446 0.327113 0.362507 
0.327113 0.362507 0.271947 0.166932 
-0.308438 0.214023 -0.195742 0.380112 
-0.195742 0.380112 -0.134783 0.19034 
0.327113 0.362507 -0.195742 0.380112 
0.365326 0.176446 -0.308438 0.214023 
0.271947 0.166932 -0.134783 0.19034 
0.265304 -0.143382 0.254402 -0.118103 
0.254402 -0.118103 0.276891 0.0997268 
0.276891 0.0997268 0.2904 0.0945467 
0.2904 0.0945467 0.265304 -0.143382 
0.310488 -0.0689006 0.292324 -0.045593 
0.292324 -0.045593 0.306806 0.0882558 
0.306806 0.0882558 0.327152 0.0804539 
0.327152 0.0804539 0.310488 -0.0689006 
