0.336181 -0.524349 0.350093 0.00530078 
-0.327625 -0.38953 -0.282132 0.0146011 
-0.0607464 -0.307547 -0.0403708 -0.0492732 
0.363971 -0.369863 0.371029 -0.0655118 
0.336181 -0.524349 -0.327625 -0.38953 
-0.327625 -0.38953 -0.0607464 -0.307547 
-0.0607464 -0.307547 0.363971 -0.369863 
0.363971 -0.369863 0.336181 -0.524349 
0.350093 0.00530078 0.367977 0.153283 
0.367977 0.153283 0.371029 -0.0655118 
-0.282132 0.0146011 -0.120595 0.135006 
-0.120595 0.135006 -0.0403708 -0.0492732 
0.367977 0.153283 -0.120595 0.135006 
0.350093 0.00530078 -0.282132 0.0146011 
0.371029 -0.0655118 -0.0403708 -0.0492732 
0.356327 -0.412356 0.36051 -0.389106 
0.36051 -0.389106 0.366604 -0.13066 
0.366604 -0.13066 0.363186 -0.127136 
0.363186 -0.127136 0.356327 -0.412356 
0.349328 -0.293082 0.355171 -0.278599 
0.355171 -0.278599 0.359007 -0.122826 
0.359007 -0.122826 0.353779 -0.117435 
0.353779 -0.117435 0.349328 -0.293082 
