0 0 0 1 -0.59779 -0.197057 
0 0 6.5 1 -0.62592 0.245893 
10 0 0 1 -0.174006 -0.0694305 
10 0 6.5 1 -0.169796 0.210538 
10 10 0 1 0.242345 -0.152948 
10 10 6.5 1 0.274522 0.196213 
0 10 0 1 -0.0282325 -0.408972 
0 10 6.5 1 0.00034529 0.236373 
0 5 10 1 -0.383891 0.570689 
10 5 10 1 0.035195 0.386662 
0 6 0 1 -0.309096 -0.304471 
0 8 0 1 -0.180479 -0.352326 
0 8 5 1 -0.174002 0.0909362 
0 6 5 1 -0.313177 0.105439 
0 2 2.5 1 -0.52281 -0.055671 
0 4 2.5 1 -0.424824 -0.0795145 
0 4 5 1 -0.430865 0.117703 
0 2 5 1 -0.531687 0.128209 
0.5 0.5 -0.5 1 -0.543966 -0.225232 
0.5 0.5 6 1 -0.567185 0.20663 
10.5 0.5 -0.5 1 -0.14454 -0.0889722 
10.5 0.5 6 1 -0.1389 0.186549 
10.5 10.5 -0.5 1 0.272961 -0.176081 
10.5 10.5 6 1 0.306579 0.166158 
0.5 10.5 -0.5 1 0.0344879 -0.4441 
0.5 10.5 6 1 0.0698233 0.17771 
0.5 5.5 9.5 1 -0.315595 0.512775 
10.5 5.5 9.5 1 0.0678269 0.356551 
0.5 6.5 -0.5 1 -0.249545 -0.336631 
0.5 8.5 -0.5 1 -0.119185 -0.385955 
0.5 8.5 4.5 1 -0.107808 0.042792 
0.5 6.5 4.5 1 -0.249002 0.0608716 
0.5 2.5 2 1 -0.465143 -0.0895125 
0.5 4.5 2 1 -0.365081 -0.115305 
0.5 4.5 4.5 1 -0.368888 0.0762229 
0.5 2.5 4.5 1 -0.471951 0.0894199 
