0.239155 -0.333907 0.271511 0.0430016 
-0.333838 -0.432241 -0.268297 0.160414 
-0.533154 -0.237253 -0.491517 0.108701 
-0.0886052 -0.218885 -0.0624705 0.0404292 
0.239155 -0.333907 -0.333838 -0.432241 
-0.333838 -0.432241 -0.533154 -0.237253 
-0.533154 -0.237253 -0.0886052 -0.218885 
-0.0886052 -0.218885 0.239155 -0.333907 
0.271511 0.0430016 0.0894037 0.203492 
0.0894037 0.203492 -0.0624705 0.0404292 
-0.268297 0.160414 -0.382139 0.356213 
-0.382139 0.356213 -0.491517 0.108701 
0.0894037 0.203492 -0.382139 0.356213 
0.271511 0.0430016 -0.268297 0.160414 
-0.0624705 0.0404292 -0.491517 0.108701 
0.0144487 -0.25505 -0.0405084 -0.235764 
-0.0405084 -0.235764 -0.0194758 -0.0224141 
-0.0194758 -0.0224141 0.0364112 -0.0264436 
0.0364112 -0.0264436 0.0144487 -0.25505 
0.163842 -0.16908 0.0893803 -0.153519 
0.0893803 -0.153519 0.100789 -0.0310852 
0.100789 -0.0310852 0.17575 -0.03649 
0.17575 -0.03649 0.163842 -0.16908 
