-0.300374 -0.631548 -0.222242 0.0860927 
-0.291484 -0.316954 -0.253243 0.0302071 
0.195443 -0.327064 0.221462 -0.0229149 
0.590662 -0.577476 0.626644 -0.0222082 
-0.300374 -0.631548 -0.291484 -0.316954 
-0.291484 -0.316954 0.195443 -0.327064 
0.195443 -0.327064 0.590662 -0.577476 
0.590662 -0.577476 -0.300374 -0.631548 
-0.222242 0.0860927 0.282765 0.346351 
0.282765 0.346351 0.626644 -0.0222082 
-0.253243 0.0302071 0.0163598 0.17212 
0.0163598 0.17212 0.221462 -0.0229149 
0.282765 0.346351 0.0163598 0.17212 
-0.222242 0.0860927 -0.253243 0.0302071 
0.626644 -0.0222082 0.221462 -0.0229149 
0.28856 -0.595809 0.446913 -0.586199 
0.446913 -0.586199 0.479307 -0.135818 
0.479307 -0.135818 0.326286 -0.122863 
0.326286 -0.122863 0.28856 -0.595809 
-0.0557454 -0.352003 0.135552 -0.354381 
0.135552 -0.354381 0.157294 -0.108556 
0.157294 -0.108556 -0.0303085 -0.0926731 
-0.0303085 -0.0926731 -0.0557454 -0.352003 
