0 0 0 1 0.28251 -0.418046 
0 0 6.5 1 0.25757 -0.0638265 
10 0 0 1 0.428298 -0.671673 
10 0 6.5 1 0.359777 0.0666048 
10 10 0 1 -0.62655 -0.623594 
10 10 6.5 1 -0.567354 0.0149683 
0 10 0 1 -0.240974 -0.412189 
0 10 6.5 1 -0.23255 -0.0825813 
0 5 10 1 0.000380689 0.0931979 
10 5 10 1 -0.133356 0.343582 
0 6 0 1 -0.0410132 -0.414426 
0 8 0 1 -0.142473 -0.413291 
0 8 5 1 -0.140521 -0.152484 
0 6 5 1 -0.0439564 -0.149838 
0 2 2.5 1 0.164337 -0.277067 
0 4 2.5 1 0.0593709 -0.277968 
0 4 5 1 0.0554073 -0.147115 
0 2 5 1 0.157694 -0.144312 
0.5 0.5 -0.5 1 0.259081 -0.453801 
0.5 0.5 6 1 0.235032 -0.0876624 
10.5 0.5 -0.5 1 0.385781 -0.766924 
10.5 0.5 6 1 0.319287 0.0250143 
10.5 10.5 -0.5 1 -0.719687 -0.70179 
10.5 10.5 6 1 -0.646663 -0.0235205 
0.5 10.5 -0.5 1 -0.276618 -0.445112 
0.5 10.5 6 1 -0.265774 -0.105213 
0.5 5.5 9.5 1 -0.0270603 0.0749339 
10.5 5.5 9.5 1 -0.19215 0.320697 
0.5 6.5 -0.5 1 -0.072257 -0.448426 
0.5 8.5 -0.5 1 -0.17599 -0.446744 
0.5 8.5 4.5 1 -0.172343 -0.177577 
0.5 6.5 4.5 1 -0.0737214 -0.175229 
0.5 2.5 2 1 0.138622 -0.30743 
0.5 4.5 2 1 0.0311919 -0.307892 
0.5 4.5 4.5 1 0.0278351 -0.172812 
0.5 2.5 4.5 1 0.132459 -0.170322 
