0.259418 -0.147406 0.251784 0.202714 
0.0173133 -0.434617 -0.0240984 0.212639 
-0.574698 -0.283026 -0.64493 0.154884 
-0.164611 -0.109096 -0.189624 0.169132 
0.259418 -0.147406 0.0173133 -0.434617 
0.0173133 -0.434617 -0.574698 -0.283026 
-0.574698 -0.283026 -0.164611 -0.109096 
-0.164611 -0.109096 0.259418 -0.147406 
0.251784 0.202714 -0.00561251 0.364111 
-0.00561251 0.364111 -0.189624 0.169132 
-0.0240984 0.212639 -0.437298 0.498781 
-0.437298 0.498781 -0.64493 0.154884 
-0.00561251 0.364111 -0.437298 0.498781 
0.251784 0.202714 -0.0240984 0.212639 
-0.189624 0.169132 -0.64493 0.154884 
-0.0172695 -0.122408 -0.0940293 -0.115473 
-0.0940293 -0.115473 -0.11139 0.105332 
-0.11139 0.105332 -0.0325646 0.108162 
-0.0325646 0.108162 -0.0172695 -0.122408 
0.153617 -0.0143353 0.0602593 -0.0116619 
0.0602593 -0.0116619 0.053758 0.111262 
0.053758 0.111262 0.1487 0.114672 
0.1487 0.114672 0.153617 -0.0143353 
