-0.539319 -0.460461 -0.498505 -0.0928752 
-0.0717134 -0.398176 -0.0647564 -0.123214 
0.281847 -0.497496 0.265781 -0.0934037 
-0.330087 -0.668388 -0.28522 -0.0262275 
-0.539319 -0.460461 -0.0717134 -0.398176 
-0.0717134 -0.398176 0.281847 -0.497496 
0.281847 -0.497496 -0.330087 -0.668388 
-0.330087 -0.668388 -0.539319 -0.460461 
-0.498505 -0.0928752 -0.39789 0.152277 
-0.39789 0.152277 -0.28522 -0.0262275 
-0.0647564 -0.123214 0.0703473 0.0493257 
0.0703473 0.0493257 0.265781 -0.0934037 
-0.39789 0.152277 0.0703473 0.0493257 
-0.498505 -0.0928752 -0.0647564 -0.123214 
-0.28522 -0.0262275 0.265781 -0.0934037 
-0.443349 -0.555833 -0.394277 -0.604599 
-0.394277 -0.604599 -0.358131 -0.164715 
-0.358131 -0.164715 -0.407716 -0.16754 
-0.407716 -0.16754 -0.443349 -0.555833 
-0.496301 -0.324267 -0.464232 -0.337899 
-0.464232 -0.337899 -0.447513 -0.169807 
-0.447513 -0.169807 -0.480161 -0.171667 
-0.480161 -0.171667 -0.496301 -0.324267 
