0.0962596 -0.0524653 0.090168 0.208678 
0.522123 -0.123333 0.542507 0.235084 
0.247553 -0.337962 0.250557 0.242519 
-0.241353 -0.15979 -0.273236 0.202211 
0.0962596 -0.0524653 0.522123 -0.123333 
0.522123 -0.123333 0.247553 -0.337962 
0.247553 -0.337962 -0.241353 -0.15979 
-0.241353 -0.15979 0.0962596 -0.0524653 
0.090168 0.208678 -0.0692698 0.384178 
-0.0692698 0.384178 -0.273236 0.202211 
0.542507 0.235084 0.444108 0.509233 
0.444108 0.509233 0.250557 0.242519 
-0.0692698 0.384178 0.444108 0.509233 
0.090168 0.208678 0.542507 0.235084 
-0.273236 0.202211 0.250557 0.242519 
-0.0791045 -0.108212 -0.154389 -0.132145 
-0.154389 -0.132145 -0.172514 0.12261 
-0.172514 0.12261 -0.0925803 0.129743 
-0.0925803 0.129743 -0.0791045 -0.108212 
0.0413195 0.0342365 -0.0181096 0.0220333 
-0.0181096 0.0220333 -0.0231273 0.135941 
-0.0231273 0.135941 0.0377794 0.141376 
0.0377794 0.141376 0.0413195 0.0342365 
