0 0 0 1 0.236689 -0.4856 
0 0 6.5 1 0.225258 -0.156901 
10 0 0 1 0.697094 -0.743227 
10 0 6.5 1 0.626406 -0.123059 
10 10 0 1 -0.289615 -0.903561 
10 10 6.5 1 -0.242909 -0.0915731 
0 10 0 1 -0.281834 -0.521551 
0 10 6.5 1 -0.259253 -0.1459 
0 5 10 1 -2.04564e-06 0.0190084 
10 5 10 1 0.231925 0.202801 
0 6 0 1 -0.0573356 -0.505986 
0 8 0 1 -0.166415 -0.513549 
0 8 5 1 -0.155259 -0.228216 
0 6 5 1 -0.0520122 -0.228476 
0 2 2.5 1 0.1414 -0.357245 
0 4 2.5 1 0.0459511 -0.360347 
0 4 5 1 0.0459881 -0.228723 
0 2 5 1 0.139132 -0.228958 
0.5 0.5 -0.5 1 0.226761 -0.522139 
0.5 0.5 6 1 0.215562 -0.179994 
10.5 0.5 -0.5 1 0.710352 -0.833288 
10.5 0.5 6 1 0.633683 -0.163693 
10.5 10.5 -0.5 1 -0.366347 -1.04033 
10.5 10.5 6 1 -0.304335 -0.14166 
0.5 10.5 -0.5 1 -0.314894 -0.565121 
0.5 10.5 6 1 -0.289084 -0.171812 
0.5 5.5 9.5 1 -0.0178493 0.00139845 
10.5 5.5 9.5 1 0.213429 0.181563 
0.5 6.5 -0.5 1 -0.0796782 -0.546456 
0.5 8.5 -0.5 1 -0.193831 -0.555514 
0.5 8.5 4.5 1 -0.180762 -0.256982 
0.5 6.5 4.5 1 -0.0729791 -0.256474 
0.5 2.5 2 1 0.128011 -0.389155 
0.5 4.5 2 1 0.0286463 -0.393235 
0.5 4.5 4.5 1 0.0291285 -0.255992 
0.5 2.5 4.5 1 0.125997 -0.255536 
