0.240766 -0.240707 0.279824 0.129269 
-0.294266 -0.334649 -0.237871 0.265494 
-0.53821 -0.153357 -0.50684 0.202206 
-0.0970626 -0.135978 -0.0716289 0.123828 
0.240766 -0.240707 -0.294266 -0.334649 
-0.294266 -0.334649 -0.53821 -0.153357 
-0.53821 -0.153357 -0.0970626 -0.135978 
-0.0970626 -0.135978 0.240766 -0.240707 
0.279824 0.129269 0.0899435 0.292143 
0.0899435 0.292143 -0.0716289 0.123828 
-0.237871 0.265494 -0.384966 0.469806 
-0.384966 0.469806 -0.50684 0.202206 
0.0899435 0.292143 -0.384966 0.469806 
0.279824 0.129269 -0.237871 0.265494 
-0.0716289 0.123828 -0.50684 0.202206 
0.0106695 -0.169376 -0.0466067 -0.15162 
-0.0466067 -0.15162 -0.0255897 0.0605892 
-0.0255897 0.0605892 0.0333996 0.0571587 
0.0333996 0.0571587 0.0106695 -0.169376 
0.1656 -0.0826437 0.0885849 -0.0685629 
0.0885849 -0.0685629 0.100987 0.0532281 
0.100987 0.0532281 0.179198 0.0486797 
0.179198 0.0486797 0.1656 -0.0826437 
