0 0 0 1 0.147517 -0.310574 
0 0 6.5 1 0.132427 0.329442 
10 0 0 1 -0.241566 -0.117715 
10 0 6.5 1 -0.275173 0.243188 
10 10 0 1 0.143953 -0.0307917 
10 10 6.5 1 0.137643 0.24308 
0 10 0 1 0.579456 -0.112997 
0 10 6.5 1 0.602088 0.296203 
0 5 10 1 0.430714 0.617466 
10 5 10 1 -0.0485629 0.425661 
0 6 0 1 0.449863 -0.172275 
0 8 0 1 0.519643 -0.140356 
0 8 5 1 0.534539 0.192718 
0 6 5 1 0.461487 0.188274 
0 2 2.5 1 0.268261 -0.047685 
0 4 2.5 1 0.37068 -0.0203674 
0 4 5 1 0.374197 0.182964 
0 2 5 1 0.268057 0.176508 
0.5 0.5 -0.5 1 0.148101 -0.321512 
0.5 0.5 6 1 0.134221 0.26868 
10.5 0.5 -0.5 1 -0.225542 -0.131934 
10.5 0.5 6 1 -0.256709 0.212627 
10.5 10.5 -0.5 1 0.144326 -0.0443726 
10.5 10.5 6 1 0.138238 0.220002 
0.5 10.5 -0.5 1 0.560376 -0.129108 
0.5 10.5 6 1 0.580574 0.259221 
0.5 5.5 9.5 1 0.413721 0.550154 
10.5 5.5 9.5 1 -0.0407985 0.391653 
0.5 6.5 -0.5 1 0.434533 -0.187838 
0.5 8.5 -0.5 1 0.50206 -0.156324 
0.5 8.5 4.5 1 0.515185 0.158802 
0.5 6.5 4.5 1 0.444558 0.15176 
0.5 2.5 2 1 0.261057 -0.0748312 
0.5 4.5 2 1 0.358122 -0.0467082 
0.5 4.5 4.5 1 0.360999 0.143428 
0.5 2.5 4.5 1 0.260598 0.133417 
