0 0 0 1 0.319617 -0.474642 
0 0 6.5 1 0.357969 0.0223845 
10 0 0 1 -0.331928 -0.336967 
10 0 6.5 1 -0.286822 0.0637124 
10 10 0 1 -0.0902486 -0.243451 
10 10 6.5 1 -0.0649522 0.00913487 
0 10 0 1 0.31921 -0.310127 
0 10 6.5 1 0.341616 -0.0223781 
0 5 10 1 0.362425 0.184572 
10 5 10 1 -0.133935 0.192914 
0 6 0 1 0.319323 -0.35586 
0 8 0 1 0.319262 -0.330883 
0 8 5 1 0.338133 -0.0882433 
0 6 5 1 0.340085 -0.0885455 
0 2 2.5 1 0.332593 -0.255647 
0 4 2.5 1 0.331028 -0.236513 
0 4 5 1 0.342472 -0.088915 
0 2 5 1 0.345458 -0.0893772 
0.5 0.5 -0.5 1 0.278155 -0.490417 
0.5 0.5 6 1 0.315897 -0.0144634 
10.5 0.5 -0.5 1 -0.342185 -0.354794 
10.5 0.5 6 1 -0.298462 0.032082 
10.5 10.5 -0.5 1 -0.102344 -0.25696 
10.5 10.5 6 1 -0.0774609 -0.00992904 
0.5 10.5 -0.5 1 0.294818 -0.323702 
0.5 10.5 6 1 0.317014 -0.0431425 
0.5 5.5 9.5 1 0.331218 0.15219 
10.5 5.5 9.5 1 -0.147149 0.164854 
0.5 6.5 -0.5 1 0.290123 -0.370682 
0.5 8.5 -0.5 1 0.292681 -0.345086 
0.5 8.5 4.5 1 0.311358 -0.109076 
0.5 6.5 4.5 1 0.310649 -0.111393 
0.5 2.5 2 1 0.296032 -0.277808 
0.5 4.5 2 1 0.298485 -0.256929 
0.5 4.5 4.5 1 0.309788 -0.114208 
0.5 2.5 4.5 1 0.308719 -0.117702 
