0 0 0 1 0.129188 -0.0452665 
0 0 6.5 1 0.145871 0.224477 
10 0 0 1 0.553351 -0.1635 
10 0 6.5 1 0.610266 0.227445 
10 10 0 1 0.148771 -0.337396 
10 10 6.5 1 0.19181 0.282668 
0 10 0 1 -0.25014 -0.107724 
0 10 6.5 1 -0.253846 0.254228 
0 5 10 1 -0.0179731 0.419128 
10 5 10 1 0.486544 0.546005 
0 6 0 1 -0.0715381 -0.0783165 
0 8 0 1 -0.155237 -0.0920977 
0 8 5 1 -0.153193 0.164664 
0 6 5 1 -0.065761 0.163225 
0 2 2.5 1 0.0746968 0.0506792 
0 4 2.5 1 0.00707301 0.0455173 
0 4 5 1 0.0115006 0.161953 
0 2 5 1 0.0802688 0.160821 
0.5 0.5 -0.5 1 0.128378 -0.0720776 
0.5 0.5 6 1 0.145455 0.203321 
10.5 0.5 -0.5 1 0.567623 -0.207085 
10.5 0.5 6 1 0.627902 0.195796 
10.5 10.5 -0.5 1 0.148013 -0.417459 
10.5 10.5 6 1 0.193801 0.233029 
0.5 10.5 -0.5 1 -0.263932 -0.1459 
0.5 10.5 6 1 -0.268763 0.226297 
0.5 5.5 9.5 1 -0.0235992 0.39993 
10.5 5.5 9.5 1 0.503472 0.520658 
0.5 6.5 -0.5 1 -0.0784002 -0.110988 
0.5 8.5 -0.5 1 -0.165164 -0.127314 
0.5 8.5 4.5 1 -0.163557 0.136109 
0.5 6.5 4.5 1 -0.0727713 0.136443 
0.5 2.5 2 1 0.0723666 0.0244002 
0.5 4.5 2 1 0.00269015 0.0175537 
0.5 4.5 4.5 1 0.00714808 0.136737 
0.5 2.5 4.5 1 0.0780417 0.136998 
