0.242589 -0.439555 0.247625 -0.0952175 
0.494769 -0.736429 0.477985 -0.0242372 
-0.597886 -0.662846 -0.500801 0.0274271 
-0.282969 -0.407189 -0.250085 -0.0680951 
0.242589 -0.439555 0.494769 -0.736429 
0.494769 -0.736429 -0.597886 -0.662846 
-0.597886 -0.662846 -0.282969 -0.407189 
-0.282969 -0.407189 0.242589 -0.439555 
0.247625 -0.0952175 0.00695674 0.0877223 
0.00695674 0.0877223 -0.250085 -0.0680951 
0.477985 -0.0242372 0.00251229 0.321664 
0.00251229 0.321664 -0.500801 0.0274271 
0.00695674 0.0877223 0.00251229 0.321664 
0.247625 -0.0952175 0.477985 -0.0242372 
-0.250085 -0.0680951 -0.500801 0.0274271 
-0.0741155 -0.420051 -0.178769 -0.413606 
-0.178769 -0.413606 -0.157423 -0.148715 
-0.157423 -0.148715 -0.0570704 -0.154341 
-0.0570704 -0.154341 -0.0741155 -0.420051 
0.140816 -0.296499 0.0374822 -0.290426 
0.0374822 -0.290426 0.0437013 -0.159991 
0.0437013 -0.159991 0.144894 -0.165664 
0.144894 -0.165664 0.140816 -0.296499 
