0 0 0 1 -0.558188 -0.409467 
0 0 6.5 1 -0.619119 0.164276 
10 0 0 1 -0.210653 -0.205537 
10 0 6.5 1 -0.242087 0.10109 
10 10 0 1 0.276948 -0.175604 
10 10 6.5 1 0.244078 0.161085 
0 10 0 1 0.368863 -0.388889 
0 10 6.5 1 0.302106 0.299939 
0 5 10 1 -0.235153 0.566285 
10 5 10 1 -0.0277272 0.303365 
0 6 0 1 -0.0429631 -0.39803 
0 8 0 1 0.155069 -0.393634 
0 8 5 1 0.104684 0.115019 
0 6 5 1 -0.092451 0.091761 
0 2 2.5 1 -0.42203 -0.178448 
0 4 2.5 1 -0.251153 -0.166531 
0 4 5 1 -0.275504 0.0701642 
0 2 5 1 -0.445931 0.0500569 
0.5 0.5 -0.5 1 -0.484982 -0.4326 
0.5 0.5 6 1 -0.543399 0.121161 
10.5 0.5 -0.5 1 -0.177368 -0.221923 
10.5 0.5 6 1 -0.208113 0.0789034 
10.5 10.5 -0.5 1 0.303419 -0.194166 
10.5 10.5 6 1 0.271312 0.135542 
0.5 10.5 -0.5 1 0.418048 -0.417279 
0.5 10.5 6 1 0.354368 0.242947 
0.5 5.5 9.5 1 -0.167029 0.504061 
10.5 5.5 9.5 1 0.00364742 0.276152 
0.5 6.5 -0.5 1 0.018413 -0.424059 
0.5 8.5 -0.5 1 0.210885 -0.420794 
0.5 8.5 4.5 1 0.162771 0.0675515 
0.5 6.5 4.5 1 -0.028893 0.0468739 
0.5 2.5 2 1 -0.351087 -0.21063 
0.5 4.5 2 1 -0.184071 -0.200256 
0.5 4.5 4.5 1 -0.207371 0.0276188 
0.5 2.5 4.5 1 -0.373978 0.00964443 
