-0.606643 -0.19816 -0.585257 0.21483 
-0.15857 -0.129868 -0.135891 0.141812 
0.234449 -0.235086 0.274593 0.122264 
-0.153516 -0.427279 -0.0978546 0.222581 
-0.606643 -0.19816 -0.15857 -0.129868 
-0.15857 -0.129868 0.234449 -0.235086 
0.234449 -0.235086 -0.153516 -0.427279 
-0.153516 -0.427279 -0.606643 -0.19816 
-0.585257 0.21483 -0.379148 0.505288 
-0.379148 0.505288 -0.0978546 0.222581 
-0.135891 0.141812 0.0571243 0.305332 
0.0571243 0.305332 0.274593 0.122264 
-0.379148 0.505288 0.0571243 0.305332 
-0.585257 0.21483 -0.135891 0.141812 
-0.0978546 0.222581 0.274593 0.122264 
-0.385441 -0.310009 -0.281396 -0.362618 
-0.281396 -0.362618 -0.247652 0.0815004 
-0.247652 0.0815004 -0.357961 0.0930479 
-0.357961 0.0930479 -0.385441 -0.310009 
-0.535022 -0.0615608 -0.460504 -0.0843152 
-0.460504 -0.0843152 -0.448964 0.102574 
-0.448964 0.102574 -0.52532 0.110568 
-0.52532 0.110568 -0.535022 -0.0615608 
