-0.431792 -0.482803 -0.432662 -0.145529 
0.010131 -0.390448 -0.00723489 -0.123443 
0.328549 -0.497952 0.284387 -0.0904474 
-0.311113 -0.711886 -0.32235 -0.114377 
-0.431792 -0.482803 0.010131 -0.390448 
0.010131 -0.390448 0.328549 -0.497952 
0.328549 -0.497952 -0.311113 -0.711886 
-0.311113 -0.711886 -0.431792 -0.482803 
-0.432662 -0.145529 -0.393864 0.0775276 
-0.393864 0.0775276 -0.32235 -0.114377 
-0.00723489 -0.123443 0.0959325 0.0516355 
0.0959325 0.0516355 0.284387 -0.0904474 
-0.393864 0.0775276 0.0959325 0.0516355 
-0.432662 -0.145529 -0.00723489 -0.123443 
-0.32235 -0.114377 0.284387 -0.0904474 
-0.376598 -0.587577 -0.348273 -0.641346 
-0.348273 -0.641346 -0.353906 -0.236585 
-0.353906 -0.236585 -0.380208 -0.231205 
-0.380208 -0.231205 -0.376598 -0.587577 
-0.417608 -0.36429 -0.400061 -0.382494 
-0.400061 -0.382494 -0.401167 -0.226918 
-0.401167 -0.226918 -0.418261 -0.223421 
-0.418261 -0.223421 -0.417608 -0.36429 
