0 0 0 1 0.322306 -0.0996572 
0 0 6.5 1 0.313216 0.321818 
10 0 0 1 -0.318699 -0.160334 
10 0 6.5 1 -0.371374 0.284976 
10 10 0 1 -0.234187 -0.0414239 
10 10 6.5 1 -0.261836 0.225188 
0 10 0 1 0.158975 -0.00821257 
0 10 6.5 1 0.147287 0.249668 
0 5 10 1 0.203019 0.461995 
10 5 10 1 -0.323541 0.441019 
0 6 0 1 0.206638 -0.0348982 
0 8 0 1 0.180836 -0.020452 
0 8 5 1 0.17185 0.192582 
0 6 5 1 0.197701 0.197504 
0 2 2.5 1 0.271309 0.0657688 
0 4 2.5 1 0.233292 0.0732398 
0 4 5 1 0.228869 0.203438 
0 2 5 1 0.267182 0.210733 
0.5 0.5 -0.5 1 0.28092 -0.124802 
0.5 0.5 6 1 0.269618 0.281062 
10.5 0.5 -0.5 1 -0.341167 -0.184961 
10.5 0.5 6 1 -0.393422 0.242927 
10.5 10.5 -0.5 1 -0.249661 -0.0589223 
10.5 10.5 6 1 -0.277321 0.201357 
0.5 10.5 -0.5 1 0.136301 -0.025746 
0.5 10.5 6 1 0.124009 0.226211 
0.5 5.5 9.5 1 0.171947 0.426624 
10.5 5.5 9.5 1 -0.34177 0.404487 
0.5 6.5 -0.5 1 0.178866 -0.054901 
0.5 8.5 -0.5 1 0.155861 -0.0391437 
0.5 8.5 4.5 1 0.146305 0.168639 
0.5 6.5 4.5 1 0.169212 0.171264 
0.5 2.5 2 1 0.235068 0.0381137 
0.5 4.5 2 1 0.201597 0.0481103 
0.5 4.5 4.5 1 0.196706 0.174414 
0.5 2.5 4.5 1 0.230318 0.178266 
