0 0 0 1 0.34535 -0.445847 
0 0 6.5 1 0.297998 -0.0323753 
10 0 0 1 -0.328779 -0.586323 
10 0 6.5 1 -0.344292 -0.0616406 
10 10 0 1 -0.33377 -0.401755 
10 10 6.5 1 -0.342657 -0.10177 
0 10 0 1 0.0882505 -0.338051 
0 10 6.5 1 0.0665543 -0.078048 
0 5 10 1 0.141233 0.101196 
10 5 10 1 -0.34891 0.103881 
0 6 0 1 0.163873 -0.369757 
0 8 0 1 0.122996 -0.352619 
0 8 5 1 0.103894 -0.134792 
0 6 5 1 0.141911 -0.132777 
0 2 2.5 1 0.256416 -0.268626 
0 4 2.5 1 0.199638 -0.258134 
0 4 5 1 0.187043 -0.130384 
0 2 5 1 0.241495 -0.127497 
0.5 0.5 -0.5 1 0.302616 -0.475862 
0.5 0.5 6 1 0.258125 -0.0667889 
10.5 0.5 -0.5 1 -0.369755 -0.621441 
10.5 0.5 6 1 -0.382392 -0.103882 
10.5 10.5 -0.5 1 -0.357213 -0.423907 
10.5 10.5 6 1 -0.365131 -0.126245 
0.5 10.5 -0.5 1 0.0638299 -0.357943 
0.5 10.5 6 1 0.0431319 -0.0996794 
0.5 5.5 9.5 1 0.112464 0.0734174 
10.5 5.5 9.5 1 -0.37641 0.0711926 
0.5 6.5 -0.5 1 0.134348 -0.392767 
0.5 8.5 -0.5 1 0.0962598 -0.373958 
0.5 8.5 4.5 1 0.0780788 -0.157723 
0.5 6.5 4.5 1 0.113499 -0.15767 
0.5 2.5 2 1 0.220073 -0.297334 
0.5 4.5 2 1 0.167393 -0.28427 
0.5 4.5 4.5 1 0.15547 -0.157607 
0.5 2.5 4.5 1 0.205994 -0.157532 
