0.356375 -0.561408 0.340224 -0.00141719 
-0.311859 -0.438071 -0.276304 -0.030953 
-0.0217206 -0.355297 -0.0119013 -0.0910517 
0.418136 -0.407002 0.40514 -0.0859203 
0.356375 -0.561408 -0.311859 -0.438071 
-0.311859 -0.438071 -0.0217206 -0.355297 
-0.0217206 -0.355297 0.418136 -0.407002 
0.418136 -0.407002 0.356375 -0.561408 
0.340224 -0.00141719 0.37396 0.142022 
0.37396 0.142022 0.40514 -0.0859203 
-0.276304 -0.030953 -0.107892 0.0908122 
-0.107892 0.0908122 -0.0119013 -0.0910517 
0.37396 0.142022 -0.107892 0.0908122 
0.340224 -0.00141719 -0.276304 -0.030953 
0.40514 -0.0859203 -0.0119013 -0.0910517 
0.401252 -0.449213 0.4105 -0.426093 
0.4105 -0.426093 0.399817 -0.152193 
0.399817 -0.152193 0.389989 -0.146717 
0.389989 -0.146717 0.401252 -0.449213 
0.36894 -0.316314 0.383722 -0.303806 
0.383722 -0.303806 0.377979 -0.140024 
0.377979 -0.140024 0.362967 -0.131659 
0.362967 -0.131659 0.36894 -0.316314 
