0 0 0 1 0.285946 -0.419073 
0 0 6.5 1 0.250609 -0.0887977 
10 0 0 1 0.678551 -0.695337 
10 0 6.5 1 0.578909 -0.038986 
10 10 0 1 -0.372573 -0.853545 
10 10 6.5 1 -0.388766 -0.104705 
0 10 0 1 -0.231286 -0.476324 
0 10 6.5 1 -0.245581 -0.124111 
0 5 10 1 -0.0032246 0.0656269 
10 5 10 1 0.0925899 0.259285 
0 6 0 1 -0.0169516 -0.4526 
0 8 0 1 -0.122818 -0.464318 
0 8 5 1 -0.137523 -0.194181 
0 6 5 1 -0.0350776 -0.18599 
0 2 2.5 1 0.174893 -0.297884 
0 4 2.5 1 0.0755316 -0.307328 
0 4 5 1 0.0650213 -0.177986 
0 2 5 1 0.162854 -0.170163 
0.5 0.5 -0.5 1 0.273853 -0.456367 
0.5 0.5 6 1 0.23795 -0.114264 
10.5 0.5 -0.5 1 0.679768 -0.790888 
10.5 0.5 6 1 0.573939 -0.0862586 
10.5 10.5 -0.5 1 -0.45127 -0.974614 
10.5 10.5 6 1 -0.46095 -0.162515 
0.5 10.5 -0.5 1 -0.261917 -0.517954 
0.5 10.5 6 1 -0.275267 -0.152278 
0.5 5.5 9.5 1 -0.0238316 0.0448243 
10.5 5.5 9.5 1 0.0575804 0.229921 
0.5 6.5 -0.5 1 -0.0396422 -0.492403 
0.5 8.5 -0.5 1 -0.149385 -0.505019 
0.5 8.5 4.5 1 -0.163629 -0.2246 
0.5 6.5 4.5 1 -0.0575593 -0.21578 
0.5 2.5 2 1 0.159299 -0.33108 
0.5 4.5 2 1 0.0565201 -0.341229 
0.5 4.5 4.5 1 0.0460031 -0.207168 
0.5 2.5 4.5 1 0.147147 -0.198758 
