0.311976 -0.313547 0.366141 0.12867 
-0.316754 -0.222206 -0.30026 0.177841 
-0.131473 -0.0984672 -0.11554 0.151443 
0.259221 -0.145075 0.28932 0.12068 
0.311976 -0.313547 -0.316754 -0.222206 
-0.316754 -0.222206 -0.131473 -0.0984672 
-0.131473 -0.0984672 0.259221 -0.145075 
0.259221 -0.145075 0.311976 -0.313547 
0.366141 0.12867 0.340011 0.314246 
0.340011 0.314246 0.28932 0.12068 
-0.30026 0.177841 -0.176193 0.337215 
-0.176193 0.337215 -0.11554 0.151443 
0.340011 0.314246 -0.176193 0.337215 
0.366141 0.12867 -0.30026 0.177841 
0.28932 0.12068 -0.11554 0.151443 
0.274322 -0.193298 0.266118 -0.167098 
0.266118 -0.167098 0.29133 0.0532064 
0.29133 0.0532064 0.302247 0.0477298 
0.302247 0.0477298 0.274322 -0.193298 
0.313931 -0.11841 0.299626 -0.0941693 
0.299626 -0.0941693 0.315528 0.0410673 
0.315528 0.0410673 0.332034 0.032787 
0.332034 0.032787 0.313931 -0.11841 
