0.331132 -0.211433 0.292792 0.192806 
-0.316062 -0.315005 -0.365147 0.149062 
-0.273703 -0.187252 -0.302292 0.0854262 
0.12502 -0.133181 0.100401 0.117681 
0.331132 -0.211433 -0.316062 -0.315005 
-0.316062 -0.315005 -0.273703 -0.187252 
-0.273703 -0.187252 0.12502 -0.133181 
0.12502 -0.133181 0.331132 -0.211433 
0.292792 0.192806 0.157737 0.314452 
0.157737 0.314452 0.100401 0.117681 
-0.365147 0.149062 -0.345152 0.295544 
-0.345152 0.295544 -0.302292 0.0854262 
0.157737 0.314452 -0.345152 0.295544 
0.292792 0.192806 -0.365147 0.149062 
0.100401 0.117681 -0.302292 0.0854262 
0.185391 -0.156101 0.152732 -0.143702 
0.152732 -0.143702 0.132353 0.0648979 
0.132353 0.0648979 0.163309 0.0711393 
0.163309 0.0711393 0.185391 -0.156101 
0.258774 -0.0509531 0.212428 -0.0464184 
0.212428 -0.0464184 0.200357 0.078609 
0.200357 0.078609 0.245491 0.0877092 
0.245491 0.0877092 0.258774 -0.0509531 
