0 0 0 1 0.0369254 -0.237939 
0 0 6.5 1 0.0129046 0.0173354 
10 0 0 1 0.469849 -0.23854 
10 0 6.5 1 0.429917 0.078089 
10 10 0 1 0.385492 -0.400089 
10 10 6.5 1 0.320476 0.148756 
0 10 0 1 -0.247157 -0.350691 
0 10 6.5 1 -0.275236 0.0367129 
0 5 10 1 -0.115796 0.185071 
10 5 10 1 0.364108 0.310688 
0 6 0 1 -0.104183 -0.293945 
0 8 0 1 -0.168938 -0.319646 
0 8 5 1 -0.190236 -0.0479807 
0 6 5 1 -0.124866 -0.0457037 
0 2 2.5 1 -0.0129153 -0.147167 
0 4 2.5 1 -0.059772 -0.157078 
0 4 5 1 -0.0696818 -0.0437815 
0 2 5 1 -0.0224754 -0.0421372 
0.5 0.5 -0.5 1 0.0471247 -0.262382 
0.5 0.5 6 1 0.0222159 0.000698122 
10.5 0.5 -0.5 1 0.498564 -0.269242 
10.5 0.5 6 1 0.456504 0.0594896 
10.5 10.5 -0.5 1 0.431385 -0.465735 
10.5 10.5 6 1 0.360312 0.120516 
0.5 10.5 -0.5 1 -0.244257 -0.393511 
0.5 10.5 6 1 -0.273654 0.0121544 
0.5 5.5 9.5 1 -0.109094 0.170963 
10.5 5.5 9.5 1 0.394486 0.297827 
0.5 6.5 -0.5 1 -0.0964924 -0.327013 
0.5 8.5 -0.5 1 -0.163133 -0.357004 
0.5 8.5 4.5 1 -0.185402 -0.0737165 
0.5 6.5 4.5 1 -0.118074 -0.0691028 
0.5 2.5 2 1 -0.00359019 -0.170411 
0.5 4.5 2 1 -0.0512727 -0.182545 
0.5 4.5 4.5 1 -0.0615885 -0.0652322 
0.5 2.5 4.5 1 -0.0135218 -0.0619384 
