0 0 0 1 -0.174697 -0.250064 
0 0 6.5 1 -0.148209 0.00516321 
10 0 0 1 0.226008 -0.300964 
10 0 6.5 1 0.250381 -0.0332841 
10 10 0 1 0.305385 -0.480881 
10 10 6.5 1 0.345377 -0.0267733 
0 10 0 1 -0.359624 -0.383737 
0 10 6.5 1 -0.313854 0.0356608 
0 5 10 1 -0.193235 0.185003 
10 5 10 1 0.301785 0.147578 
0 6 0 1 -0.262903 -0.313823 
0 8 0 1 -0.305739 -0.344786 
0 8 5 1 -0.274906 -0.0581759 
0 6 5 1 -0.23555 -0.0566084 
0 2 2.5 1 -0.187908 -0.160626 
0 4 2.5 1 -0.215702 -0.171546 
0 4 5 1 -0.20346 -0.0553303 
0 2 5 1 -0.176794 -0.0542682 
0.5 0.5 -0.5 1 -0.162983 -0.276954 
0.5 0.5 6 1 -0.135986 -0.0156814 
10.5 0.5 -0.5 1 0.247961 -0.33039 
10.5 0.5 6 1 0.272728 -0.0560539 
10.5 10.5 -0.5 1 0.346577 -0.539156 
10.5 10.5 6 1 0.387603 -0.0655593 
0.5 10.5 -0.5 1 -0.34717 -0.433766 
0.5 10.5 6 1 -0.299834 0.00220464 
0.5 5.5 9.5 1 -0.179337 0.164221 
10.5 5.5 9.5 1 0.331398 0.124413 
0.5 6.5 -0.5 1 -0.250149 -0.351165 
0.5 8.5 -0.5 1 -0.29293 -0.387587 
0.5 8.5 4.5 1 -0.261181 -0.0909602 
0.5 6.5 4.5 1 -0.22208 -0.0859114 
0.5 2.5 2 1 -0.175545 -0.18753 
0.5 4.5 2 1 -0.202921 -0.201308 
0.5 4.5 4.5 1 -0.190395 -0.0818201 
0.5 2.5 4.5 1 -0.164198 -0.0784374 
