-0.587365 -0.238255 -0.658274 0.243359 
-0.192331 -0.0622694 -0.210808 0.227897 
0.252397 -0.0998943 0.261005 0.247431 
0.110807 -0.373713 0.108329 0.289237 
-0.587365 -0.238255 -0.192331 -0.0622694 
-0.192331 -0.0622694 0.252397 -0.0998943 
0.252397 -0.0998943 0.110807 -0.373713 
0.110807 -0.373713 -0.587365 -0.238255 
-0.658274 0.243359 -0.372275 0.619988 
-0.372275 0.619988 0.108329 0.289237 
-0.210808 0.227897 -0.00133232 0.424077 
-0.00133232 0.424077 0.261005 0.247431 
-0.372275 0.619988 -0.00133232 0.424077 
-0.658274 0.243359 -0.210808 0.227897 
0.108329 0.289237 0.261005 0.247431 
-0.221805 -0.30918 -0.0668076 -0.339252 
-0.0668076 -0.339252 -0.0856943 0.121215 
-0.0856943 0.121215 -0.253331 0.122037 
-0.253331 0.122037 -0.221805 -0.30918 
-0.502379 -0.0751947 -0.377901 -0.0881643 
-0.377901 -0.0881643 -0.39921 0.122753 
-0.39921 0.122753 -0.527309 0.123381 
-0.527309 0.123381 -0.502379 -0.0751947 
