0.231491 -0.479138 0.22251 -0.152318 
0.692152 -0.730836 0.626818 -0.118247 
-0.280921 -0.88611 -0.231261 -0.0782675 
-0.284714 -0.512384 -0.259835 -0.137293 
0.231491 -0.479138 0.692152 -0.730836 
0.692152 -0.730836 -0.280921 -0.88611 
-0.280921 -0.88611 -0.284714 -0.512384 
-0.284714 -0.512384 0.231491 -0.479138 
0.22251 -0.152318 -3.20222e-05 0.0249964 
-3.20222e-05 0.0249964 -0.259835 -0.137293 
0.626818 -0.118247 0.240773 0.209285 
0.240773 0.209285 -0.231261 -0.0782675 
-3.20222e-05 0.0249964 0.240773 0.209285 
0.22251 -0.152318 0.626818 -0.118247 
-0.259835 -0.137293 -0.231261 -0.0782675 
-0.0605841 -0.497949 -0.169363 -0.504955 
-0.169363 -0.504955 -0.156424 -0.220357 
-0.156424 -0.220357 -0.0534666 -0.221403 
-0.0534666 -0.221403 -0.0605841 -0.497949 
0.137952 -0.351004 0.0431407 -0.353488 
0.0431407 -0.353488 0.0440658 -0.222395 
0.0440658 -0.222395 0.136591 -0.223336 
0.136591 -0.223336 0.137952 -0.351004 
