-0.558188 -0.409467 -0.619119 0.164276 
-0.210653 -0.205537 -0.242087 0.10109 
0.276948 -0.175604 0.244078 0.161085 
0.368863 -0.388889 0.302106 0.299939 
-0.558188 -0.409467 -0.210653 -0.205537 
-0.210653 -0.205537 0.276948 -0.175604 
0.276948 -0.175604 0.368863 -0.388889 
0.368863 -0.388889 -0.558188 -0.409467 
-0.619119 0.164276 -0.235153 0.566285 
-0.235153 0.566285 0.302106 0.299939 
-0.242087 0.10109 -0.0277272 0.303365 
-0.0277272 0.303365 0.244078 0.161085 
-0.235153 0.566285 -0.0277272 0.303365 
-0.619119 0.164276 -0.242087 0.10109 
0.302106 0.299939 0.244078 0.161085 
-0.0429631 -0.39803 0.155069 -0.393634 
0.155069 -0.393634 0.104684 0.115019 
0.104684 0.115019 -0.092451 0.091761 
-0.092451 0.091761 -0.0429631 -0.39803 
-0.42203 -0.178448 -0.251153 -0.166531 
-0.251153 -0.166531 -0.275504 0.0701642 
-0.275504 0.0701642 -0.445931 0.0500569 
-0.445931 0.0500569 -0.42203 -0.178448 
