0 0 0 1 -0.604791 -0.242496 
0 0 6.5 1 -0.558107 0.150075 
10 0 0 1 -0.146156 -0.202839 
10 0 6.5 1 -0.118446 0.065741 
10 10 0 1 0.234186 -0.307386 
10 10 6.5 1 0.267116 0.0599109 
0 10 0 1 -0.230011 -0.453171 
0 10 6.5 1 -0.162009 0.193429 
0 5 10 1 -0.378652 0.422816 
10 5 10 1 0.0607606 0.227599 
0 6 0 1 -0.426301 -0.34283 
0 8 0 1 -0.339441 -0.391657 
0 8 5 1 -0.291147 0.0507463 
0 6 5 1 -0.38173 0.0539068 
0 2 2.5 1 -0.536103 -0.104858 
0 4 2.5 1 -0.476125 -0.1222 
0 4 5 1 -0.455587 0.0564837 
0 2 5 1 -0.51696 0.058625 
0.5 0.5 -0.5 1 -0.563559 -0.276503 
0.5 0.5 6 1 -0.517551 0.115546 
10.5 0.5 -0.5 1 -0.118804 -0.226123 
10.5 0.5 6 1 -0.0913958 0.0422112 
10.5 10.5 -0.5 1 0.270658 -0.338954 
10.5 10.5 6 1 0.303049 0.0278826 
0.5 10.5 -0.5 1 -0.163677 -0.508293 
0.5 10.5 6 1 -0.0974222 0.13688 
0.5 5.5 9.5 1 -0.329357 0.379533 
10.5 5.5 9.5 1 0.0914216 0.200301 
0.5 6.5 -0.5 1 -0.37295 -0.386988 
0.5 8.5 -0.5 1 -0.2803 -0.440693 
0.5 8.5 4.5 1 -0.233081 0.000840269 
0.5 6.5 4.5 1 -0.329253 0.00904971 
0.5 2.5 2 1 -0.4918 -0.14193 
0.5 4.5 2 1 -0.427899 -0.162654 
0.5 4.5 4.5 1 -0.407721 0.0157479 
0.5 2.5 4.5 1 -0.47296 0.0213169 
