0 0 0 1 0.272342 -0.564302 
0 0 6.5 1 0.271338 -0.147553 
10 0 0 1 -0.396044 -0.711763 
10 0 6.5 1 -0.332458 -0.100418 
10 10 0 1 -0.496258 -0.46394 
10 10 6.5 1 -0.453474 -0.121354 
0 10 0 1 -0.039629 -0.420166 
0 10 6.5 1 -0.0261605 -0.14859 
0 5 10 1 0.0975924 0.0145114 
10 5 10 1 -0.384117 0.0976859 
0 6 0 1 0.0548435 -0.463814 
0 8 0 1 0.00406861 -0.440355 
0 8 5 1 0.0136427 -0.213262 
0 6 5 1 0.0630946 -0.218124 
0 2 2.5 1 0.187602 -0.373805 
0 4 2.5 1 0.117793 -0.354587 
0 4 5 1 0.120877 -0.223806 
0 2 5 1 0.189288 -0.230532 
0.5 0.5 -0.5 1 0.226119 -0.592479 
0.5 0.5 6 1 0.228244 -0.175736 
10.5 0.5 -0.5 1 -0.459406 -0.752274 
10.5 0.5 6 1 -0.390112 -0.14102 
10.5 10.5 -0.5 1 -0.53134 -0.487638 
10.5 10.5 6 1 -0.486737 -0.145025 
0.5 10.5 -0.5 1 -0.0687962 -0.439019 
0.5 10.5 6 1 -0.0540512 -0.167423 
0.5 5.5 9.5 1 0.0646632 -0.00800766 
10.5 5.5 9.5 1 -0.42486 0.0679011 
0.5 6.5 -0.5 1 0.0206178 -0.485546 
0.5 8.5 -0.5 1 -0.0274268 -0.460546 
0.5 8.5 4.5 1 -0.0166988 -0.233446 
0.5 6.5 4.5 1 0.0302276 -0.239854 
0.5 2.5 2 1 0.14722 -0.399472 
0.5 4.5 2 1 0.0811509 -0.378128 
0.5 4.5 4.5 1 0.0850284 -0.247336 
0.5 2.5 4.5 1 0.149867 -0.256189 
