0 0 0 1 0.296826 -0.322604 
0 0 6.5 1 0.257171 0.0282647 
10 0 0 1 0.28323 -0.610973 
10 0 6.5 1 0.203899 0.114841 
10 10 0 1 -0.600936 -0.555294 
10 10 6.5 1 -0.622071 -0.00292636 
0 10 0 1 -0.191711 -0.331092 
0 10 6.5 1 -0.213856 -0.0264345 
0 5 10 1 -0.0104197 0.16743 
10 5 10 1 -0.285713 0.360258 
0 6 0 1 -0.0131226 -0.327989 
0 8 0 1 -0.104908 -0.329584 
0 8 5 1 -0.124242 -0.0874509 
0 6 5 1 -0.0348832 -0.0790818 
0 2 2.5 1 0.173361 -0.191229 
0 4 2.5 1 0.0717362 -0.196898 
0 4 5 1 0.0596456 -0.0702284 
0 2 5 1 0.159806 -0.0608477 
0.5 0.5 -0.5 1 0.270847 -0.358542 
0.5 0.5 6 1 0.231155 0.000494629 
10.5 0.5 -0.5 1 0.227234 -0.700435 
10.5 0.5 6 1 0.147997 0.0611632 
10.5 10.5 -0.5 1 -0.671996 -0.62012 
10.5 10.5 6 1 -0.690523 -0.0472869 
0.5 10.5 -0.5 1 -0.222889 -0.362218 
0.5 10.5 6 1 -0.244626 -0.0514248 
0.5 5.5 9.5 1 -0.039163 0.144616 
10.5 5.5 9.5 1 -0.349709 0.323871 
0.5 6.5 -0.5 1 -0.042724 -0.360877 
0.5 8.5 -0.5 1 -0.135367 -0.361566 
0.5 8.5 4.5 1 -0.154432 -0.114395 
0.5 6.5 4.5 1 -0.0642717 -0.106642 
0.5 2.5 2 1 0.146003 -0.223034 
0.5 4.5 2 1 0.043221 -0.227865 
0.5 4.5 4.5 1 0.0312051 -0.0984308 
0.5 2.5 4.5 1 0.132482 -0.0897212 
