0 0 0 1 -0.310473 -0.0705507 
0 0 6.5 1 -0.342723 0.20996 
10 0 0 1 0.0861487 -0.0236582 
10 0 6.5 1 0.0723254 0.229123 
10 10 0 1 0.301443 -0.11109 
10 10 6.5 1 0.292358 0.289177 
0 10 0 1 -0.323214 -0.206302 
0 10 6.5 1 -0.379849 0.268271 
0 5 10 1 -0.380351 0.437336 
10 5 10 1 0.149223 0.431327 
0 6 0 1 -0.316488 -0.134632 
0 8 0 1 -0.319449 -0.16619 
0 8 5 1 -0.356748 0.149825 
0 6 5 1 -0.349511 0.147595 
0 2 2.5 1 -0.325324 0.0260872 
0 4 2.5 1 -0.328628 0.0159066 
0 4 5 1 -0.343722 0.145812 
0 2 5 1 -0.338986 0.144353 
0.5 0.5 -0.5 1 -0.286127 -0.0929444 
0.5 0.5 6 1 -0.317722 0.189989 
10.5 0.5 -0.5 1 0.112118 -0.043272 
10.5 0.5 6 1 0.0991413 0.211482 
10.5 10.5 -0.5 1 0.345983 -0.143497 
10.5 10.5 6 1 0.339496 0.261732 
0.5 10.5 -0.5 1 -0.282297 -0.246821 
0.5 10.5 6 1 -0.337065 0.234697 
0.5 5.5 9.5 1 -0.348215 0.414781 
10.5 5.5 9.5 1 0.184262 0.411729 
0.5 6.5 -0.5 1 -0.284326 -0.16528 
0.5 8.5 -0.5 1 -0.283435 -0.201101 
0.5 8.5 4.5 1 -0.319631 0.118889 
0.5 6.5 4.5 1 -0.316471 0.12012 
0.5 2.5 2 1 -0.298537 0.00251174 
0.5 4.5 2 1 -0.29922 -0.0101596 
0.5 4.5 4.5 1 -0.313954 0.1211 
0.5 2.5 4.5 1 -0.3119 0.1219 
