0.273138 -0.483382 0.244691 -0.148478 
0.710822 -0.769181 0.611279 -0.111548 
-0.342816 -0.945167 -0.328824 -0.142844 
-0.251808 -0.536041 -0.250539 -0.167228 
0.273138 -0.483382 0.710822 -0.769181 
0.710822 -0.769181 -0.342816 -0.945167 
-0.342816 -0.945167 -0.251808 -0.536041 
-0.251808 -0.536041 0.273138 -0.483382 
0.244691 -0.148478 0.000569261 0.0149871 
0.000569261 0.0149871 -0.250539 -0.167228 
0.611279 -0.111548 0.157323 0.198681 
0.157323 0.198681 -0.328824 -0.142844 
0.000569261 0.0149871 0.157323 0.198681 
0.244691 -0.148478 0.611279 -0.111548 
-0.250539 -0.167228 -0.328824 -0.142844 
-0.0299978 -0.513791 -0.13878 -0.524703 
-0.13878 -0.524703 -0.143139 -0.242696 
-0.143139 -0.242696 -0.0393181 -0.23734 
-0.0393181 -0.23734 -0.0299978 -0.513791 
0.166443 -0.357127 0.0676491 -0.364571 
0.0676491 -0.364571 0.0608492 -0.232173 
0.0608492 -0.232173 0.157552 -0.227185 
0.157552 -0.227185 0.166443 -0.357127 
