0.297399 -0.330522 0.25767 0.0207877 
0.29546 -0.614649 0.215348 0.113793 
-0.603538 -0.56268 -0.619216 -0.00337934 
-0.194322 -0.339529 -0.214849 -0.0328971 
0.297399 -0.330522 0.29546 -0.614649 
0.29546 -0.614649 -0.603538 -0.56268 
-0.603538 -0.56268 -0.194322 -0.339529 
-0.194322 -0.339529 0.297399 -0.330522 
0.25767 0.0207877 -0.00959148 0.160246 
-0.00959148 0.160246 -0.214849 -0.0328971 
0.215348 0.113793 -0.27553 0.358918 
-0.27553 0.358918 -0.619216 -0.00337934 
-0.00959148 0.160246 -0.27553 0.358918 
0.25767 0.0207877 0.215348 0.113793 
-0.214849 -0.0328971 -0.619216 -0.00337934 
-0.0140397 -0.336227 -0.106619 -0.337923 
-0.106619 -0.337923 -0.124936 -0.0942385 
-0.124936 -0.0942385 -0.0350244 -0.0859661 
-0.0350244 -0.0859661 -0.0140397 -0.336227 
0.17371 -0.198606 0.0717249 -0.204265 
0.0717249 -0.204265 0.0599063 -0.077232 
0.0599063 -0.077232 0.160288 -0.0679963 
0.160288 -0.0679963 0.17371 -0.198606 
