0 0 0 1 0.161693 -0.182193 
0 0 6.5 1 0.190427 0.0987484 
10 0 0 1 0.595759 -0.334698 
10 0 6.5 1 0.644533 0.118691 
10 10 0 1 -0.022736 -0.418667 
10 10 6.5 1 0.046059 0.266618 
0 10 0 1 -0.274207 -0.185498 
0 10 6.5 1 -0.23967 0.16998 
0 5 10 1 0.0175673 0.300147 
10 5 10 1 0.437454 0.474325 
0 6 0 1 -0.0748445 -0.183986 
0 8 0 1 -0.169522 -0.184704 
0 8 5 1 -0.143998 0.0747241 
0 6 5 1 -0.0502688 0.0630078 
0 2 2.5 1 0.101143 -0.0701932 
0 4 2.5 1 0.0230236 -0.0656484 
0 4 5 1 0.034885 0.0523634 
0 2 5 1 0.112589 0.0426502 
0.5 0.5 -0.5 1 0.155522 -0.209383 
0.5 0.5 6 1 0.185103 0.0799466 
10.5 0.5 -0.5 1 0.607083 -0.386936 
10.5 0.5 6 1 0.658345 0.0887092 
10.5 10.5 -0.5 1 -0.0525551 -0.50595 
10.5 10.5 6 1 0.0212924 0.23149 
0.5 10.5 -0.5 1 -0.298785 -0.220277 
0.5 10.5 6 1 -0.263025 0.14874 
0.5 5.5 9.5 1 0.00572288 0.285855 
10.5 5.5 9.5 1 0.441744 0.459314 
0.5 6.5 -0.5 1 -0.0901036 -0.215273 
0.5 8.5 -0.5 1 -0.189016 -0.217645 
0.5 8.5 4.5 1 -0.162623 0.0511393 
0.5 6.5 4.5 1 -0.0647222 0.0401867 
0.5 2.5 2 1 0.0927788 -0.0951201 
0.5 4.5 2 1 0.0116894 -0.0916017 
0.5 4.5 4.5 1 0.0239261 0.0302693 
0.5 2.5 4.5 1 0.104574 0.0212469 
