0 0 0 1 0.241537 -0.223752 
0 0 6.5 1 0.281467 0.145528 
10 0 0 1 -0.286082 -0.318474 
10 0 6.5 1 -0.232 0.284373 
10 10 0 1 -0.539358 -0.138973 
10 10 6.5 1 -0.510637 0.219218 
0 10 0 1 -0.0986247 -0.120843 
0 10 6.5 1 -0.073706 0.139511 
0 5 10 1 0.0897034 0.309188 
10 5 10 1 -0.38644 0.49136 
0 6 0 1 0.0101534 -0.153752 
0 8 0 1 -0.0476436 -0.136266 
0 8 5 1 -0.0269256 0.0760819 
0 6 5 1 0.0327308 0.072765 
0 2 2.5 1 0.166149 -0.0667209 
0 4 2.5 1 0.0885663 -0.052906 
0 4 5 1 0.101008 0.0689688 
0 2 5 1 0.179919 0.0645814 
0.5 0.5 -0.5 1 0.198264 -0.247347 
0.5 0.5 6 1 0.23752 0.120627 
10.5 0.5 -0.5 1 -0.353983 -0.356331 
10.5 0.5 6 1 -0.301591 0.243042 
10.5 10.5 -0.5 1 -0.579211 -0.162021 
10.5 10.5 6 1 -0.551069 0.194943 
0.5 10.5 -0.5 1 -0.128524 -0.137688 
0.5 10.5 6 1 -0.103927 0.122016 
0.5 5.5 9.5 1 0.0536385 0.288142 
10.5 5.5 9.5 1 -0.438101 0.459688 
0.5 6.5 -0.5 1 -0.0239664 -0.172774 
0.5 8.5 -0.5 1 -0.0795142 -0.154134 
0.5 8.5 4.5 1 -0.0590768 0.0576522 
0.5 6.5 4.5 1 -0.00171061 0.0531034 
0.5 2.5 2 1 0.12621 -0.0889877 
0.5 4.5 2 1 0.0516717 -0.0736063 
0.5 4.5 4.5 1 0.0639261 0.0478986 
0.5 2.5 4.5 1 0.139761 0.0418853 
