-0.560701 -0.395223 -0.625357 0.173084 
-0.210194 -0.19284 -0.242275 0.112625 
0.275238 -0.164504 0.243668 0.172791 
0.354947 -0.379823 0.291392 0.30952 
-0.560701 -0.395223 -0.210194 -0.19284 
-0.210194 -0.19284 0.275238 -0.164504 
0.275238 -0.164504 0.354947 -0.379823 
0.354947 -0.379823 -0.560701 -0.395223 
-0.625357 0.173084 -0.246696 0.577833 
-0.246696 0.577833 0.291392 0.30952 
-0.242275 0.112625 -0.0286465 0.315855 
-0.0286465 0.315855 0.243668 0.172791 
-0.246696 0.577833 -0.0286465 0.315855 
-0.625357 0.173084 -0.242275 0.112625 
0.291392 0.30952 0.243668 0.172791 
-0.0537249 -0.386696 0.142407 -0.383397 
0.142407 -0.383397 0.0931464 0.123384 
0.0931464 0.123384 -0.103309 0.100262 
-0.103309 0.100262 -0.0537249 -0.386696 
-0.428545 -0.167964 -0.260003 -0.15672 
-0.260003 -0.15672 -0.285 0.0788769 
-0.285 0.0788769 -0.453532 0.0590411 
-0.453532 0.0590411 -0.428545 -0.167964 
