-0.184452 -0.184425 -0.160037 0.0696147 
0.210823 -0.230492 0.238226 0.0308399 
0.302228 -0.395505 0.349161 0.0421157 
-0.351271 -0.312062 -0.312555 0.105489 
-0.184452 -0.184425 0.210823 -0.230492 
0.210823 -0.230492 0.302228 -0.395505 
0.302228 -0.395505 -0.351271 -0.312062 
-0.351271 -0.312062 -0.184452 -0.184425 
-0.160037 0.0696147 -0.201327 0.255072 
-0.201327 0.255072 -0.312555 0.105489 
0.238226 0.0308399 0.29845 0.213207 
0.29845 0.213207 0.349161 0.0421157 
-0.201327 0.255072 0.29845 0.213207 
-0.160037 0.0696147 0.238226 0.0308399 
-0.312555 0.105489 0.349161 0.0421157 
-0.264083 -0.245352 -0.302714 -0.27491 
-0.302714 -0.27491 -0.276098 0.00912083 
-0.276098 0.00912083 -0.239987 0.00965043 
-0.239987 0.00965043 -0.264083 -0.245352 
-0.196387 -0.0956688 -0.221639 -0.10589 
-0.221639 -0.10589 -0.210607 0.0100813 
-0.210607 0.0100813 -0.186237 0.0104387 
-0.186237 0.0104387 -0.196387 -0.0956688 
