-0.39003 -0.788078 -0.302355 -0.0329221 
-0.301333 -0.425192 -0.262025 -0.0699394 
0.208069 -0.432504 0.22441 -0.111696 
0.602523 -0.731526 0.605359 -0.116912 
-0.39003 -0.788078 -0.301333 -0.425192 
-0.301333 -0.425192 0.208069 -0.432504 
0.208069 -0.432504 0.602523 -0.731526 
0.602523 -0.731526 -0.39003 -0.788078 
-0.302355 -0.0329221 0.214289 0.244604 
0.214289 0.244604 0.605359 -0.116912 
-0.262025 -0.0699394 0.00720865 0.0788585 
0.00720865 0.0788585 0.22441 -0.111696 
0.214289 0.244604 0.00720865 0.0788585 
-0.302355 -0.0329221 -0.262025 -0.0699394 
0.605359 -0.116912 0.22441 -0.111696 
0.25572 -0.751286 0.436137 -0.741006 
0.436137 -0.741006 0.447823 -0.241643 
0.447823 -0.241643 0.27845 -0.231501 
0.27845 -0.231501 0.25572 -0.751286 
-0.128697 -0.482327 0.0778095 -0.48296 
0.0778095 -0.48296 0.0950765 -0.220519 
0.0950765 -0.220519 -0.104108 -0.208591 
-0.104108 -0.208591 -0.128697 -0.482327 
