0 0 0 1 -0.555614 -0.424493 
0 0 6.5 1 -0.612543 0.15486 
10 0 0 1 -0.211143 -0.218723 
10 0 6.5 1 -0.241784 0.0891692 
10 10 0 1 0.278667 -0.18746 
10 10 6.5 1 0.244641 0.148718 
0 10 0 1 0.382783 -0.39927 
0 10 6.5 1 0.312918 0.289061 
0 5 10 1 -0.223289 0.553839 
10 5 10 1 -0.0265999 0.290409 
0 6 0 1 -0.0320822 -0.410421 
0 8 0 1 0.167808 -0.405048 
0 8 5 1 0.116366 0.105508 
0 6 5 1 -0.0813841 0.0822629 
0 2 2.5 1 -0.415315 -0.189704 
0 4 2.5 1 -0.242106 -0.177225 
0 4 5 1 -0.265751 0.0605908 
0 2 5 1 -0.438049 0.0403374 
0.5 0.5 -0.5 1 -0.481988 -0.447881 
0.5 0.5 6 1 -0.537083 0.111415 
10.5 0.5 -0.5 1 -0.177845 -0.235219 
10.5 0.5 6 1 -0.207945 0.0669155 
10.5 10.5 -0.5 1 0.304943 -0.206084 
10.5 10.5 6 1 0.271583 0.123241 
0.5 10.5 -0.5 1 0.431204 -0.427924 
0.5 10.5 6 1 0.364091 0.232278 
0.5 5.5 9.5 1 -0.156282 0.491879 
10.5 5.5 9.5 1 0.00446948 0.263274 
0.5 6.5 -0.5 1 0.0289538 -0.436714 
0.5 8.5 -0.5 1 0.223056 -0.432473 
0.5 8.5 4.5 1 0.173555 0.0579365 
0.5 6.5 4.5 1 -0.0185633 0.0371821 
0.5 2.5 2 1 -0.344448 -0.222226 
0.5 4.5 2 1 -0.175337 -0.211269 
0.5 4.5 4.5 1 -0.19816 0.0177803 
0.5 2.5 4.5 1 -0.366422 -0.000396846 
