0 0 0 1 -0.171909 -0.265829 
0 0 6.5 1 -0.145232 -0.00994939 
10 0 0 1 0.230498 -0.317581 
10 0 6.5 1 0.253753 -0.0479031 
10 10 0 1 0.30708 -0.500895 
10 10 6.5 1 0.344807 -0.0418427 
0 10 0 1 -0.361284 -0.400797 
0 10 6.5 1 -0.314202 0.0196678 
0 5 10 1 -0.191427 0.168929 
10 5 10 1 0.302767 0.133118 
0 6 0 1 -0.26222 -0.330193 
0 8 0 1 -0.306089 -0.361459 
0 8 5 1 -0.274523 -0.0737997 
0 6 5 1 -0.234355 -0.0720658 
0 2 2.5 1 -0.185561 -0.176043 
0 4 2.5 1 -0.213985 -0.18709 
0 4 5 1 -0.201585 -0.0706513 
0 2 5 1 -0.174341 -0.0694754 
0.5 0.5 -0.5 1 -0.160351 -0.29292 
0.5 0.5 6 1 -0.133188 -0.0307806 
10.5 0.5 -0.5 1 0.252641 -0.347402 
10.5 0.5 6 1 0.276195 -0.0707622 
10.5 10.5 -0.5 1 0.348737 -0.560438 
10.5 10.5 6 1 0.387176 -0.0808481 
0.5 10.5 -0.5 1 -0.349412 -0.451362 
0.5 10.5 6 1 -0.300744 -0.0137262 
0.5 5.5 9.5 1 -0.177847 0.148288 
10.5 5.5 9.5 1 0.332404 0.110014 
0.5 6.5 -0.5 1 -0.249791 -0.367875 
0.5 8.5 -0.5 1 -0.293709 -0.404681 
0.5 8.5 4.5 1 -0.261226 -0.106622 
0.5 6.5 4.5 1 -0.221219 -0.101404 
0.5 2.5 2 1 -0.173402 -0.203072 
0.5 4.5 2 1 -0.201461 -0.216998 
0.5 4.5 4.5 1 -0.188784 -0.0971739 
0.5 2.5 4.5 1 -0.161957 -0.0936752 
