0 0 0 1 -0.514561 -0.851717 
0 0 6.5 1 -0.457946 -0.0964902 
10 0 0 1 -0.261692 -0.505158 
10 0 6.5 1 -0.249673 -0.148475 
10 10 0 1 0.275231 -0.490371 
10 10 6.5 1 0.252885 -0.141921 
0 10 0 1 0.61757 -0.805063 
0 10 6.5 1 0.531475 -0.0857699 
0 5 10 1 0.0389744 0.233396 
10 5 10 1 0.00150756 0.0265307 
0 6 0 1 0.17733 -0.823205 
0 8 0 1 0.399475 -0.814051 
0 8 5 1 0.352335 -0.23883 
0 6 5 1 0.151984 -0.242264 
0 2 2.5 1 -0.268697 -0.529812 
0 4 2.5 1 -0.0504336 -0.523584 
0 4 5 1 -0.0517422 -0.245755 
0 2 5 1 -0.258931 -0.249306 
0.5 0.5 -0.5 1 -0.436929 -0.87768 
0.5 0.5 6 1 -0.392211 -0.149485 
10.5 0.5 -0.5 1 -0.230034 -0.525193 
10.5 0.5 6 1 -0.220273 -0.174556 
10.5 10.5 -0.5 1 0.294699 -0.510295 
10.5 10.5 6 1 0.27159 -0.167611 
0.5 10.5 -0.5 1 0.642302 -0.831935 
0.5 10.5 6 1 0.556574 -0.137144 
0.5 5.5 9.5 1 0.081145 0.172471 
10.5 5.5 9.5 1 0.0247216 -0.00187929 
0.5 6.5 -0.5 1 0.222097 -0.849746 
0.5 8.5 -0.5 1 0.434047 -0.840762 
0.5 8.5 4.5 1 0.385501 -0.285968 
0.5 6.5 4.5 1 0.19348 -0.289641 
0.5 2.5 2 1 -0.206277 -0.568063 
0.5 4.5 2 1 0.00215116 -0.561776 
0.5 4.5 4.5 1 -0.00164522 -0.293374 
0.5 2.5 4.5 1 -0.199952 -0.297168 
