0 0 0 1 0.126538 -0.0427875 
0 0 6.5 1 0.141496 0.226286 
10 0 0 1 0.550567 -0.157851 
10 0 6.5 1 0.605315 0.230004 
10 10 0 1 0.15743 -0.337043 
10 10 6.5 1 0.197653 0.27863 
0 10 0 1 -0.249265 -0.109671 
0 10 6.5 1 -0.255661 0.252242 
0 5 10 1 -0.0221334 0.419414 
10 5 10 1 0.484514 0.544493 
0 6 0 1 -0.0720461 -0.0781306 
0 8 0 1 -0.155035 -0.0929006 
0 8 5 1 -0.15481 0.163587 
0 6 5 1 -0.0679187 0.163034 
0 2 2.5 1 0.0720599 0.0521867 
0 4 2.5 1 0.00510078 0.0462892 
0 4 5 1 0.00875656 0.162546 
0 2 5 1 0.0769172 0.162112 
0.5 0.5 -0.5 1 0.126116 -0.0695956 
0.5 0.5 6 1 0.141441 0.205045 
10.5 0.5 -0.5 1 0.565212 -0.201032 
10.5 0.5 6 1 0.62326 0.198439 
10.5 10.5 -0.5 1 0.158229 -0.416768 
10.5 10.5 6 1 0.201199 0.228526 
0.5 10.5 -0.5 1 -0.26237 -0.148091 
0.5 10.5 6 1 -0.269963 0.223949 
0.5 5.5 9.5 1 -0.0273044 0.399987 
10.5 5.5 9.5 1 0.50211 0.518807 
0.5 6.5 -0.5 1 -0.0783566 -0.11091 
0.5 8.5 -0.5 1 -0.164345 -0.128285 
0.5 8.5 4.5 1 -0.164597 0.134775 
0.5 6.5 4.5 1 -0.0744095 0.13606 
0.5 2.5 2 1 0.0701557 0.0258438 
0.5 4.5 2 1 0.0011968 0.0182225 
0.5 4.5 4.5 1 0.00486876 0.13719 
0.5 2.5 4.5 1 0.0751041 0.13819 
