0.157932 -0.324045 0.13959 0.311252 
-0.240241 -0.13175 -0.275238 0.228384 
0.141873 -0.0405604 0.133642 0.231816 
0.57791 -0.12044 0.596161 0.284512 
0.157932 -0.324045 -0.240241 -0.13175 
-0.240241 -0.13175 0.141873 -0.0405604 
0.141873 -0.0405604 0.57791 -0.12044 
0.57791 -0.12044 0.157932 -0.324045 
0.13959 0.311252 0.427431 0.598452 
0.427431 0.598452 0.596161 0.284512 
-0.275238 0.228384 -0.0515068 0.411513 
-0.0515068 0.411513 0.133642 0.231816 
0.427431 0.598452 -0.0515068 0.411513 
0.13959 0.311252 -0.275238 0.228384 
0.596161 0.284512 0.133642 0.231816 
0.452283 -0.181343 0.519967 -0.14853 
0.519967 -0.14853 0.531579 0.181517 
0.531579 0.181517 0.460686 0.17613 
0.460686 0.17613 0.452283 -0.181343 
0.274317 -0.0603967 0.373969 -0.031737 
0.373969 -0.031737 0.375885 0.169687 
0.375885 0.169687 0.272636 0.161841 
0.272636 0.161841 0.274317 -0.0603967 
