0.0739202 -0.103283 0.0538201 0.152642 
0.502921 -0.135061 0.491729 0.204183 
0.31332 -0.341625 0.282371 0.226879 
-0.237878 -0.224138 -0.279504 0.143645 
0.0739202 -0.103283 0.502921 -0.135061 
0.502921 -0.135061 0.31332 -0.341625 
0.31332 -0.341625 -0.237878 -0.224138 
-0.237878 -0.224138 0.0739202 -0.103283 
0.0538201 0.152642 -0.0977258 0.319717 
-0.0977258 0.319717 -0.279504 0.143645 
0.491729 0.204183 0.404543 0.457863 
0.404543 0.457863 0.282371 0.226879 
-0.0977258 0.319717 0.404543 0.457863 
0.0538201 0.152642 0.491729 0.204183 
-0.279504 0.143645 0.282371 0.226879 
-0.0852461 -0.164977 -0.15541 -0.192173 
-0.15541 -0.192173 -0.182224 0.0658317 
-0.182224 0.0658317 -0.108213 0.0739837 
-0.108213 0.0739837 -0.0852461 -0.164977 
0.0191437 -0.018211 -0.034656 -0.0315976 
-0.034656 -0.0315976 -0.0447217 0.0809769 
-0.0447217 0.0809769 0.0103433 0.087042 
0.0103433 0.087042 0.0191437 -0.018211 
