0 0 0 1 -0.316031 -0.659238 
0 0 6.5 1 -0.235999 0.0640081 
10 0 0 1 -0.293825 -0.336162 
10 0 6.5 1 -0.254999 0.0120353 
10 10 0 1 0.196791 -0.346108 
10 10 6.5 1 0.221522 -0.039496 
0 10 0 1 0.591723 -0.604815 
0 10 6.5 1 0.62275 -0.0405955 
0 5 10 1 0.271189 0.326571 
10 5 10 1 0.0146404 0.154742 
0 6 0 1 0.282514 -0.623353 
0 8 0 1 0.444407 -0.613647 
0 8 5 1 0.47373 -0.155822 
0 6 5 1 0.318038 -0.143261 
0 2 2.5 1 -0.0683527 -0.375623 
0 4 2.5 1 0.125544 -0.377766 
0 4 5 1 0.146642 -0.129433 
0 2 5 1 -0.0429591 -0.114136 
0.5 0.5 -0.5 1 -0.264917 -0.678998 
0.5 0.5 6 1 -0.191717 0.00269379 
10.5 0.5 -0.5 1 -0.269167 -0.355748 
10.5 0.5 6 1 -0.232015 -0.017466 
10.5 10.5 -0.5 1 0.205413 -0.363097 
10.5 10.5 6 1 0.229334 -0.0642002 
0.5 10.5 -0.5 1 0.588261 -0.622957 
0.5 10.5 6 1 0.617962 -0.0843479 
0.5 5.5 9.5 1 0.283816 0.26006 
10.5 5.5 9.5 1 0.0285457 0.123435 
0.5 6.5 -0.5 1 0.29498 -0.642221 
0.5 8.5 -0.5 1 0.448186 -0.632158 
0.5 8.5 4.5 1 0.475976 -0.196204 
0.5 6.5 4.5 1 0.328339 -0.186124 
0.5 2.5 2 1 -0.0347832 -0.410258 
0.5 4.5 2 1 0.146954 -0.410607 
0.5 4.5 4.5 1 0.166608 -0.175082 
0.5 2.5 4.5 1 -0.0113356 -0.162933 
