0 0 0 1 0.33747 -0.283409 
0 0 6.5 1 0.293174 0.119609 
10 0 0 1 -0.315862 -0.399432 
10 0 6.5 1 -0.356842 0.0786033 
10 10 0 1 -0.289226 -0.258302 
10 10 6.5 1 -0.313527 0.0205676 
0 10 0 1 0.114966 -0.199742 
0 10 6.5 1 0.0892802 0.0518134 
0 5 10 1 0.150557 0.241826 
10 5 10 1 -0.345645 0.227973 
0 6 0 1 0.180232 -0.224283 
0 8 0 1 0.144935 -0.211011 
0 8 5 1 0.123301 -0.00129912 
0 6 5 1 0.156396 0.00402598 
0 2 2.5 1 0.258705 -0.119965 
0 4 2.5 1 0.209093 -0.114307 
0 4 5 1 0.19589 0.0103807 
0 2 5 1 0.243839 0.0180957 
0.5 0.5 -0.5 1 0.296356 -0.312432 
0.5 0.5 6 1 0.253566 0.082691 
10.5 0.5 -0.5 1 -0.348235 -0.430808 
10.5 0.5 6 1 -0.387672 0.0361552 
10.5 10.5 -0.5 1 -0.308655 -0.278807 
10.5 10.5 6 1 -0.332411 -0.00374076 
0.5 10.5 -0.5 1 0.0920871 -0.219054 
0.5 10.5 6 1 0.0669431 0.029402 
0.5 5.5 9.5 1 0.122356 0.211493 
10.5 5.5 9.5 1 -0.368628 0.193927 
0.5 6.5 -0.5 1 0.152341 -0.246598 
0.5 8.5 -0.5 1 0.119789 -0.231718 
0.5 8.5 4.5 1 0.0986496 -0.0248033 
0.5 6.5 4.5 1 0.129099 -0.0216 
0.5 2.5 2 1 0.223603 -0.148822 
0.5 4.5 2 1 0.178178 -0.140503 
0.5 4.5 4.5 1 0.165336 -0.0177878 
0.5 2.5 4.5 1 0.209187 -0.0131746 
