0 0 0 1 -0.214757 -0.0208997 
0 0 6.5 1 -0.205678 0.242539 
10 0 0 1 0.177544 -0.0440674 
10 0 6.5 1 0.201825 0.214045 
10 10 0 1 0.309016 -0.167408 
10 10 6.5 1 0.358085 0.254934 
0 10 0 1 -0.332172 -0.132659 
0 10 6.5 1 -0.324742 0.304171 
0 5 10 1 -0.244661 0.456432 
10 5 10 1 0.279436 0.415236 
0 6 0 1 -0.270785 -0.0742292 
0 8 0 1 -0.297979 -0.100113 
0 8 5 1 -0.291489 0.192822 
0 6 5 1 -0.263898 0.18856 
0 2 2.5 1 -0.226809 0.0715435 
0 4 2.5 1 -0.245191 0.0638665 
0 4 5 1 -0.241615 0.185119 
0 2 5 1 -0.223244 0.182281 
0.5 0.5 -0.5 1 -0.198812 -0.0453525 
0.5 0.5 6 1 -0.188936 0.2215 
10.5 0.5 -0.5 1 0.199426 -0.0684854 
10.5 0.5 6 1 0.224977 0.192896 
10.5 10.5 -0.5 1 0.348379 -0.210725 
10.5 10.5 6 1 0.401447 0.220412 
0.5 10.5 -0.5 1 -0.308825 -0.176248 
0.5 10.5 6 1 -0.299571 0.270031 
0.5 5.5 9.5 1 -0.223798 0.433789 
10.5 5.5 9.5 1 0.310949 0.392218 
0.5 6.5 -0.5 1 -0.251023 -0.107474 
0.5 8.5 -0.5 1 -0.276551 -0.137848 
0.5 8.5 4.5 1 -0.268918 0.160575 
0.5 6.5 4.5 1 -0.243176 0.159728 
0.5 2.5 2 1 -0.209413 0.0461781 
0.5 4.5 2 1 -0.226476 0.0359082 
0.5 4.5 4.5 1 -0.222485 0.159046 
0.5 2.5 4.5 1 -0.205491 0.158487 
