0.344801 -0.405391 0.297018 0.00415131 
-0.323388 -0.539757 -0.34636 -0.028832 
-0.320473 -0.367707 -0.334017 -0.0739168 
0.0963738 -0.304812 0.0729118 -0.0476292 
0.344801 -0.405391 -0.323388 -0.539757 
-0.323388 -0.539757 -0.320473 -0.367707 
-0.320473 -0.367707 0.0963738 -0.304812 
0.0963738 -0.304812 0.344801 -0.405391 
0.297018 0.00415131 0.143614 0.133908 
0.143614 0.133908 0.0729118 -0.0476292 
-0.34636 -0.028832 -0.347204 0.131635 
-0.347204 0.131635 -0.334017 -0.0739168 
0.143614 0.133908 -0.347204 0.131635 
0.297018 0.00415131 -0.34636 -0.028832 
0.0729118 -0.0476292 -0.334017 -0.0739168 
0.169389 -0.334373 0.129916 -0.318392 
0.129916 -0.318392 0.109536 -0.103176 
0.109536 -0.103176 0.146262 -0.100207 
0.146262 -0.100207 0.169389 -0.334373 
0.257977 -0.232337 0.203032 -0.223279 
0.203032 -0.223279 0.189916 -0.0966786 
0.189916 -0.0966786 0.242662 -0.0924148 
0.242662 -0.0924148 0.257977 -0.232337 
