0.316611 -0.231325 0.363916 0.201448 
-0.311162 -0.175844 -0.313638 0.231743 
-0.151305 -0.0458927 -0.145597 0.207841 
0.237993 -0.0743888 0.262265 0.1889 
0.316611 -0.231325 -0.311162 -0.175844 
-0.311162 -0.175844 -0.151305 -0.0458927 
-0.151305 -0.0458927 0.237993 -0.0743888 
0.237993 -0.0743888 0.316611 -0.231325 
0.363916 0.201448 0.319045 0.38642 
0.319045 0.38642 0.262265 0.1889 
-0.313638 0.231743 -0.207006 0.40028 
-0.207006 0.40028 -0.145597 0.207841 
0.319045 0.38642 -0.207006 0.40028 
0.363916 0.201448 -0.313638 0.231743 
0.262265 0.1889 -0.145597 0.207841 
0.260713 -0.119742 0.248391 -0.0951453 
0.248391 -0.0951453 0.268891 0.122026 
0.268891 0.122026 0.283717 0.117327 
0.283717 0.117327 0.260713 -0.119742 
0.308484 -0.0443064 0.288325 -0.0218784 
0.288325 -0.0218784 0.301708 0.111624 
0.301708 0.111624 0.324 0.104558 
0.324 0.104558 0.308484 -0.0443064 
