0 0 0 1 -0.102541 -0.316798 
0 0 6.5 1 -0.0518702 0.376772 
10 0 0 1 -0.258791 -0.0903123 
10 0 6.5 1 -0.240125 0.262376 
10 10 0 1 0.189865 -0.087841 
10 10 6.5 1 0.220313 0.201687 
0 10 0 1 0.601043 -0.2471 
0 10 6.5 1 0.67671 0.238115 
0 5 10 1 0.419746 0.635731 
10 5 10 1 0.0275406 0.410232 
0 6 0 1 0.374902 -0.269502 
0 8 0 1 0.494922 -0.257613 
0 8 5 1 0.551122 0.13394 
0 6 5 1 0.428998 0.148377 
0 2 2.5 1 0.10283 -0.0640141 
0 4 2.5 1 0.262792 -0.0648806 
0 4 5 1 0.288844 0.164945 
0 2 5 1 0.126347 0.184155 
0.5 0.5 -0.5 1 -0.0738953 -0.33764 
0.5 0.5 6 1 -0.0247515 0.303286 
10.5 0.5 -0.5 1 -0.237845 -0.109659 
10.5 0.5 6 1 -0.219056 0.228918 
10.5 10.5 -0.5 1 0.193703 -0.104008 
10.5 10.5 6 1 0.223324 0.175939 
0.5 10.5 -0.5 1 0.586954 -0.265659 
0.5 10.5 6 1 0.657899 0.193197 
0.5 5.5 9.5 1 0.41322 0.556159 
10.5 5.5 9.5 1 0.0376338 0.374199 
0.5 6.5 -0.5 1 0.371658 -0.289109 
0.5 8.5 -0.5 1 0.485575 -0.276701 
0.5 8.5 4.5 1 0.538289 0.0925845 
0.5 6.5 4.5 1 0.42245 0.103503 
0.5 2.5 2 1 0.116764 -0.100369 
0.5 4.5 2 1 0.266063 -0.0987275 
0.5 4.5 4.5 1 0.290574 0.115933 
0.5 2.5 4.5 1 0.139083 0.130212 
