0.123838 -0.0409058 0.137006 0.22748 
0.547793 -0.152627 0.600154 0.232203 
0.165993 -0.336845 0.203282 0.274562 
-0.248422 -0.112161 -0.257483 0.249681 
0.123838 -0.0409058 0.547793 -0.152627 
0.547793 -0.152627 0.165993 -0.336845 
0.165993 -0.336845 -0.248422 -0.112161 
-0.248422 -0.112161 0.123838 -0.0409058 
0.137006 0.22748 -0.0263977 0.419019 
-0.0263977 0.419019 -0.257483 0.249681 
0.600154 0.232203 0.48209 0.542598 
0.48209 0.542598 0.203282 0.274562 
-0.0263977 0.419019 0.48209 0.542598 
0.137006 0.22748 0.600154 0.232203 
-0.257483 0.249681 0.203282 0.274562 
-0.0725975 -0.0785059 -0.154872 -0.0942542 
-0.154872 -0.0942542 -0.156466 0.161956 
-0.156466 0.161956 -0.0701364 0.162279 
-0.0701364 0.162279 -0.0725975 -0.0785059 
0.0693551 0.053118 0.00306804 0.046498 
0.00306804 0.046498 0.00593577 0.162564 
0.00593577 0.162564 0.0734763 0.162816 
0.0734763 0.162816 0.0693551 0.053118 
