-0.00855962 -0.346809 -0.0205055 -0.0843426 
0.428511 -0.358099 0.391918 -0.0469043 
0.404202 -0.515913 0.34409 0.0271387 
-0.276775 -0.457958 -0.277237 -0.047903 
-0.00855962 -0.346809 0.428511 -0.358099 
0.428511 -0.358099 0.404202 -0.515913 
0.404202 -0.515913 -0.276775 -0.457958 
-0.276775 -0.457958 -0.00855962 -0.346809 
-0.0205055 -0.0843426 -0.126272 0.0888223 
-0.126272 0.0888223 -0.277237 -0.047903 
0.391918 -0.0469043 0.352056 0.173048 
0.352056 0.173048 0.34409 0.0271387 
-0.126272 0.0888223 0.352056 0.173048 
-0.0205055 -0.0843426 0.391918 -0.0469043 
-0.277237 -0.047903 0.34409 0.0271387 
-0.139515 -0.401077 -0.201097 -0.426597 
-0.201097 -0.426597 -0.204976 -0.139071 
-0.204976 -0.139071 -0.14568 -0.140275 
-0.14568 -0.140275 -0.139515 -0.401077 
-0.0497621 -0.250065 -0.0923354 -0.258205 
-0.0923354 -0.258205 -0.0960919 -0.141281 
-0.0960919 -0.141281 -0.0540067 -0.142135 
-0.0540067 -0.142135 -0.0497621 -0.250065 
