0 0 0 1 -0.36839 -0.365802 
0 0 6.5 1 -0.392522 -0.0606939 
10 0 0 1 0.0470669 -0.277993 
10 0 6.5 1 0.0220681 -0.0242182 
10 10 0 1 0.327978 -0.380229 
10 10 6.5 1 0.284451 0.0122747 
0 10 0 1 -0.297314 -0.56872 
0 10 6.5 1 -0.340603 -0.0381563 
0 5 10 1 -0.389697 0.150576 
10 5 10 1 0.108603 0.152549 
0 6 0 1 -0.335492 -0.459723 
0 8 0 1 -0.318866 -0.507189 
0 8 5 1 -0.347751 -0.149881 
0 6 5 1 -0.360883 -0.143346 
0 2 2.5 1 -0.369745 -0.261821 
0 4 2.5 1 -0.360106 -0.279139 
0 4 5 1 -0.371357 -0.138135 
0 2 5 1 -0.379905 -0.133882 
0.5 0.5 -0.5 1 -0.339172 -0.390467 
0.5 0.5 6 1 -0.364016 -0.0812484 
10.5 0.5 -0.5 1 0.0756801 -0.297587 
10.5 0.5 6 1 0.0500873 -0.0409737 
10.5 10.5 -0.5 1 0.377115 -0.412418 
10.5 10.5 6 1 0.331999 -0.0130825 
0.5 10.5 -0.5 1 -0.244416 -0.616518 
0.5 10.5 6 1 -0.289933 -0.0734058 
0.5 5.5 9.5 1 -0.353805 0.128005 
10.5 5.5 9.5 1 0.14346 0.134536 
0.5 6.5 -0.5 1 -0.295533 -0.494573 
0.5 8.5 -0.5 1 -0.273335 -0.547528 
0.5 8.5 4.5 1 -0.303516 -0.182844 
0.5 6.5 4.5 1 -0.321932 -0.172426 
0.5 2.5 2 1 -0.337983 -0.287236 
0.5 4.5 2 1 -0.324914 -0.307442 
0.5 4.5 4.5 1 -0.336564 -0.164149 
0.5 2.5 4.5 1 -0.348469 -0.157415 
