0.216229 -0.45231 0.214619 -0.13217 
0.675436 -0.685039 0.627364 -0.0973099 
-0.251968 -0.822804 -0.195062 -0.0321414 
-0.291343 -0.477173 -0.260416 -0.105141 
0.216229 -0.45231 0.675436 -0.685039 
0.675436 -0.685039 -0.251968 -0.822804 
-0.251968 -0.822804 -0.291343 -0.477173 
-0.291343 -0.477173 0.216229 -0.45231 
0.214619 -0.13217 0.00042731 0.0491243 
0.00042731 0.0491243 -0.260416 -0.105141 
0.627364 -0.0973099 0.267279 0.234933 
0.267279 0.234933 -0.195062 -0.0321414 
0.00042731 0.0491243 0.267279 0.234933 
0.214619 -0.13217 0.627364 -0.0973099 
-0.260416 -0.105141 -0.195062 -0.0321414 
-0.0691458 -0.466289 -0.176634 -0.471554 
-0.176634 -0.471554 -0.158839 -0.190298 
-0.158839 -0.190298 -0.0569805 -0.193713 
-0.0569805 -0.193713 -0.0691458 -0.466289 
0.128125 -0.325393 0.0354503 -0.326023 
0.0354503 -0.326023 0.0389481 -0.196931 
0.0389481 -0.196931 0.129451 -0.199966 
0.129451 -0.199966 0.128125 -0.325393 
