0 0 0 1 0.34308 -0.364099 
0 0 6.5 1 0.29569 0.0422474 
10 0 0 1 -0.319517 -0.492328 
10 0 6.5 1 -0.349241 0.00608137 
10 10 0 1 -0.308696 -0.331868 
10 10 6.5 1 -0.32638 -0.0437467 
0 10 0 1 0.103389 -0.27011 
0 10 6.5 1 0.078673 -0.0153531 
0 5 10 1 0.145793 0.168739 
10 5 10 1 -0.346208 0.162066 
0 6 0 1 0.173789 -0.297716 
0 8 0 1 0.135725 -0.28279 
0 8 5 1 0.1145 -0.0698657 
0 6 5 1 0.149968 -0.0660103 
0 2 2.5 1 0.258691 -0.194832 
0 4 2.5 1 0.205567 -0.187089 
0 4 5 1 0.192179 -0.0614218 
0 2 5 1 0.243259 -0.0558692 
0.5 0.5 -0.5 1 0.301311 -0.393645 
0.5 0.5 6 1 0.256162 0.00665129 
10.5 0.5 -0.5 1 -0.355884 -0.525502 
10.5 0.5 6 1 -0.383492 -0.0361903 
10.5 10.5 -0.5 1 -0.329961 -0.353181 
10.5 10.5 6 1 -0.34691 -0.0681165 
0.5 10.5 -0.5 1 0.0798623 -0.289726 
0.5 10.5 6 1 0.0559269 -0.0373583 
0.5 5.5 9.5 1 0.117483 0.139766 
10.5 5.5 9.5 1 -0.371293 0.128771 
0.5 6.5 -0.5 1 0.145216 -0.320394 
0.5 8.5 -0.5 1 0.109913 -0.303828 
0.5 8.5 4.5 1 0.0894072 -0.0930739 
0.5 6.5 4.5 1 0.122263 -0.0912573 
0.5 2.5 2 1 0.223131 -0.223619 
0.5 4.5 2 1 0.174139 -0.213261 
0.5 4.5 4.5 1 0.161278 -0.0891003 
0.5 2.5 4.5 1 0.208361 -0.086497 
