0 0 0 1 0.240766 -0.240707 
0 0 6.5 1 0.279824 0.129269 
10 0 0 1 -0.294266 -0.334649 
10 0 6.5 1 -0.237871 0.265494 
10 10 0 1 -0.53821 -0.153357 
10 10 6.5 1 -0.50684 0.202206 
0 10 0 1 -0.0970626 -0.135978 
0 10 6.5 1 -0.0716289 0.123828 
0 5 10 1 0.0899435 0.292143 
10 5 10 1 -0.384966 0.469806 
0 6 0 1 0.0106695 -0.169376 
0 8 0 1 -0.0466067 -0.15162 
0 8 5 1 -0.0255897 0.0605892 
0 6 5 1 0.0333996 0.0571587 
0 2 2.5 1 0.1656 -0.0826437 
0 4 2.5 1 0.0885849 -0.0685629 
0 4 5 1 0.100987 0.0532281 
0 2 5 1 0.179198 0.0486797 
0.5 0.5 -0.5 1 0.197312 -0.26432 
0.5 0.5 6 1 0.23591 0.104448 
10.5 0.5 -0.5 1 -0.362072 -0.372361 
10.5 0.5 6 1 -0.306824 0.224609 
10.5 10.5 -0.5 1 -0.577872 -0.176245 
10.5 10.5 6 1 -0.546895 0.178202 
0.5 10.5 -0.5 1 -0.126958 -0.152776 
0.5 10.5 6 1 -0.101744 0.106434 
0.5 5.5 9.5 1 0.054043 0.271237 
10.5 5.5 9.5 1 -0.435984 0.438584 
0.5 6.5 -0.5 1 -0.0234926 -0.188366 
0.5 8.5 -0.5 1 -0.0784939 -0.169447 
0.5 8.5 4.5 1 -0.0576685 0.0422449 
0.5 6.5 4.5 1 -0.000982081 0.0375786 
0.5 2.5 2 1 0.125608 -0.104877 
0.5 4.5 2 1 0.0516727 -0.0892168 
0.5 4.5 4.5 1 0.0639468 0.0322337 
0.5 2.5 4.5 1 0.139057 0.0260508 
