-0.252876 -0.548438 -0.180763 0.155456 
-0.283535 -0.258718 -0.247923 0.0865362 
0.192858 -0.268475 0.221939 0.0294066 
0.58975 -0.494613 0.639074 0.0369361 
-0.252876 -0.548438 -0.283535 -0.258718 
-0.283535 -0.258718 0.192858 -0.268475 
0.192858 -0.268475 0.58975 -0.494613 
0.58975 -0.494613 -0.252876 -0.548438 
-0.180763 0.155456 0.317494 0.410602 
0.317494 0.410602 0.639074 0.0369361 
-0.247923 0.0865362 0.0214801 0.2271 
0.0214801 0.2271 0.221939 0.0294066 
0.317494 0.410602 0.0214801 0.2271 
-0.180763 0.155456 -0.247923 0.0865362 
0.639074 0.0369361 0.221939 0.0294066 
0.307849 -0.51262 0.45609 -0.503151 
0.45609 -0.503151 0.496704 -0.0725728 
0.496704 -0.0725728 0.351443 -0.0586312 
0.351443 -0.0586312 0.307849 -0.51262 
-0.0175275 -0.279597 0.166075 -0.28247 
0.166075 -0.28247 0.189515 -0.04309 
0.189515 -0.04309 0.00787791 -0.0256571 
0.00787791 -0.0256571 -0.0175275 -0.279597 
