0.345089 -0.465381 0.298277 -0.0497701 
-0.33204 -0.608863 -0.343577 -0.0769625 
-0.340989 -0.417813 -0.34737 -0.114592 
0.0837268 -0.353838 0.0631023 -0.0923286 
0.345089 -0.465381 -0.33204 -0.608863 
-0.33204 -0.608863 -0.340989 -0.417813 
-0.340989 -0.417813 0.0837268 -0.353838 
0.0837268 -0.353838 0.345089 -0.465381 
0.298277 -0.0497701 0.139904 0.0858587 
0.139904 0.0858587 0.0631023 -0.0923286 
-0.343577 -0.0769625 -0.350055 0.0912368 
-0.350055 0.0912368 -0.34737 -0.114592 
0.139904 0.0858587 -0.350055 0.0912368 
0.298277 -0.0497701 -0.343577 -0.0769625 
0.0631023 -0.0923286 -0.34737 -0.114592 
0.160637 -0.386661 0.119068 -0.36892 
0.119068 -0.36892 0.100766 -0.149714 
0.100766 -0.149714 0.139435 -0.148191 
0.139435 -0.148191 0.160637 -0.386661 
0.255243 -0.286001 0.197553 -0.274764 
0.197553 -0.274764 0.185313 -0.146384 
0.185313 -0.146384 0.240625 -0.144206 
0.240625 -0.144206 0.255243 -0.286001 
