0 0 0 1 0.29724 -0.360833 
0 0 6.5 1 0.259037 -0.00795292 
10 0 0 1 0.341805 -0.628455 
10 0 6.5 1 0.260691 0.107133 
10 10 0 1 -0.613491 -0.586756 
10 10 6.5 1 -0.605964 -0.000845538 
0 10 0 1 -0.206443 -0.369346 
0 10 6.5 1 -0.219341 -0.0549201 
0 5 10 1 -0.00620096 0.134331 
10 5 10 1 -0.233314 0.354832 
0 6 0 1 -0.019514 -0.366187 
0 8 0 1 -0.115175 -0.367803 
0 8 5 1 -0.128458 -0.118079 
0 6 5 1 -0.0363647 -0.110713 
0 2 2.5 1 0.173578 -0.226371 
0 4 2.5 1 0.070304 -0.231423 
0 4 5 1 0.0601123 -0.102996 
0 2 5 1 0.161293 -0.0949031 
0.5 0.5 -0.5 1 0.272335 -0.396973 
0.5 0.5 6 1 0.234448 -0.0341922 
10.5 0.5 -0.5 1 0.289923 -0.72132 
10.5 0.5 6 1 0.210094 0.0585401 
10.5 10.5 -0.5 1 -0.692932 -0.657073 
10.5 10.5 6 1 -0.678864 -0.0434759 
0.5 10.5 -0.5 1 -0.239228 -0.40143 
0.5 10.5 6 1 -0.250989 -0.0791784 
0.5 5.5 9.5 1 -0.034408 0.11326 
10.5 5.5 9.5 1 -0.295944 0.323753 
0.5 6.5 -0.5 1 -0.0497074 -0.399779 
0.5 8.5 -0.5 1 -0.146743 -0.400624 
0.5 8.5 4.5 1 -0.159236 -0.144488 
0.5 6.5 4.5 1 -0.0658734 -0.137588 
0.5 2.5 2 1 0.146897 -0.257797 
0.5 4.5 2 1 0.0419448 -0.262186 
0.5 4.5 4.5 1 0.0320318 -0.130354 
0.5 2.5 4.5 1 0.134819 -0.122758 
