0 0 0 1 0.322292 -0.103609 
0 0 6.5 1 0.333838 0.324876 
10 0 0 1 -0.315416 -0.131857 
10 0 6.5 1 -0.357687 0.303494 
10 10 0 1 -0.208074 -0.00762424 
10 10 6.5 1 -0.227736 0.256674 
0 10 0 1 0.184042 0.00830508 
0 10 6.5 1 0.184085 0.270051 
0 5 10 1 0.24209 0.482841 
10 5 10 1 -0.292253 0.468996 
0 6 0 1 0.224331 -0.0243091 
0 8 0 1 0.202515 -0.00664893 
0 8 5 1 0.203308 0.208996 
0 6 5 1 0.226178 0.210931 
0 2 2.5 1 0.285095 0.0685399 
0 4 2.5 1 0.252115 0.0807655 
0 4 5 1 0.253824 0.213271 
0 2 5 1 0.287916 0.216155 
0.5 0.5 -0.5 1 0.280507 -0.125568 
0.5 0.5 6 1 0.288282 0.285099 
10.5 0.5 -0.5 1 -0.335438 -0.153238 
10.5 0.5 6 1 -0.377724 0.263708 
10.5 10.5 -0.5 1 -0.222861 -0.0236259 
10.5 10.5 6 1 -0.242796 0.233796 
0.5 10.5 -0.5 1 0.160918 -0.00785368 
0.5 10.5 6 1 0.159839 0.247152 
0.5 5.5 9.5 1 0.209204 0.447156 
10.5 5.5 9.5 1 -0.309775 0.433146 
0.5 6.5 -0.5 1 0.1961 -0.0424846 
0.5 8.5 -0.5 1 0.177083 -0.0237661 
0.5 8.5 4.5 1 0.17684 0.185932 
0.5 6.5 4.5 1 0.196665 0.185693 
0.5 2.5 2 1 0.247994 0.0429443 
0.5 4.5 2 1 0.219631 0.0573527 
0.5 4.5 4.5 1 0.220508 0.185406 
0.5 2.5 4.5 1 0.249729 0.185053 
