0 0 0 1 -0.338458 -0.233916 
0 0 6.5 1 -0.371425 0.0538366 
10 0 0 1 0.0634427 -0.160759 
10 0 6.5 1 0.0397271 0.0879093 
10 10 0 1 0.313932 -0.25499 
10 10 6.5 1 0.281352 0.132781 
0 10 0 1 -0.304172 -0.405458 
0 10 6.5 1 -0.360195 0.0865166 
0 5 10 1 -0.390247 0.266552 
10 5 10 1 0.118715 0.27215 
0 6 0 1 -0.322422 -0.314148 
0 8 0 1 -0.314428 -0.354146 
0 8 5 1 -0.352058 -0.0242935 
0 6 5 1 -0.355958 -0.0206089 
0 2 2.5 1 -0.347771 -0.13622 
0 4 2.5 1 -0.343857 -0.150696 
0 4 5 1 -0.359073 -0.0176651 
0 2 5 1 -0.361619 -0.0152591 
0.5 0.5 -0.5 1 -0.311343 -0.256809 
0.5 0.5 6 1 -0.344337 0.0340941 
10.5 0.5 -0.5 1 0.0909107 -0.179731 
10.5 0.5 6 1 0.0672725 0.0712877 
10.5 10.5 -0.5 1 0.360932 -0.286192 
10.5 10.5 6 1 0.32869 0.107324 
0.5 10.5 -0.5 1 -0.25679 -0.448378 
0.5 10.5 6 1 -0.31286 0.0528734 
0.5 5.5 9.5 1 -0.355817 0.24453 
10.5 5.5 9.5 1 0.153687 0.254006 
0.5 6.5 -0.5 1 -0.285943 -0.346006 
0.5 8.5 -0.5 1 -0.273205 -0.390736 
0.5 8.5 4.5 1 -0.310865 -0.0554774 
0.5 6.5 4.5 1 -0.319505 -0.048192 
0.5 2.5 2 1 -0.318128 -0.160077 
0.5 4.5 2 1 -0.311154 -0.177179 
0.5 4.5 4.5 1 -0.326383 -0.0423926 
0.5 2.5 4.5 1 -0.331988 -0.0376667 
