0 0 0 1 0.341884 -0.343497 
0 0 6.5 1 0.294987 0.0616058 
10 0 0 1 -0.318127 -0.468666 
10 0 6.5 1 -0.35095 0.0240405 
10 10 0 1 -0.30335 -0.313558 
10 10 6.5 1 -0.3229 -0.0280273 
0 10 0 1 0.106544 -0.252484 
0 10 6.5 1 0.0813933 0.00124923 
0 5 10 1 0.146881 0.186722 
10 5 10 1 -0.345931 0.178054 
0 6 0 1 0.175644 -0.279207 
0 8 0 1 0.13828 -0.264758 
0 8 5 1 0.116794 -0.0528227 
0 6 5 1 0.151649 -0.0485573 
0 2 2.5 1 0.258815 -0.175927 
0 4 2.5 1 0.206589 -0.168781 
0 4 5 1 0.193157 -0.0434777 
0 2 5 1 0.243427 -0.0373258 
0.5 0.5 -0.5 1 0.300311 -0.372916 
0.5 0.5 6 1 0.255482 0.025692 
10.5 0.5 -0.5 1 -0.353435 -0.501377 
10.5 0.5 6 1 -0.384303 -0.0182618 
10.5 10.5 -0.5 1 -0.324123 -0.334664 
10.5 10.5 6 1 -0.342989 -0.0523767 
0.5 10.5 -0.5 1 0.0832041 -0.272026 
0.5 10.5 6 1 0.0587764 -0.020854 
0.5 5.5 9.5 1 0.118635 0.157425 
10.5 5.5 9.5 1 -0.370459 0.144585 
0.5 6.5 -0.5 1 0.147269 -0.301797 
0.5 8.5 -0.5 1 0.112661 -0.285715 
0.5 8.5 4.5 1 0.0918399 -0.0761027 
0.5 6.5 4.5 1 0.124076 -0.0738964 
0.5 2.5 2 1 0.223404 -0.204732 
0.5 4.5 2 1 0.175321 -0.194959 
0.5 4.5 4.5 1 0.162376 -0.0712752 
0.5 2.5 4.5 1 0.208627 -0.0681097 
