-0.0373073 -0.250241 0.00103124 0.446632 
-0.252496 -0.0409617 -0.246117 0.319366 
0.184579 -0.0250065 0.210449 0.264341 
0.604655 -0.159934 0.68116 0.312459 
-0.0373073 -0.250241 -0.252496 -0.0409617 
-0.252496 -0.0409617 0.184579 -0.0250065 
0.184579 -0.0250065 0.604655 -0.159934 
0.604655 -0.159934 -0.0373073 -0.250241 
0.00103124 0.446632 0.450386 0.716106 
0.450386 0.716106 0.68116 0.312459 
-0.246117 0.319366 0.0181445 0.47607 
0.0181445 0.47607 0.210449 0.264341 
0.450386 0.716106 0.0181445 0.47607 
0.00103124 0.446632 -0.246117 0.319366 
0.68116 0.312459 0.210449 0.264341 
0.401987 -0.188444 0.509973 -0.173253 
0.509973 -0.173253 0.565733 0.207666 
0.565733 0.207666 0.454494 0.220032 
0.454494 0.220032 0.401987 -0.188444 
0.152273 0.0032187 0.300585 0.00633124 
0.300585 0.00633124 0.325193 0.234406 
0.325193 0.234406 0.173042 0.251319 
0.173042 0.251319 0.152273 0.0032187 
