-0.310473 -0.0705507 -0.342723 0.20996 
0.0861487 -0.0236582 0.0723254 0.229123 
0.301443 -0.11109 0.292358 0.289177 
-0.323214 -0.206302 -0.379849 0.268271 
-0.310473 -0.0705507 0.0861487 -0.0236582 
0.0861487 -0.0236582 0.301443 -0.11109 
0.301443 -0.11109 -0.323214 -0.206302 
-0.323214 -0.206302 -0.310473 -0.0705507 
-0.342723 0.20996 -0.380351 0.437336 
-0.380351 0.437336 -0.379849 0.268271 
0.0723254 0.229123 0.149223 0.431327 
0.149223 0.431327 0.292358 0.289177 
-0.380351 0.437336 0.149223 0.431327 
-0.342723 0.20996 0.0723254 0.229123 
-0.379849 0.268271 0.292358 0.289177 
-0.316488 -0.134632 -0.319449 -0.16619 
-0.319449 -0.16619 -0.356748 0.149825 
-0.356748 0.149825 -0.349511 0.147595 
-0.349511 0.147595 -0.316488 -0.134632 
-0.325324 0.0260872 -0.328628 0.0159066 
-0.328628 0.0159066 -0.343722 0.145812 
-0.343722 0.145812 -0.338986 0.144353 
-0.338986 0.144353 -0.325324 0.0260872 
