0 0 0 1 -0.575261 -0.315162 
0 0 6.5 1 -0.656706 0.217744 
10 0 0 1 -0.206237 -0.119417 
10 0 6.5 1 -0.238548 0.179792 
10 10 0 1 0.264435 -0.10958 
10 10 6.5 1 0.245581 0.233099 
0 10 0 1 0.258246 -0.349554 
0 10 6.5 1 0.218813 0.339132 
0 5 10 1 -0.315479 0.629884 
10 5 10 1 -0.0278633 0.386365 
0 6 0 1 -0.124806 -0.333749 
0 8 0 1 0.0567161 -0.341239 
0 8 5 1 0.0171431 0.150738 
0 6 5 1 -0.172066 0.132897 
0 2 2.5 1 -0.467009 -0.114282 
0 4 2.5 1 -0.315149 -0.110595 
0 4 5 1 -0.342465 0.116829 
0 2 5 1 -0.496726 0.102283 
0.5 0.5 -0.5 1 -0.50619 -0.337069 
0.5 0.5 6 1 -0.580844 0.176865 
10.5 0.5 -0.5 1 -0.173361 -0.135443 
10.5 0.5 6 1 -0.20399 0.157705 
10.5 10.5 -0.5 1 0.292209 -0.127983 
10.5 10.5 6 1 0.274798 0.206774 
0.5 10.5 -0.5 1 0.31259 -0.375897 
0.5 10.5 6 1 0.278971 0.281439 
0.5 5.5 9.5 1 -0.24019 0.566255 
10.5 5.5 9.5 1 0.00544963 0.35822 
0.5 6.5 -0.5 1 -0.0619484 -0.358136 
0.5 8.5 -0.5 1 0.115907 -0.36657 
0.5 8.5 4.5 1 0.0811273 0.104517 
0.5 6.5 4.5 1 -0.104177 0.089674 
0.5 2.5 2 1 -0.396885 -0.144386 
0.5 4.5 2 1 -0.247059 -0.142236 
0.5 4.5 4.5 1 -0.27172 0.0762538 
0.5 2.5 4.5 1 -0.423938 0.0640612 
