0 0 0 1 0.253229 -0.443376 
0 0 6.5 1 0.250456 -0.0946832 
10 0 0 1 0.483879 -0.727125 
10 0 6.5 1 0.450915 -0.00267934 
10 10 0 1 -0.612463 -0.655976 
10 10 6.5 1 -0.519625 0.0250048 
0 10 0 1 -0.274875 -0.416323 
0 10 6.5 1 -0.246627 -0.0780332 
0 5 10 1 0.00518571 0.0822996 
10 5 10 1 -0.0315862 0.325981 
0 6 0 1 -0.0670747 -0.426968 
0 8 0 1 -0.171536 -0.421617 
0 8 5 1 -0.154142 -0.156223 
0 6 5 1 -0.0544145 -0.159953 
0 2 2.5 1 0.146766 -0.299459 
0 4 2.5 1 0.0425327 -0.294858 
0 4 5 1 0.046352 -0.163721 
0 2 5 1 0.148173 -0.167529 
0.5 0.5 -0.5 1 0.231119 -0.478281 
0.5 0.5 6 1 0.229633 -0.117353 
10.5 0.5 -0.5 1 0.45104 -0.822634 
10.5 0.5 6 1 0.420277 -0.0434713 
10.5 10.5 -0.5 1 -0.712943 -0.741373 
10.5 10.5 6 1 -0.602901 -0.0121356 
0.5 10.5 -0.5 1 -0.312191 -0.449452 
0.5 10.5 6 1 -0.280899 -0.0996449 
0.5 5.5 9.5 1 -0.0214803 0.0655266 
10.5 5.5 9.5 1 -0.0855166 0.30641 
0.5 6.5 -0.5 1 -0.0985145 -0.46079 
0.5 8.5 -0.5 1 -0.205947 -0.455089 
0.5 8.5 4.5 1 -0.186428 -0.1805 
0.5 6.5 4.5 1 -0.0839955 -0.184466 
0.5 2.5 2 1 0.12214 -0.329013 
0.5 4.5 2 1 0.0149459 -0.324113 
0.5 4.5 4.5 1 0.0195348 -0.188475 
0.5 2.5 4.5 1 0.12418 -0.192527 
