0 0 0 1 -0.607067 -0.209777 
0 0 6.5 1 -0.574538 0.19524 
10 0 0 1 -0.154398 -0.15464 
10 0 6.5 1 -0.128839 0.11547 
10 10 0 1 0.233515 -0.260862 
10 10 6.5 1 0.272246 0.0998533 
0 10 0 1 -0.183938 -0.433665 
0 10 6.5 1 -0.122521 0.216077 
0 5 10 1 -0.378124 0.478565 
10 5 10 1 0.0594663 0.277671 
0 6 0 1 -0.402537 -0.317999 
0 8 0 1 -0.305003 -0.369606 
0 8 5 1 -0.264849 0.0743981 
0 6 5 1 -0.36759 0.0829628 
0 2 2.5 1 -0.536253 -0.0729549 
0 4 2.5 1 -0.467444 -0.093835 
0 4 5 1 -0.451917 0.0899924 
0 2 5 1 -0.522372 0.0958658 
0.5 0.5 -0.5 1 -0.562796 -0.24316 
0.5 0.5 6 1 -0.529926 0.158594 
10.5 0.5 -0.5 1 -0.126826 -0.177267 
10.5 0.5 6 1 -0.10115 0.0913882 
10.5 10.5 -0.5 1 0.267901 -0.29039 
10.5 10.5 6 1 0.306785 0.0677327 
0.5 10.5 -0.5 1 -0.117925 -0.484494 
0.5 10.5 6 1 -0.0558335 0.156882 
0.5 5.5 9.5 1 -0.324335 0.43051 
10.5 5.5 9.5 1 0.0903139 0.249091 
0.5 6.5 -0.5 1 -0.347294 -0.360066 
0.5 8.5 -0.5 1 -0.244834 -0.415648 
0.5 8.5 4.5 1 -0.20423 0.0232686 
0.5 6.5 4.5 1 -0.311958 0.0367438 
0.5 2.5 2 1 -0.488684 -0.110253 
0.5 4.5 2 1 -0.416234 -0.134259 
0.5 4.5 4.5 1 -0.400537 0.0478236 
0.5 2.5 4.5 1 -0.474655 0.0570947 
