0 0 0 1 -0.571743 -0.334849 
0 0 6.5 1 -0.650205 0.207905 
10 0 0 1 -0.207657 -0.137493 
10 0 6.5 1 -0.240681 0.163289 
10 10 0 1 0.267246 -0.121118 
10 10 6.5 1 0.244171 0.219994 
0 10 0 1 0.285702 -0.352872 
0 10 6.5 1 0.239192 0.337229 
0 5 10 1 -0.298274 0.620389 
10 5 10 1 -0.0294848 0.369623 
0 6 0 1 -0.105319 -0.344653 
0 8 0 1 0.0806156 -0.348561 
0 8 5 1 0.0379583 0.148175 
0 6 5 1 -0.153828 0.128067 
0 2 2.5 1 -0.457408 -0.126425 
0 4 2.5 1 -0.300707 -0.120126 
0 4 5 1 -0.327808 0.109826 
0 2 5 1 -0.486351 0.0932038 
0.5 0.5 -0.5 1 -0.501506 -0.356899 
0.5 0.5 6 1 -0.574006 0.166534 
10.5 0.5 -0.5 1 -0.174625 -0.153519 
10.5 0.5 6 1 -0.206172 0.141243 
10.5 10.5 -0.5 1 0.294733 -0.139497 
10.5 10.5 6 1 0.272955 0.193897 
0.5 10.5 -0.5 1 0.338911 -0.379648 
0.5 10.5 6 1 0.297551 0.279526 
0.5 5.5 9.5 1 -0.224377 0.556926 
10.5 5.5 9.5 1 0.00344498 0.341742 
0.5 6.5 -0.5 1 -0.0426264 -0.36932 
0.5 8.5 -0.5 1 0.139156 -0.374241 
0.5 8.5 4.5 1 0.100718 0.101589 
0.5 6.5 4.5 1 -0.0867206 0.0844267 
0.5 2.5 2 1 -0.386825 -0.156914 
0.5 4.5 2 1 -0.232605 -0.152178 
0.5 4.5 4.5 1 -0.257388 0.0688002 
0.5 2.5 4.5 1 -0.413439 0.0545121 
