0 0 0 1 -0.597897 -0.291468 
0 0 6.5 1 -0.543535 0.0910683 
10 0 0 1 -0.134659 -0.257567 
10 0 6.5 1 -0.108237 0.0112008 
10 10 0 1 0.238905 -0.358426 
10 10 6.5 1 0.262185 0.0169721 
0 10 0 1 -0.26944 -0.489731 
0 10 6.5 1 -0.199575 0.152572 
0 5 10 1 -0.382464 0.354895 
10 5 10 1 0.0605623 0.174685 
0 6 0 1 -0.443418 -0.384714 
0 8 0 1 -0.366969 -0.430861 
0 8 5 1 -0.314764 0.00953119 
0 6 5 1 -0.39381 0.00813854 
0 2 2.5 1 -0.532957 -0.152958 
0 4 2.5 1 -0.481054 -0.167252 
0 4 5 1 -0.457956 0.00700842 
0 2 5 1 -0.511052 0.00607298 
0.5 0.5 -0.5 1 -0.559228 -0.325497 
0.5 0.5 6 1 -0.506194 0.0588661 
10.5 0.5 -0.5 1 -0.107203 -0.28124 
10.5 0.5 6 1 -0.0814589 -0.0115734 
10.5 10.5 -0.5 1 0.277869 -0.391679 
10.5 10.5 6 1 0.299798 -0.0145383 
0.5 10.5 -0.5 1 -0.203161 -0.547813 
0.5 10.5 6 1 -0.13711 0.0996065 
0.5 5.5 9.5 1 -0.336779 0.316246 
10.5 5.5 9.5 1 0.0913694 0.148862 
0.5 6.5 -0.5 1 -0.391861 -0.429995 
0.5 8.5 -0.5 1 -0.30897 -0.48175 
0.5 8.5 4.5 1 -0.259053 -0.0382508 
0.5 6.5 4.5 1 -0.344069 -0.034664 
0.5 2.5 2 1 -0.491392 -0.189202 
0.5 4.5 2 1 -0.435401 -0.207003 
0.5 4.5 4.5 1 -0.413029 -0.0317545 
0.5 2.5 4.5 1 -0.470089 -0.0293471 
