0.340522 -0.3231 0.294307 0.0810245 
-0.317073 -0.445219 -0.352807 0.0421858 
-0.298341 -0.295128 -0.319617 -0.0120081 
0.109503 -0.234815 0.0840463 0.0180382 
0.340522 -0.3231 -0.317073 -0.445219 
-0.317073 -0.445219 -0.298341 -0.295128 
-0.298341 -0.295128 0.109503 -0.234815 
0.109503 -0.234815 0.340522 -0.3231 
0.294307 0.0810245 0.148015 0.20496 
0.148015 0.20496 0.0840463 0.0180382 
-0.352807 0.0421858 -0.345766 0.19443 
-0.345766 0.19443 -0.319617 -0.0120081 
0.148015 0.20496 -0.345766 0.19443 
0.294307 0.0810245 -0.352807 0.0421858 
0.0840463 0.0180382 -0.319617 -0.0120081 
0.177312 -0.260729 0.140645 -0.246716 
0.140645 -0.246716 0.119004 -0.0356508 
0.119004 -0.0356508 0.153257 -0.031002 
0.153257 -0.031002 0.177312 -0.260729 
0.258834 -0.157074 0.207493 -0.150478 
0.207493 -0.150478 0.194078 -0.0254619 
0.194078 -0.0254619 0.243555 -0.0187471 
0.243555 -0.0187471 0.258834 -0.157074 
