0 0 0 1 0.310649 -0.379408 
0 0 6.5 1 0.364594 0.0781135 
10 0 0 1 -0.323653 -0.26402 
10 0 6.5 1 -0.293612 0.134056 
10 10 0 1 -0.117433 -0.149599 
10 10 6.5 1 -0.0954438 0.0993905 
0 10 0 1 0.277419 -0.207604 
0 10 6.5 1 0.308428 0.063414 
0 5 10 1 0.351119 0.258501 
10 5 10 1 -0.157166 0.282755 
0 6 0 1 0.286833 -0.256275 
0 8 0 1 0.281709 -0.229783 
0 8 5 1 0.307665 -0.00380826 
0 6 5 1 0.315438 -0.00839793 
0 2 2.5 1 0.31858 -0.17625 
0 4 2.5 1 0.308846 -0.15246 
0 4 5 1 0.324915 -0.0139943 
0 2 5 1 0.336727 -0.0209693 
0.5 0.5 -0.5 1 0.269077 -0.391876 
0.5 0.5 6 1 0.319469 0.0453356 
10.5 0.5 -0.5 1 -0.336461 -0.279155 
10.5 0.5 6 1 -0.307879 0.103464 
10.5 10.5 -0.5 1 -0.130417 -0.161906 
10.5 10.5 6 1 -0.109158 0.0809485 
0.5 10.5 -0.5 1 0.253187 -0.219519 
0.5 10.5 6 1 0.282972 0.0442445 
0.5 5.5 9.5 1 0.317447 0.227773 
10.5 5.5 9.5 1 -0.172346 0.254461 
0.5 6.5 -0.5 1 0.257745 -0.268958 
0.5 8.5 -0.5 1 0.25527 -0.242108 
0.5 8.5 4.5 1 0.280115 -0.022677 
0.5 6.5 4.5 1 0.285009 -0.0289322 
0.5 2.5 2 1 0.281186 -0.195058 
0.5 4.5 2 1 0.275708 -0.170098 
0.5 4.5 4.5 1 0.29094 -0.0365126 
0.5 2.5 4.5 1 0.298276 -0.0458892 
