0 0 0 1 0.0762724 -0.0960163 
0 0 6.5 1 0.0573759 0.16036 
10 0 0 1 0.504965 -0.131763 
10 0 6.5 1 0.497022 0.209481 
10 10 0 1 0.306572 -0.340731 
10 10 6.5 1 0.279262 0.228884 
0 10 0 1 -0.238039 -0.216342 
0 10 6.5 1 -0.279251 0.150494 
0 5 10 1 -0.0952969 0.327975 
10 5 10 1 0.408671 0.464986 
0 6 0 1 -0.084502 -0.157565 
0 8 0 1 -0.155159 -0.184614 
0 8 5 1 -0.181427 0.0727926 
0 6 5 1 -0.106776 0.0810897 
0 2 2.5 1 0.0214018 -0.0110105 
0 4 2.5 1 -0.0329752 -0.0244524 
0 4 5 1 -0.0426489 0.0882171 
0 2 5 1 0.013034 0.094406 
0.5 0.5 -0.5 1 0.0830773 -0.121344 
0.5 0.5 6 1 0.063891 0.141041 
10.5 0.5 -0.5 1 0.528756 -0.166794 
10.5 0.5 6 1 0.521525 0.185182 
10.5 10.5 -0.5 1 0.335522 -0.412662 
10.5 10.5 6 1 0.308624 0.187428 
0.5 10.5 -0.5 1 -0.239886 -0.257513 
0.5 10.5 6 1 -0.282787 0.121731 
0.5 5.5 9.5 1 -0.0922998 0.309915 
10.5 5.5 9.5 1 0.436676 0.445089 
0.5 6.5 -0.5 1 -0.0812205 -0.190616 
0.5 8.5 -0.5 1 -0.154022 -0.22131 
0.5 8.5 4.5 1 -0.18118 0.044007 
0.5 6.5 4.5 1 -0.104123 0.0548274 
0.5 2.5 2 1 0.0272241 -0.0359892 
0.5 4.5 2 1 -0.0283528 -0.0516201 
0.5 4.5 4.5 1 -0.0382553 0.0640765 
0.5 2.5 4.5 1 0.0186948 0.0720734 
