0 0 0 1 0.275022 -0.224731 
0 0 6.5 1 0.242657 0.0978391 
10 0 0 1 0.548675 -0.448344 
10 0 6.5 1 0.484107 0.195191 
10 10 0 1 -0.441378 -0.54768 
10 10 6.5 1 -0.505947 0.0958546 
0 10 0 1 -0.22124 -0.274523 
0 10 6.5 1 -0.253605 0.0480468 
0 5 10 1 -0.0229011 0.246634 
10 5 10 1 -0.0456883 0.492042 
0 6 0 1 -0.022735 -0.254606 
0 8 0 1 -0.121987 -0.264565 
0 8 5 1 -0.146883 -0.0164339 
0 6 5 1 -0.0476311 -0.00647548 
0 2 2.5 1 0.163321 -0.110624 
0 4 2.5 1 0.0640692 -0.120582 
0 4 5 1 0.0516212 0.00348296 
0 2 5 1 0.150873 0.0134414 
0.5 0.5 -0.5 1 0.259161 -0.258479 
0.5 0.5 6 1 0.225969 0.0723404 
10.5 0.5 -0.5 1 0.530534 -0.529138 
10.5 0.5 6 1 0.462585 0.148089 
10.5 10.5 -0.5 1 -0.511355 -0.633676 
10.5 10.5 6 1 -0.579304 0.0435519 
0.5 10.5 -0.5 1 -0.249792 -0.309545 
0.5 10.5 6 1 -0.282985 0.0212747 
0.5 5.5 9.5 1 -0.0463812 0.224941 
10.5 5.5 9.5 1 -0.0949479 0.460482 
0.5 6.5 -0.5 1 -0.0462109 -0.289119 
0.5 8.5 -0.5 1 -0.148002 -0.299332 
0.5 8.5 4.5 1 -0.173534 -0.0448552 
0.5 6.5 4.5 1 -0.0717437 -0.0346421 
0.5 2.5 2 1 0.144604 -0.141454 
0.5 4.5 2 1 0.0428134 -0.151667 
0.5 4.5 4.5 1 0.030047 -0.0244289 
0.5 2.5 4.5 1 0.131838 -0.0142158 
