0 0 0 1 0.356375 -0.561408 
0 0 6.5 1 0.340224 -0.00141719 
10 0 0 1 -0.311859 -0.438071 
10 0 6.5 1 -0.276304 -0.030953 
10 10 0 1 -0.0217206 -0.355297 
10 10 6.5 1 -0.0119013 -0.0910517 
0 10 0 1 0.418136 -0.407002 
0 10 6.5 1 0.40514 -0.0859203 
0 5 10 1 0.37396 0.142022 
10 5 10 1 -0.107892 0.0908122 
0 6 0 1 0.401252 -0.449213 
0 8 0 1 0.4105 -0.426093 
0 8 5 1 0.399817 -0.152193 
0 6 5 1 0.389989 -0.146717 
0 2 2.5 1 0.36894 -0.316314 
0 4 2.5 1 0.383722 -0.303806 
0 4 5 1 0.377979 -0.140024 
0 2 5 1 0.362967 -0.131659 
0.5 0.5 -0.5 1 0.318867 -0.585637 
0.5 0.5 6 1 0.306849 -0.0474636 
10.5 0.5 -0.5 1 -0.3162 -0.460091 
10.5 0.5 6 1 -0.281492 -0.0645806 
10.5 10.5 -0.5 1 -0.0310698 -0.371469 
10.5 10.5 6 1 -0.0210326 -0.112155 
0.5 10.5 -0.5 1 0.394842 -0.425167 
0.5 10.5 6 1 0.38346 -0.111351 
0.5 5.5 9.5 1 0.348787 0.104286 
10.5 5.5 9.5 1 -0.116136 0.0616543 
0.5 6.5 -0.5 1 0.373757 -0.469703 
0.5 8.5 -0.5 1 0.385276 -0.445373 
0.5 8.5 4.5 1 0.376071 -0.178345 
0.5 6.5 4.5 1 0.36425 -0.175571 
0.5 2.5 2 1 0.336812 -0.346512 
0.5 4.5 2 1 0.354614 -0.331115 
0.5 4.5 4.5 1 0.349893 -0.172203 
0.5 2.5 4.5 1 0.332088 -0.168026 
