0 0 0 1 0.221216 -0.462398 
0 0 6.5 1 0.217162 -0.139885 
10 0 0 1 0.681222 -0.701559 
10 0 6.5 1 0.627244 -0.105278 
10 10 0 1 -0.26208 -0.845442 
10 10 6.5 1 -0.207329 -0.0484064 
0 10 0 1 -0.289487 -0.490072 
0 10 6.5 1 -0.260425 -0.116826 
0 5 10 1 0.000168434 0.0401191 
10 5 10 1 0.258429 0.225437 
0 6 0 1 -0.0665185 -0.47799 
0 8 0 1 -0.174496 -0.483841 
0 8 5 1 -0.158229 -0.201308 
0 6 5 1 -0.0559703 -0.203937 
0 2 2.5 1 0.131281 -0.334991 
0 4 2.5 1 0.0378616 -0.336234 
0 4 5 1 0.0405221 -0.206418 
0 2 5 1 0.131723 -0.208764 
0.5 0.5 -0.5 1 0.211604 -0.497555 
0.5 0.5 6 1 0.207982 -0.16202 
10.5 0.5 -0.5 1 0.69461 -0.785643 
10.5 0.5 6 1 0.635853 -0.143453 
10.5 10.5 -0.5 1 -0.333997 -0.975693 
10.5 10.5 6 1 -0.264422 -0.0944962 
0.5 10.5 -0.5 1 -0.322254 -0.532345 
0.5 10.5 6 1 -0.289802 -0.141544 
0.5 5.5 9.5 1 -0.0169913 0.0234876 
10.5 5.5 9.5 1 0.24326 0.206438 
0.5 6.5 -0.5 1 -0.0884053 -0.517106 
0.5 8.5 -0.5 1 -0.201502 -0.524476 
0.5 8.5 4.5 1 -0.183202 -0.228909 
0.5 6.5 4.5 1 -0.0763581 -0.230807 
0.5 2.5 2 1 0.118365 -0.3657 
0.5 4.5 2 1 0.0210736 -0.367909 
0.5 4.5 4.5 1 0.0242418 -0.232593 
0.5 2.5 4.5 1 0.11913 -0.234279 
