-0.0497651 -0.260317 -0.00880993 0.436245 
-0.253398 -0.0483192 -0.244419 0.310557 
0.186023 -0.0354623 0.213085 0.253924 
0.604408 -0.174815 0.681483 0.300079 
-0.0497651 -0.260317 -0.253398 -0.0483192 
-0.253398 -0.0483192 0.186023 -0.0354623 
0.186023 -0.0354623 0.604408 -0.174815 
0.604408 -0.174815 -0.0497651 -0.260317 
-0.00880993 0.436245 0.445826 0.703439 
0.445826 0.703439 0.681483 0.300079 
-0.244419 0.310557 0.0207774 0.465348 
0.0207774 0.465348 0.213085 0.253924 
0.445826 0.703439 0.0207774 0.465348 
-0.00880993 0.436245 -0.244419 0.310557 
0.681483 0.300079 0.213085 0.253924 
0.39717 -0.201902 0.507508 -0.18748 
0.507508 -0.18748 0.56386 0.195479 
0.56386 0.195479 0.450436 0.208409 
0.450436 0.208409 0.39717 -0.201902 
0.143122 -0.00724183 0.29382 -0.00510392 
0.29382 -0.00510392 0.318912 0.223402 
0.318912 0.223402 0.164579 0.240996 
0.164579 0.240996 0.143122 -0.00724183 
