-0.45772 -0.498825 -0.44867 -0.151603 
-0.00720667 -0.409912 -0.0198395 -0.139062 
0.321641 -0.516693 0.28129 -0.106134 
-0.318897 -0.728725 -0.316601 -0.112733 
-0.45772 -0.498825 -0.00720667 -0.409912 
-0.00720667 -0.409912 0.321641 -0.516693 
0.321641 -0.516693 -0.318897 -0.728725 
-0.318897 -0.728725 -0.45772 -0.498825 
-0.44867 -0.151603 -0.39613 0.0770105 
-0.39613 0.0770105 -0.316601 -0.112733 
-0.0198395 -0.139062 0.0901972 0.0360772 
0.0901972 0.0360772 0.28129 -0.106134 
-0.39613 0.0770105 0.0901972 0.0360772 
-0.44867 -0.151603 -0.0198395 -0.139062 
-0.316601 -0.112733 0.28129 -0.106134 
-0.394346 -0.603776 -0.361745 -0.657766 
-0.361745 -0.657766 -0.357373 -0.239438 
-0.357373 -0.239438 -0.38858 -0.235701 
-0.38858 -0.235701 -0.394346 -0.603776 
-0.437142 -0.375082 -0.416638 -0.392632 
-0.416638 -0.392632 -0.413467 -0.23272 
-0.413467 -0.23272 -0.433778 -0.230287 
-0.433778 -0.230287 -0.437142 -0.375082 
