0.322198 -0.0959855 0.323335 0.329704 
-0.317432 -0.141281 -0.365907 0.299503 
-0.221559 -0.0200525 -0.245772 0.245613 
0.171107 0.00499884 0.165042 0.265102 
0.322198 -0.0959855 -0.317432 -0.141281 
-0.317432 -0.141281 -0.221559 -0.0200525 
-0.221559 -0.0200525 0.171107 0.00499884 
0.171107 0.00499884 0.322198 -0.0959855 
0.323335 0.329704 0.221872 0.478596 
0.221872 0.478596 0.165042 0.265102 
-0.365907 0.299503 -0.309483 0.460448 
-0.309483 0.460448 -0.245772 0.245613 
0.221872 0.478596 -0.309483 0.460448 
0.323335 0.329704 -0.365907 0.299503 
0.165042 0.265102 -0.245772 0.245613 
0.215168 -0.0244501 0.191312 -0.00850591 
0.191312 -0.00850591 0.187044 0.206044 
0.187044 0.206044 0.211462 0.209616 
0.211462 0.209616 0.215168 -0.0244501 
0.27797 0.0727062 0.242383 0.0823767 
0.242383 0.0823767 0.240945 0.213929 
0.240945 0.213929 0.277251 0.21924 
0.277251 0.21924 0.27797 0.0727062 
