-0.110476 -0.403883 -0.094009 -0.136235 
0.317927 -0.450326 0.314899 -0.150803 
0.359505 -0.648497 0.350833 -0.122114 
-0.348331 -0.53877 -0.305192 -0.103483 
-0.110476 -0.403883 0.317927 -0.450326 
0.317927 -0.450326 0.359505 -0.648497 
0.359505 -0.648497 -0.348331 -0.53877 
-0.348331 -0.53877 -0.110476 -0.403883 
-0.094009 -0.136235 -0.163087 0.0402194 
-0.163087 0.0402194 -0.305192 -0.103483 
0.314899 -0.150803 0.325879 0.0462184 
0.325879 0.0462184 0.350833 -0.122114 
-0.163087 0.0402194 0.325879 0.0462184 
-0.094009 -0.136235 0.314899 -0.150803 
-0.305192 -0.103483 0.350833 -0.122114 
-0.224256 -0.468407 -0.279295 -0.49962 
-0.279295 -0.49962 -0.252608 -0.197625 
-0.252608 -0.197625 -0.202626 -0.197052 
-0.202626 -0.197052 -0.224256 -0.468407 
-0.134353 -0.306811 -0.170221 -0.317183 
-0.170221 -0.317183 -0.161467 -0.19658 
-0.161467 -0.19658 -0.126985 -0.196185 
-0.126985 -0.196185 -0.134353 -0.306811 
