0.284916 -0.432933 0.250291 -0.101577 
0.686527 -0.712465 0.585635 -0.0546625 
-0.367592 -0.874886 -0.378746 -0.11554 
-0.234097 -0.489903 -0.246003 -0.134557 
0.284916 -0.432933 0.686527 -0.712465 
0.686527 -0.712465 -0.367592 -0.874886 
-0.367592 -0.874886 -0.234097 -0.489903 
-0.234097 -0.489903 0.284916 -0.432933 
0.250291 -0.101577 -0.00217182 0.0541999 
-0.00217182 0.0541999 -0.246003 -0.134557 
0.585635 -0.0546625 0.104022 0.245362 
0.104022 0.245362 -0.378746 -0.11554 
-0.00217182 0.0541999 0.104022 0.245362 
0.250291 -0.101577 0.585635 -0.0546625 
-0.246003 -0.134557 -0.378746 -0.11554 
-0.0183202 -0.466218 -0.124774 -0.477903 
-0.124774 -0.477903 -0.137951 -0.205477 
-0.137951 -0.205477 -0.0352083 -0.197662 
-0.0352083 -0.197662 -0.0183202 -0.466218 
0.174334 -0.310816 0.0749857 -0.320014 
0.0749857 -0.320014 0.0649686 -0.190042 
0.0649686 -0.190042 0.162675 -0.182611 
0.162675 -0.182611 0.174334 -0.310816 
