0.189335 -0.367322 0.161413 0.255719 
-0.235828 -0.177123 -0.274074 0.181335 
0.136447 -0.0738124 0.122868 0.194384 
0.574333 -0.146964 0.579667 0.246058 
0.189335 -0.367322 -0.235828 -0.177123 
-0.235828 -0.177123 0.136447 -0.0738124 
0.136447 -0.0738124 0.574333 -0.146964 
0.574333 -0.146964 0.189335 -0.367322 
0.161413 0.255719 0.418673 0.539237 
0.418673 0.539237 0.579667 0.246058 
-0.274074 0.181335 -0.0587036 0.365832 
-0.0587036 0.365832 0.122868 0.194384 
0.418673 0.539237 -0.0587036 0.365832 
0.161413 0.255719 -0.274074 0.181335 
0.579667 0.246058 0.122868 0.194384 
0.460249 -0.212261 0.521827 -0.177016 
0.521827 -0.177016 0.523704 0.14473 
0.523704 0.14473 0.459086 0.136894 
0.459086 0.136894 0.460249 -0.212261 
0.292821 -0.100916 0.384361 -0.0686597 
0.384361 -0.0686597 0.381546 0.127491 
0.381546 0.127491 0.286777 0.115999 
0.286777 0.115999 0.292821 -0.100916 
