0 0 0 1 -0.218543 -0.0100016 
0 0 6.5 1 -0.211447 0.254918 
10 0 0 1 0.174121 -0.0304981 
10 0 6.5 1 0.197323 0.228022 
10 10 0 1 0.309577 -0.150488 
10 10 6.5 1 0.357581 0.27201 
0 10 0 1 -0.331533 -0.120836 
0 10 6.5 1 -0.327613 0.319069 
0 5 10 1 -0.250744 0.471802 
10 5 10 1 0.275878 0.431377 
0 6 0 1 -0.272444 -0.0628746 
0 8 0 1 -0.298616 -0.088547 
0 8 5 1 -0.294437 0.206075 
0 6 5 1 -0.267598 0.201367 
0 2 2.5 1 -0.230821 0.0830183 
0 4 2.5 1 -0.248588 0.075539 
0 4 5 1 -0.24594 0.197568 
0 2 5 1 -0.228095 0.194438 
0.5 0.5 -0.5 1 -0.202213 -0.0343454 
0.5 0.5 6 1 -0.194299 0.233863 
10.5 0.5 -0.5 1 0.196151 -0.0546595 
10.5 0.5 6 1 0.220651 0.206984 
10.5 10.5 -0.5 1 0.349096 -0.193112 
10.5 10.5 6 1 0.401195 0.237763 
0.5 10.5 -0.5 1 -0.307352 -0.164164 
0.5 10.5 6 1 -0.301546 0.284864 
0.5 5.5 9.5 1 -0.229291 0.449046 
10.5 5.5 9.5 1 0.307634 0.408411 
0.5 6.5 -0.5 1 -0.252103 -0.0959455 
0.5 8.5 -0.5 1 -0.276501 -0.126071 
0.5 8.5 4.5 1 -0.271143 0.173833 
0.5 6.5 4.5 1 -0.246269 0.172542 
0.5 2.5 2 1 -0.212981 0.057719 
0.5 4.5 2 1 -0.229365 0.0476562 
0.5 4.5 4.5 1 -0.22629 0.171505 
0.5 2.5 4.5 1 -0.209889 0.170654 
