0 0 0 1 -0.466527 -0.50119 
0 0 6.5 1 -0.454072 -0.150992 
10 0 0 1 -0.0134066 -0.414 
10 0 6.5 1 -0.0242727 -0.142099 
10 10 0 1 0.318601 -0.520277 
10 10 6.5 1 0.279955 -0.109188 
0 10 0 1 -0.321379 -0.730359 
0 10 6.5 1 -0.314464 -0.109235 
0 5 10 1 -0.396816 0.0794844 
10 5 10 1 0.0881562 0.033016 
0 6 0 1 -0.400284 -0.605778 
0 8 0 1 -0.366196 -0.6596 
0 8 5 1 -0.358392 -0.23741 
0 6 5 1 -0.391299 -0.234316 
0 2 2.5 1 -0.443726 -0.375791 
0 4 2.5 1 -0.422186 -0.393028 
0 4 5 1 -0.417553 -0.231848 
0 2 5 1 -0.438987 -0.229833 
0.5 0.5 -0.5 1 -0.433942 -0.530962 
0.5 0.5 6 1 -0.423249 -0.174863 
10.5 0.5 -0.5 1 0.016291 -0.436236 
10.5 0.5 6 1 0.00395584 -0.160774 
10.5 10.5 -0.5 1 0.368954 -0.555851 
10.5 10.5 6 1 0.32631 -0.136597 
0.5 10.5 -0.5 1 -0.259274 -0.7893 
0.5 10.5 6 1 -0.25849 -0.14952 
0.5 5.5 9.5 1 -0.358478 0.0537612 
10.5 5.5 9.5 1 0.122204 0.0131965 
0.5 6.5 -0.5 1 -0.354659 -0.648224 
0.5 8.5 -0.5 1 -0.313577 -0.708984 
0.5 8.5 4.5 1 -0.309277 -0.275673 
0.5 6.5 4.5 1 -0.348328 -0.268157 
0.5 2.5 2 1 -0.40856 -0.40595 
0.5 4.5 2 1 -0.382991 -0.426624 
0.5 4.5 4.5 1 -0.37937 -0.262182 
0.5 2.5 4.5 1 -0.404637 -0.257319 
