-0.287662 0.00468248 -0.312299 0.28454 
0.109171 0.0316843 0.106017 0.28988 
0.302651 -0.0569652 0.312974 0.35675 
-0.330969 -0.114485 -0.377517 0.357863 
-0.287662 0.00468248 0.109171 0.0316843 
0.109171 0.0316843 0.302651 -0.0569652 
0.302651 -0.0569652 -0.330969 -0.114485 
-0.330969 -0.114485 -0.287662 0.00468248 
-0.312299 0.28454 -0.355489 0.521115 
-0.355489 0.521115 -0.377517 0.357863 
0.106017 0.28988 0.185095 0.503058 
0.185095 0.503058 0.312974 0.35675 
-0.355489 0.521115 0.185095 0.503058 
-0.312299 0.28454 0.106017 0.28988 
-0.377517 0.357863 0.312974 0.35675 
-0.308182 -0.0517828 -0.318237 -0.0794503 
-0.318237 -0.0794503 -0.348152 0.234106 
-0.348152 0.234106 -0.334238 0.22852 
-0.334238 0.22852 -0.308182 -0.0517828 
-0.303425 0.102255 -0.311296 0.094322 
-0.311296 0.094322 -0.3231 0.224048 
-0.3231 0.224048 -0.313983 0.220387 
-0.313983 0.220387 -0.303425 0.102255 
