0 0 0 1 0.338971 -0.530148 
0 0 6.5 1 0.348783 0.00397404 
10 0 0 1 -0.326058 -0.396768 
10 0 6.5 1 -0.281384 0.00783749 
10 10 0 1 -0.0557301 -0.315553 
10 10 6.5 1 -0.0365616 -0.0563939 
0 10 0 1 0.371233 -0.376608 
0 10 6.5 1 0.37562 -0.0698222 
0 5 10 1 0.368747 0.15052 
10 5 10 1 -0.11879 0.127761 
0 6 0 1 0.362369 -0.418793 
0 8 0 1 0.36722 -0.395707 
0 8 5 1 0.371083 -0.134984 
0 6 5 1 0.366811 -0.13102 
0 2 2.5 1 0.35202 -0.297068 
0 4 2.5 1 0.359046 -0.283108 
0 4 5 1 0.361587 -0.126174 
0 2 5 1 0.355054 -0.120111 
0.5 0.5 -0.5 1 0.299041 -0.551123 
0.5 0.5 6 1 0.311199 -0.0383 
10.5 0.5 -0.5 1 -0.333336 -0.417522 
10.5 0.5 6 1 -0.289752 -0.0252235 
10.5 10.5 -0.5 1 -0.0665033 -0.330725 
10.5 10.5 6 1 -0.0473708 -0.0766663 
0.5 10.5 -0.5 1 0.34723 -0.392841 
0.5 10.5 6 1 0.352497 -0.0931864 
0.5 5.5 9.5 1 0.340789 0.115228 
10.5 5.5 9.5 1 -0.129443 0.0990899 
0.5 6.5 -0.5 1 0.333797 -0.436961 
0.5 8.5 -0.5 1 0.34113 -0.412876 
0.5 8.5 4.5 1 0.345796 -0.158841 
0.5 6.5 4.5 1 0.339198 -0.157317 
0.5 2.5 2 1 0.317487 -0.324029 
0.5 4.5 2 1 0.328067 -0.307588 
0.5 4.5 4.5 1 0.33118 -0.155465 
0.5 2.5 4.5 1 0.321228 -0.153167 
