0 0 0 1 0.231491 -0.479138 
0 0 6.5 1 0.22251 -0.152318 
10 0 0 1 0.692152 -0.730836 
10 0 6.5 1 0.626818 -0.118247 
10 10 0 1 -0.280921 -0.88611 
10 10 6.5 1 -0.231261 -0.0782675 
0 10 0 1 -0.284714 -0.512384 
0 10 6.5 1 -0.259835 -0.137293 
0 5 10 1 -3.20222e-05 0.0249964 
10 5 10 1 0.240773 0.209285 
0 6 0 1 -0.0605841 -0.497949 
0 8 0 1 -0.169363 -0.504955 
0 8 5 1 -0.156424 -0.220357 
0 6 5 1 -0.0534666 -0.221403 
0 2 2.5 1 0.137952 -0.351004 
0 4 2.5 1 0.0431407 -0.353488 
0 4 5 1 0.0440658 -0.222395 
0 2 5 1 0.136591 -0.223336 
0.5 0.5 -0.5 1 0.221666 -0.515248 
0.5 0.5 6 1 0.212986 -0.175098 
10.5 0.5 -0.5 1 0.705515 -0.818998 
10.5 0.5 6 1 0.634575 -0.158067 
10.5 10.5 -0.5 1 -0.356199 -1.02099 
10.5 10.5 6 1 -0.291301 -0.12705 
0.5 10.5 -0.5 1 -0.317717 -0.555571 
0.5 10.5 6 1 -0.289536 -0.16282 
0.5 5.5 9.5 1 -0.0176557 0.00771199 
10.5 5.5 9.5 1 0.223397 0.188804 
0.5 6.5 -0.5 1 -0.0827963 -0.538009 
0.5 8.5 -0.5 1 -0.196672 -0.546522 
0.5 8.5 4.5 1 -0.18177 -0.24875 
0.5 6.5 4.5 1 -0.0742539 -0.249039 
0.5 2.5 2 1 0.124715 -0.382536 
0.5 4.5 2 1 0.0259973 -0.385995 
0.5 4.5 4.5 1 0.027391 -0.249313 
0.5 2.5 4.5 1 0.123633 -0.249571 
