0.115542 -0.0387396 0.123047 0.227496 
0.539611 -0.139466 0.583678 0.236705 
0.191184 -0.33686 0.21904 0.262803 
-0.246057 -0.122543 -0.262835 0.239017 
0.115542 -0.0387396 0.539611 -0.139466 
0.539611 -0.139466 0.191184 -0.33686 
0.191184 -0.33686 -0.246057 -0.122543 
-0.246057 -0.122543 0.115542 -0.0387396 
0.123047 0.227496 -0.039551 0.414035 
-0.039551 0.414035 -0.262835 0.239017 
0.583678 0.236705 0.472838 0.535013 
0.472838 0.535013 0.21904 0.262803 
-0.039551 0.414035 0.472838 0.535013 
0.123047 0.227496 0.583678 0.236705 
-0.262835 0.239017 0.21904 0.262803 
-0.0744386 -0.0827689 -0.154559 -0.101337 
-0.154559 -0.101337 -0.161528 0.154087 
-0.161528 0.154087 -0.0769987 0.156907 
-0.0769987 0.156907 -0.0744386 -0.0827689 
0.0609662 0.0526096 -0.00327067 0.0439476 
-0.00327067 0.0439476 -0.00282348 0.159382 
-0.00282348 0.159382 0.06279 0.161571 
0.06279 0.161571 0.0609662 0.0526096 
