0 0 0 1 -0.605578 -0.234593 
0 0 6.5 1 -0.561231 0.160323 
10 0 0 1 -0.148001 -0.192577 
10 0 6.5 1 -0.120446 0.0761812 
10 10 0 1 0.233777 -0.297708 
10 10 6.5 1 0.268197 0.0681655 
0 10 0 1 -0.221294 -0.448086 
0 10 6.5 1 -0.15426 0.199357 
0 5 10 1 -0.378282 0.435053 
10 5 10 1 0.0606947 0.237935 
0 6 0 1 -0.422052 -0.336553 
0 8 0 1 -0.333076 -0.385984 
0 8 5 1 -0.286104 0.0568381 
0 6 5 1 -0.379069 0.0610575 
0 2 2.5 1 -0.536357 -0.0971377 
0 4 2.5 1 -0.474678 -0.115183 
0 4 5 1 -0.454956 0.0645018 
0 2 5 1 -0.518075 0.0673666 
0.5 0.5 -0.5 1 -0.563771 -0.268529 
0.5 0.5 6 1 -0.519929 0.125342 
10.5 0.5 -0.5 1 -0.12063 -0.215753 
10.5 0.5 6 1 -0.0932972 0.0525211 
10.5 10.5 -0.5 1 0.269798 -0.328894 
10.5 10.5 6 1 0.303828 0.0360804 
0.5 10.5 -0.5 1 -0.154988 -0.502458 
0.5 10.5 6 1 -0.0892391 0.142176 
0.5 5.5 9.5 1 -0.328154 0.390808 
10.5 5.5 9.5 1 0.091367 0.21036 
0.5 6.5 -0.5 1 -0.368322 -0.380376 
0.5 8.5 -0.5 1 -0.273713 -0.434517 
0.5 8.5 4.5 1 -0.227533 0.0065959 
0.5 6.5 4.5 1 -0.325987 0.0158561 
0.5 2.5 2 1 -0.491437 -0.134313 
0.5 4.5 2 1 -0.42588 -0.1557 
0.5 4.5 4.5 1 -0.406426 0.0234219 
0.5 2.5 4.5 1 -0.473381 0.0297194 
