0.129188 -0.0452665 0.145871 0.224477 
0.553351 -0.1635 0.610266 0.227445 
0.148771 -0.337396 0.19181 0.282668 
-0.25014 -0.107724 -0.253846 0.254228 
0.129188 -0.0452665 0.553351 -0.1635 
0.553351 -0.1635 0.148771 -0.337396 
0.148771 -0.337396 -0.25014 -0.107724 
-0.25014 -0.107724 0.129188 -0.0452665 
0.145871 0.224477 -0.0179731 0.419128 
-0.0179731 0.419128 -0.253846 0.254228 
0.610266 0.227445 0.486544 0.546005 
0.486544 0.546005 0.19181 0.282668 
-0.0179731 0.419128 0.486544 0.546005 
0.145871 0.224477 0.610266 0.227445 
-0.253846 0.254228 0.19181 0.282668 
-0.0715381 -0.0783165 -0.155237 -0.0920977 
-0.155237 -0.0920977 -0.153193 0.164664 
-0.153193 0.164664 -0.065761 0.163225 
-0.065761 0.163225 -0.0715381 -0.0783165 
0.0746968 0.0506792 0.00707301 0.0455173 
0.00707301 0.0455173 0.0115006 0.161953 
0.0115006 0.161953 0.0802688 0.160821 
0.0802688 0.160821 0.0746968 0.0506792 
