-0.240233 0.0279913 -0.243952 0.300215 
0.154629 0.0220503 0.170704 0.282614 
0.310094 -0.0831817 0.349586 0.340393 
-0.330927 -0.0805698 -0.345317 0.374754 
-0.240233 0.0279913 0.154629 0.0220503 
0.154629 0.0220503 0.310094 -0.0831817 
0.310094 -0.0831817 -0.330927 -0.0805698 
-0.330927 -0.0805698 -0.240233 0.0279913 
-0.243952 0.300215 -0.285506 0.530354 
-0.285506 0.530354 -0.345317 0.374754 
0.170704 0.282614 0.252035 0.495229 
0.252035 0.495229 0.349586 0.340393 
-0.285506 0.530354 0.252035 0.495229 
-0.243952 0.300215 0.170704 0.282614 
-0.345317 0.374754 0.349586 0.340393 
-0.283416 -0.0236994 -0.304438 -0.0488619 
-0.304438 -0.0488619 -0.312409 0.254406 
-0.312409 0.254406 -0.289423 0.247946 
-0.289423 0.247946 -0.283416 -0.0236994 
-0.253923 0.123733 -0.268581 0.116918 
-0.268581 0.116918 -0.27094 0.242751 
-0.27094 0.242751 -0.255756 0.238484 
-0.255756 0.238484 -0.253923 0.123733 
