0 0 0 1 0.173463 -0.282743 
0 0 6.5 1 0.19572 0.00837273 
10 0 0 1 0.615456 -0.452863 
10 0 6.5 1 0.635789 0.038703 
10 10 0 1 -0.108599 -0.533115 
10 10 6.5 1 -0.0398398 0.178658 
0 10 0 1 -0.287888 -0.283363 
0 10 6.5 1 -0.247796 0.073017 
0 5 10 1 0.0116817 0.203433 
10 5 10 1 0.377438 0.388164 
0 6 0 1 -0.0799754 -0.283084 
0 8 0 1 -0.179349 -0.283217 
0 8 5 1 -0.151889 -0.0192192 
0 6 5 1 -0.0556165 -0.0300129 
0 2 2.5 1 0.105296 -0.16491 
0 4 2.5 1 0.0222803 -0.16029 
0 4 5 1 0.0330049 -0.0399488 
0 2 5 1 0.114852 -0.0491252 
0.5 0.5 -0.5 1 0.165779 -0.311621 
0.5 0.5 6 1 0.188925 -0.0105455 
10.5 0.5 -0.5 1 0.627141 -0.512495 
10.5 0.5 6 1 0.648111 0.00813968 
10.5 10.5 -0.5 1 -0.1526 -0.62962 
10.5 10.5 6 1 -0.0757454 0.144802 
0.5 10.5 -0.5 1 -0.316093 -0.319194 
0.5 10.5 6 1 -0.273609 0.0522333 
0.5 5.5 9.5 1 -0.00210924 0.189603 
10.5 5.5 9.5 1 0.375459 0.374695 
0.5 6.5 -0.5 1 -0.098031 -0.315767 
0.5 8.5 -0.5 1 -0.20207 -0.317402 
0.5 8.5 4.5 1 -0.173086 -0.0426921 
0.5 6.5 4.5 1 -0.0724208 -0.0528699 
0.5 2.5 2 1 0.0950847 -0.1907 
0.5 4.5 2 1 0.00873651 -0.18699 
0.5 4.5 4.5 1 0.0199663 -0.0622107 
0.5 2.5 4.5 1 0.105056 -0.0708138 
