0 0 0 1 -0.576819 -0.306133 
0 0 6.5 1 -0.659172 0.221884 
10 0 0 1 -0.205399 -0.111279 
10 0 6.5 1 -0.237122 0.187164 
10 10 0 1 0.26312 -0.105045 
10 10 6.5 1 0.24652 0.238365 
0 10 0 1 0.244582 -0.349194 
0 10 6.5 1 0.208692 0.338309 
0 5 10 1 -0.323269 0.633041 
10 5 10 1 -0.0266222 0.393607 
0 6 0 1 -0.134301 -0.329331 
0 8 0 1 0.0449483 -0.338728 
0 8 5 1 0.00700697 0.150672 
0 6 5 1 -0.180746 0.134165 
0 2 2.5 1 -0.471383 -0.109007 
0 4 2.5 1 -0.321968 -0.106729 
0 4 5 1 -0.349241 0.119352 
0 2 5 1 -0.501296 0.105984 
0.5 0.5 -0.5 1 -0.508362 -0.328016 
0.5 0.5 6 1 -0.583581 0.181231 
10.5 0.5 -0.5 1 -0.172616 -0.127327 
10.5 0.5 6 1 -0.202568 0.165044 
10.5 10.5 -0.5 1 0.291029 -0.123478 
10.5 10.5 6 1 0.275938 0.211921 
0.5 10.5 -0.5 1 0.299455 -0.375362 
0.5 10.5 6 1 0.269695 0.280663 
0.5 5.5 9.5 1 -0.247411 0.569389 
10.5 5.5 9.5 1 0.00685234 0.365328 
0.5 6.5 -0.5 1 -0.0714085 -0.353626 
0.5 8.5 -0.5 1 0.104419 -0.363931 
0.5 8.5 4.5 1 0.0715319 0.104635 
0.5 6.5 4.5 1 -0.11255 0.0911419 
0.5 2.5 2 1 -0.401553 -0.13896 
0.5 4.5 2 1 -0.253951 -0.138204 
0.5 4.5 4.5 1 -0.278422 0.0789837 
0.5 2.5 4.5 1 -0.428659 0.0679716 
