-0.599865 -0.193364 -0.61871 0.243901 
-0.170958 -0.0766993 -0.162718 0.201547 
0.240613 -0.166336 0.275651 0.18375 
-0.052292 -0.413238 -0.0184311 0.232259 
-0.599865 -0.193364 -0.170958 -0.0766993 
-0.170958 -0.0766993 0.240613 -0.166336 
0.240613 -0.166336 -0.052292 -0.413238 
-0.052292 -0.413238 -0.599865 -0.193364 
-0.61871 0.243901 -0.383554 0.561121 
-0.383554 0.561121 -0.0184311 0.232259 
-0.162718 0.201547 0.0407089 0.374513 
0.0407089 0.374513 0.275651 0.18375 
-0.383554 0.561121 0.0407089 0.374513 
-0.61871 0.243901 -0.162718 0.201547 
-0.0184311 0.232259 0.275651 0.18375 
-0.324144 -0.304078 -0.2001 -0.353887 
-0.2001 -0.353887 -0.188616 0.0888942 
-0.188616 0.0888942 -0.32247 0.104119 
-0.32247 0.104119 -0.324144 -0.304078 
-0.525781 -0.0538454 -0.432329 -0.0783764 
-0.432329 -0.0783764 -0.435099 0.11693 
-0.435099 0.11693 -0.531182 0.127858 
-0.531182 0.127858 -0.525781 -0.0538454 
