0.269289 -0.191264 0.249595 0.155983 
0.083049 -0.498049 0.0301516 0.163527 
-0.575273 -0.367371 -0.645081 0.0894495 
-0.169613 -0.1683 -0.19909 0.112843 
0.269289 -0.191264 0.083049 -0.498049 
0.083049 -0.498049 -0.575273 -0.367371 
-0.575273 -0.367371 -0.169613 -0.1683 
-0.169613 -0.1683 0.269289 -0.191264 
0.249595 0.155983 -0.0133102 0.308398 
-0.0133102 0.308398 -0.19909 0.112843 
0.0301516 0.163527 -0.411018 0.438754 
-0.411018 0.438754 -0.645081 0.0894495 
-0.0133102 0.308398 -0.411018 0.438754 
0.249595 0.155983 0.0301516 0.163527 
-0.19909 0.112843 -0.645081 0.0894495 
-0.0152983 -0.176374 -0.0954475 -0.17218 
-0.0954475 -0.17218 -0.117035 0.0509864 
-0.117035 0.0509864 -0.0357289 0.0559182 
-0.0357289 0.0559182 -0.0152983 -0.176374 
0.157612 -0.0611133 0.0622168 -0.0614161 
0.0622168 -0.0614161 0.0525946 0.0612757 
0.0525946 0.0612757 0.148885 0.0671165 
0.148885 0.0671165 0.157612 -0.0611133 
