0.359222 -0.566275 0.338707 -0.00209972 
-0.308758 -0.444408 -0.275353 -0.0369697 
-0.0155074 -0.360308 -0.00752153 -0.0953123 
0.426322 -0.410342 0.41034 -0.0869781 
0.359222 -0.566275 -0.308758 -0.444408 
-0.308758 -0.444408 -0.0155074 -0.360308 
-0.0155074 -0.360308 0.426322 -0.410342 
0.426322 -0.410342 0.359222 -0.566275 
0.338707 -0.00209972 0.374971 0.141903 
0.374971 0.141903 0.41034 -0.0869781 
-0.275353 -0.0369697 -0.10604 0.0858877 
-0.10604 0.0858877 -0.00752153 -0.0953123 
0.374971 0.141903 -0.10604 0.0858877 
0.338707 -0.00209972 -0.275353 -0.0369697 
0.41034 -0.0869781 -0.00752153 -0.0953123 
0.407989 -0.452946 0.418031 -0.429608 
0.418031 -0.429608 0.404848 -0.153638 
0.404848 -0.153638 0.394034 -0.148134 
0.394034 -0.148134 0.407989 -0.452946 
0.371795 -0.318926 0.387967 -0.306311 
0.387967 -0.306311 0.380818 -0.141409 
0.380818 -0.141409 0.364303 -0.133004 
0.364303 -0.133004 0.371795 -0.318926 
