0 0 0 1 0.314109 -0.272207 
0 0 6.5 1 0.365758 0.164113 
10 0 0 1 -0.31338 -0.198086 
10 0 6.5 1 -0.306119 0.205003 
10 10 0 1 -0.140827 -0.0704823 
10 10 6.5 1 -0.129676 0.181025 
0 10 0 1 0.248745 -0.108514 
0 10 6.5 1 0.276524 0.15556 
0 5 10 1 0.330727 0.350381 
10 5 10 1 -0.190477 0.369623 
0 6 0 1 0.267554 -0.155617 
0 8 0 1 0.257345 -0.130051 
0 8 5 1 0.280678 0.0882413 
0 6 5 1 0.293532 0.0829023 
0 2 2.5 1 0.311394 -0.0813331 
0 4 2.5 1 0.294213 -0.0576864 
0 4 5 1 0.30915 0.0764159 
0 2 5 1 0.328528 0.0683675 
0.5 0.5 -0.5 1 0.272577 -0.285485 
0.5 0.5 6 1 0.319239 0.131204 
10.5 0.5 -0.5 1 -0.328359 -0.21307 
10.5 0.5 6 1 -0.322298 0.173234 
10.5 10.5 -0.5 1 -0.154404 -0.0830033 
10.5 10.5 6 1 -0.144041 0.161878 
0.5 10.5 -0.5 1 0.224792 -0.120751 
0.5 10.5 6 1 0.250895 0.136022 
0.5 5.5 9.5 1 0.296018 0.318835 
10.5 5.5 9.5 1 -0.206775 0.339553 
0.5 6.5 -0.5 1 0.238699 -0.168695 
0.5 8.5 -0.5 1 0.231166 -0.142727 
0.5 8.5 4.5 1 0.252985 0.0690858 
0.5 6.5 4.5 1 0.262843 0.0621067 
0.5 2.5 2 1 0.273763 -0.10038 
0.5 4.5 2 1 0.260978 -0.0755715 
0.5 4.5 4.5 1 0.274749 0.0536778 
0.5 2.5 4.5 1 0.289415 0.0432951 
