0.347633 -0.546351 0.344634 0.000886677 
-0.319952 -0.417972 -0.278977 -0.0120189 
-0.0395081 -0.337347 -0.0246077 -0.0755588 
0.39408 -0.393994 0.389981 -0.0799611 
0.347633 -0.546351 -0.319952 -0.417972 
-0.319952 -0.417972 -0.0395081 -0.337347 
-0.0395081 -0.337347 0.39408 -0.393994 
0.39408 -0.393994 0.347633 -0.546351 
0.344634 0.000886677 0.371193 0.14458 
0.371193 0.14458 0.389981 -0.0799611 
-0.278977 -0.0120189 -0.113377 0.107803 
-0.113377 0.107803 -0.0246077 -0.0755588 
0.371193 0.14458 -0.113377 0.107803 
0.344634 0.000886677 -0.278977 -0.0120189 
0.389981 -0.0799611 -0.0246077 -0.0755588 
0.381355 -0.435735 0.388322 -0.412881 
0.388322 -0.412881 0.385087 -0.145436 
0.385087 -0.145436 0.378124 -0.140448 
0.378124 -0.140448 0.381355 -0.435735 
0.360371 -0.307556 0.37114 -0.294733 
0.37114 -0.294733 0.369611 -0.134349 
0.369611 -0.134349 0.358968 -0.126725 
0.358968 -0.126725 0.360371 -0.307556 
