0 0 0 1 -0.550379 -0.456948 
0 0 6.5 1 -0.598555 0.134279 
10 0 0 1 -0.212314 -0.246437 
10 0 6.5 1 -0.240939 0.0643372 
10 10 0 1 0.282062 -0.213298 
10 10 6.5 1 0.246162 0.122198 
0 10 0 1 0.410579 -0.424022 
0 10 6.5 1 0.334829 0.263611 
0 5 10 1 -0.198761 0.526532 
10 5 10 1 -0.023817 0.26332 
0 6 0 1 -0.0100357 -0.438434 
0 8 0 1 0.193449 -0.431462 
0 8 5 1 0.140098 0.0831344 
0 6 5 1 -0.0587165 0.0603373 
0 2 2.5 1 -0.401387 -0.214553 
0 4 2.5 1 -0.223519 -0.201283 
0 4 5 1 -0.245593 0.0389091 
0 2 5 1 -0.421575 0.0187301 
0.5 0.5 -0.5 1 -0.475968 -0.480884 
0.5 0.5 6 1 -0.523726 0.0901371 
10.5 0.5 -0.5 1 -0.17901 -0.263191 
10.5 0.5 6 1 -0.207403 0.0419096 
10.5 10.5 -0.5 1 0.307922 -0.232065 
10.5 10.5 6 1 0.272494 0.0968281 
0.5 10.5 -0.5 1 0.457393 -0.453161 
0.5 10.5 6 1 0.383781 0.207294 
0.5 5.5 9.5 1 -0.134057 0.465094 
10.5 5.5 9.5 1 0.00661346 0.236305 
0.5 6.5 -0.5 1 0.0502189 -0.465255 
0.5 8.5 -0.5 1 0.247465 -0.459396 
0.5 8.5 4.5 1 0.195416 0.0353892 
0.5 6.5 4.5 1 0.00253428 0.0148827 
0.5 2.5 2 1 -0.330773 -0.247785 
0.5 4.5 2 1 -0.15748 -0.235977 
0.5 4.5 4.5 1 -0.179194 -0.0044379 
0.5 2.5 4.5 1 -0.35071 -0.0226727 
