0.0643516 -0.233648 0.075683 0.445645 
-0.248286 -0.0369849 -0.265798 0.329261 
0.164211 0.0141665 0.174472 0.299019 
0.59519 -0.0888117 0.650971 0.354902 
0.0643516 -0.233648 -0.248286 -0.0369849 
-0.248286 -0.0369849 0.164211 0.0141665 
0.164211 0.0141665 0.59519 -0.0888117 
0.59519 -0.0888117 0.0643516 -0.233648 
0.075683 0.445645 0.456209 0.732144 
0.456209 0.732144 0.650971 0.354902 
-0.265798 0.329261 -0.0171265 0.502619 
-0.0171265 0.502619 0.174472 0.299019 
0.456209 0.732144 -0.0171265 0.502619 
0.075683 0.445645 -0.265798 0.329261 
0.650971 0.354902 0.174472 0.299019 
0.432239 -0.133272 0.519576 -0.109442 
0.519576 -0.109442 0.559227 0.249117 
0.559227 0.249117 0.468179 0.253405 
0.468179 0.253405 0.432239 -0.133272 
0.219798 0.0246809 0.344715 0.039854 
0.344715 0.039854 0.360481 0.258477 
0.360481 0.258477 0.231109 0.264569 
0.231109 0.264569 0.219798 0.0246809 
