0 0 0 1 -0.440299 -0.489613 
0 0 6.5 1 -0.437933 -0.148876 
10 0 0 1 0.00459046 -0.398112 
10 0 6.5 1 -0.0113017 -0.129725 
10 10 0 1 0.326639 -0.505516 
10 10 6.5 1 0.283522 -0.0967709 
0 10 0 1 -0.3137 -0.719479 
0 10 6.5 1 -0.320512 -0.115345 
0 5 10 1 -0.394631 0.0760089 
10 5 10 1 0.0940984 0.0453844 
0 6 0 1 -0.382443 -0.594662 
0 8 0 1 -0.352721 -0.648628 
0 8 5 1 -0.355092 -0.239051 
0 6 5 1 -0.382996 -0.234162 
0 2 2.5 1 -0.424037 -0.369328 
0 4 2.5 1 -0.405528 -0.387365 
0 4 5 1 -0.405236 -0.230265 
0 2 5 1 -0.423377 -0.227087 
0.5 0.5 -0.5 1 -0.408376 -0.518226 
0.5 0.5 6 1 -0.407599 -0.171875 
10.5 0.5 -0.5 1 0.0342539 -0.419727 
10.5 0.5 6 1 0.01701 -0.147856 
10.5 10.5 -0.5 1 0.37732 -0.54046 
10.5 10.5 6 1 0.330491 -0.123599 
0.5 10.5 -0.5 1 -0.253292 -0.776321 
0.5 10.5 6 1 -0.265544 -0.15443 
0.5 5.5 9.5 1 -0.356821 0.0511993 
10.5 5.5 9.5 1 0.128465 0.0261417 
0.5 6.5 -0.5 1 -0.337892 -0.635528 
0.5 8.5 -0.5 1 -0.301429 -0.69621 
0.5 8.5 4.5 1 -0.306916 -0.276091 
0.5 6.5 4.5 1 -0.340816 -0.266868 
0.5 2.5 2 1 -0.389546 -0.398379 
0.5 4.5 2 1 -0.367115 -0.419757 
0.5 4.5 4.5 1 -0.367732 -0.259544 
0.5 2.5 4.5 1 -0.389621 -0.253589 
