0 0 0 1 0.248811 -0.102351 
0 0 6.5 1 0.28778 0.266031 
10 0 0 1 -0.202714 -0.236364 
10 0 6.5 1 -0.178907 0.399728 
10 10 0 1 -0.556388 -0.0607437 
10 10 6.5 1 -0.563177 0.330011 
0 10 0 1 -0.118219 -0.0151415 
0 10 6.5 1 -0.104995 0.255073 
0 5 10 1 0.0730729 0.440092 
10 5 10 1 -0.418442 0.64784 
0 6 0 1 0.00244685 -0.0438129 
0 8 0 1 -0.0612671 -0.0286739 
0 8 5 1 -0.0487317 0.188717 
0 6 5 1 0.0179781 0.186405 
0 2 2.5 1 0.167297 0.0477517 
0 4 2.5 1 0.0836365 0.0592288 
0 4 5 1 0.0934214 0.18379 
0 2 5 1 0.179433 0.180809 
0.5 0.5 -0.5 1 0.207736 -0.127155 
0.5 0.5 6 1 0.244323 0.239179 
10.5 0.5 -0.5 1 -0.270928 -0.277949 
10.5 0.5 6 1 -0.253957 0.352037 
10.5 10.5 -0.5 1 -0.598133 -0.0868826 
10.5 10.5 6 1 -0.607387 0.301591 
0.5 10.5 -0.5 1 -0.147957 -0.0334796 
0.5 10.5 6 1 -0.135962 0.23564 
0.5 5.5 9.5 1 0.0359413 0.416679 
10.5 5.5 9.5 1 -0.476407 0.610031 
0.5 6.5 -0.5 1 -0.0309836 -0.0642857 
0.5 8.5 -0.5 1 -0.0927436 -0.0480207 
0.5 8.5 4.5 1 -0.0812596 0.168442 
0.5 6.5 4.5 1 -0.0166406 0.164889 
0.5 2.5 2 1 0.128368 0.0239262 
0.5 4.5 2 1 0.0473299 0.036915 
0.5 4.5 4.5 1 0.0564252 0.160872 
0.5 2.5 4.5 1 0.13971 0.156293 
