-0.579564 -0.289528 -0.662554 0.228777 
-0.203449 -0.0968048 -0.233546 0.200106 
0.260659 -0.0983667 0.248808 0.246341 
0.21739 -0.350651 0.188542 0.333539 
-0.579564 -0.289528 -0.203449 -0.0968048 
-0.203449 -0.0968048 0.260659 -0.0983667 
0.260659 -0.0983667 0.21739 -0.350651 
0.21739 -0.350651 -0.579564 -0.289528 
-0.662554 0.228777 -0.337189 0.636367 
-0.337189 0.636367 0.188542 0.333539 
-0.233546 0.200106 -0.0233107 0.405766 
-0.0233107 0.405766 0.248808 0.246341 
-0.337189 0.636367 -0.0233107 0.405766 
-0.662554 0.228777 -0.233546 0.200106 
0.188542 0.333539 0.248808 0.246341 
-0.152816 -0.322258 0.021768 -0.335648 
0.021768 -0.335648 -0.0127415 0.148243 
-0.0127415 0.148243 -0.197248 0.134752 
-0.197248 0.134752 -0.152816 -0.322258 
-0.479315 -0.0998222 -0.334833 -0.100516 
-0.334833 -0.100516 -0.361711 0.122726 
-0.361711 0.122726 -0.509227 0.11194 
-0.509227 0.11194 -0.479315 -0.0998222 
