0 0 0 1 -0.588208 -0.233201 
0 0 6.5 1 -0.656196 0.244258 
10 0 0 1 -0.19068 -0.0604509 
10 0 6.5 1 -0.207263 0.228793 
10 10 0 1 0.25146 -0.102756 
10 10 6.5 1 0.26259 0.244674 
0 10 0 1 0.0977705 -0.377392 
0 10 6.5 1 0.0983281 0.282802 
0 5 10 1 -0.374696 0.61593 
10 5 10 1 0.00203962 0.423248 
0 6 0 1 -0.230017 -0.308492 
0 8 0 1 -0.0774918 -0.340553 
0 8 5 1 -0.094246 0.117323 
0 6 5 1 -0.259445 0.119897 
0 2 2.5 1 -0.504583 -0.0729272 
0 4 2.5 1 -0.382594 -0.0872943 
0 4 5 1 -0.40281 0.122131 
0 2 5 1 -0.528401 0.124088 
0.5 0.5 -0.5 1 -0.527316 -0.257024 
0.5 0.5 6 1 -0.587533 0.205008 
10.5 0.5 -0.5 1 -0.159425 -0.0777238 
10.5 0.5 6 1 -0.173947 0.205829 
10.5 10.5 -0.5 1 0.280662 -0.122602 
10.5 10.5 6 1 0.293595 0.216637 
0.5 10.5 -0.5 1 0.157215 -0.404879 
0.5 10.5 6 1 0.165872 0.226 
0.5 5.5 9.5 1 -0.298784 0.554304 
10.5 5.5 9.5 1 0.035908 0.393671 
0.5 6.5 -0.5 1 -0.168294 -0.33457 
0.5 8.5 -0.5 1 -0.0164701 -0.367363 
0.5 8.5 4.5 1 -0.0268822 0.0720581 
0.5 6.5 4.5 1 -0.191342 0.0776482 
0.5 2.5 2 1 -0.440188 -0.103414 
0.5 4.5 2 1 -0.317788 -0.119239 
0.5 4.5 4.5 1 -0.334724 0.0825218 
0.5 2.5 4.5 1 -0.460837 0.0868084 
