0 0 0 1 0.0957029 -0.254657 
0 0 6.5 1 0.0971367 0.410776 
10 0 0 1 -0.246572 -0.0595182 
10 0 6.5 1 -0.271056 0.305375 
10 10 0 1 0.156113 0.00511515 
10 10 6.5 1 0.160077 0.286343 
0 10 0 1 0.589052 -0.0895226 
0 10 6.5 1 0.633198 0.341635 
0 5 10 1 0.447817 0.699601 
10 5 10 1 -0.0301697 0.482966 
0 6 0 1 0.438892 -0.139784 
0 8 0 1 0.519514 -0.112798 
0 8 5 1 0.550472 0.236331 
0 6 5 1 0.466265 0.237234 
0 2 2.5 1 0.238326 0.00522716 
0 4 2.5 1 0.354828 0.0251055 
0 4 5 1 0.366238 0.238306 
0 2 5 1 0.245473 0.239601 
0.5 0.5 -0.5 1 0.102108 -0.268492 
0.5 0.5 6 1 0.104255 0.342719 
10.5 0.5 -0.5 1 -0.229091 -0.07536 
10.5 0.5 6 1 -0.251286 0.272683 
10.5 10.5 -0.5 1 0.157099 -0.00928296 
10.5 10.5 6 1 0.160985 0.261843 
0.5 10.5 -0.5 1 0.570203 -0.106577 
0.5 10.5 6 1 0.610536 0.30124 
0.5 5.5 9.5 1 0.430799 0.624266 
10.5 5.5 9.5 1 -0.0217345 0.446696 
0.5 6.5 -0.5 1 0.425312 -0.156695 
0.5 8.5 -0.5 1 0.502836 -0.129879 
0.5 8.5 4.5 1 0.531009 0.199378 
0.5 6.5 4.5 1 0.450107 0.197239 
0.5 2.5 2 1 0.234956 -0.0251248 
0.5 4.5 2 1 0.344678 -0.00388285 
0.5 4.5 4.5 1 0.354966 0.194724 
0.5 2.5 4.5 1 0.241462 0.191723 
