0.267287 -0.437932 0.254094 -0.085532 
0.463465 -0.704494 0.411938 0.0293274 
-0.623404 -0.64235 -0.542093 0.0216501 
-0.260988 -0.419922 -0.240745 -0.0844263 
0.267287 -0.437932 0.463465 -0.704494 
0.463465 -0.704494 -0.623404 -0.64235 
-0.623404 -0.64235 -0.260988 -0.419922 
-0.260988 -0.419922 0.267287 -0.437932 
0.254094 -0.085532 0.00311227 0.0826136 
0.00311227 0.0826136 -0.240745 -0.0844263 
0.411938 0.0293274 -0.0768827 0.333867 
-0.0768827 0.333867 -0.542093 0.0216501 
0.00311227 0.0826136 -0.0768827 0.333867 
0.254094 -0.085532 0.411938 0.0293274 
-0.240745 -0.0844263 -0.542093 0.0216501 
-0.0558513 -0.426916 -0.159409 -0.423385 
-0.159409 -0.423385 -0.14844 -0.158983 
-0.14844 -0.158983 -0.0498985 -0.159892 
-0.0498985 -0.159892 -0.0558513 -0.426916 
0.155037 -0.294455 0.0501231 -0.292217 
0.0501231 -0.292217 0.0504841 -0.160817 
0.0504841 -0.160817 0.15276 -0.16176 
0.15276 -0.16176 0.155037 -0.294455 
