0 0 0 1 -0.0269811 -0.373494 
0 0 6.5 1 -0.0334953 -0.108456 
10 0 0 1 0.410695 -0.391784 
10 0 6.5 1 0.378789 -0.0812106 
10 10 0 1 0.402423 -0.556199 
10 10 6.5 1 0.348977 -0.0128528 
0 10 0 1 -0.290317 -0.487763 
0 10 6.5 1 -0.281048 -0.0701061 
0 5 10 1 -0.131798 0.0661954 
10 5 10 1 0.348456 0.134856 
0 6 0 1 -0.154926 -0.429013 
0 8 0 1 -0.215506 -0.4553 
0 8 5 1 -0.212844 -0.162745 
0 6 5 1 -0.155354 -0.164211 
0 2 2.5 1 -0.0648684 -0.275496 
0 4 2.5 1 -0.106173 -0.283699 
0 4 5 1 -0.10742 -0.165434 
0 2 5 1 -0.066842 -0.16647 
0.5 0.5 -0.5 1 -0.0158375 -0.400069 
0.5 0.5 6 1 -0.0230878 -0.125965 
10.5 0.5 -0.5 1 0.439863 -0.423925 
10.5 0.5 6 1 0.405184 -0.100825 
10.5 10.5 -0.5 1 0.45507 -0.625761 
10.5 10.5 6 1 0.393158 -0.0429152 
0.5 10.5 -0.5 1 -0.285418 -0.536414 
0.5 10.5 6 1 -0.276099 -0.0958178 
0.5 5.5 9.5 1 -0.12289 0.0515309 
10.5 5.5 9.5 1 0.379447 0.119964 
0.5 6.5 -0.5 1 -0.145587 -0.465692 
0.5 8.5 -0.5 1 -0.207828 -0.497171 
0.5 8.5 4.5 1 -0.205468 -0.190087 
0.5 6.5 4.5 1 -0.146487 -0.189037 
0.5 2.5 2 1 -0.0542948 -0.300463 
0.5 4.5 2 1 -0.0961364 -0.311153 
0.5 4.5 4.5 1 -0.0976508 -0.188168 
0.5 2.5 4.5 1 -0.0565487 -0.187436 
