0.167759 -0.237695 0.193579 0.0482877 
0.605999 -0.398881 0.639986 0.0746907 
-0.0710699 -0.476818 -0.00178463 0.222031 
-0.28226 -0.237589 -0.243621 0.11751 
0.167759 -0.237695 0.605999 -0.398881 
0.605999 -0.398881 -0.0710699 -0.476818 
-0.0710699 -0.476818 -0.28226 -0.237589 
-0.28226 -0.237589 0.167759 -0.237695 
0.193579 0.0482877 0.0150222 0.246361 
0.0150222 0.246361 -0.243621 0.11751 
0.639986 0.0746907 0.404557 0.427662 
0.404557 0.427662 -0.00178463 0.222031 
0.0150222 0.246361 0.404557 0.427662 
0.193579 0.0482877 0.639986 0.0746907 
-0.243621 0.11751 -0.00178463 0.222031 
-0.0781287 -0.237637 -0.175422 -0.237614 
-0.175422 -0.237614 -0.148128 0.023786 
-0.148128 0.023786 -0.0530423 0.0122062 
-0.0530423 0.0122062 -0.0781287 -0.237637 
0.103287 -0.122359 0.0224746 -0.117433 
0.0224746 -0.117433 0.0339913 0.00160701 
0.0339913 0.00160701 0.113954 -0.00813111 
0.113954 -0.00813111 0.103287 -0.122359 
