0 0 0 1 0.380241 -0.613903 
0 0 6.5 1 0.316848 -0.00618913 
10 0 0 1 -0.262017 -0.488148 
10 0 6.5 1 -0.262704 -0.0842812 
10 10 0 1 0.0608858 -0.372215 
10 10 6.5 1 0.0459852 -0.103317 
0 10 0 1 0.518755 -0.408771 
0 10 6.5 1 0.473504 -0.0626511 
0 5 10 1 0.389774 0.170422 
10 5 10 1 -0.0842099 0.0643682 
0 6 0 1 0.480909 -0.464818 
0 8 0 1 0.50164 -0.434117 
0 8 5 1 0.463992 -0.13855 
0 6 5 1 0.440606 -0.138054 
0 2 2.5 1 0.398737 -0.336627 
0 4 2.5 1 0.432989 -0.314514 
0 4 5 1 0.412023 -0.137447 
0 2 5 1 0.376295 -0.136688 
0.5 0.5 -0.5 1 0.350613 -0.636611 
0.5 0.5 6 1 0.293043 -0.0563796 
10.5 0.5 -0.5 1 -0.258801 -0.507818 
10.5 0.5 6 1 -0.25967 -0.116243 
10.5 10.5 -0.5 1 0.055278 -0.388216 
10.5 10.5 6 1 0.0409651 -0.124806 
0.5 10.5 -0.5 1 0.497358 -0.428236 
0.5 10.5 6 1 0.454619 -0.091158 
0.5 5.5 9.5 1 0.369979 0.127881 
10.5 5.5 9.5 1 -0.0865465 0.0351174 
0.5 6.5 -0.5 1 0.45657 -0.486153 
0.5 8.5 -0.5 1 0.478847 -0.454521 
0.5 8.5 4.5 1 0.443485 -0.167521 
0.5 6.5 4.5 1 0.418947 -0.169836 
0.5 2.5 2 1 0.372909 -0.368325 
0.5 4.5 2 1 0.408621 -0.343619 
0.5 4.5 4.5 1 0.38917 -0.172646 
0.5 2.5 4.5 1 0.352275 -0.176128 
