0 0 0 1 -0.201667 -0.0730493 
0 0 6.5 1 -0.185531 0.185134 
10 0 0 1 0.189953 -0.105987 
10 0 6.5 1 0.217262 0.151257 
10 10 0 1 0.305874 -0.243734 
10 10 6.5 1 0.357058 0.179744 
0 10 0 1 -0.336841 -0.189678 
0 10 6.5 1 -0.316313 0.236378 
0 5 10 1 -0.224038 0.387137 
10 5 10 1 0.28991 0.343911 
0 6 0 1 -0.266217 -0.128743 
0 8 0 1 -0.297515 -0.155747 
0 8 5 1 -0.282469 0.131482 
0 6 5 1 -0.251852 0.129106 
0 2 2.5 1 -0.213124 0.0173088 
0 4 2.5 1 -0.233972 0.00872276 
0 4 5 1 -0.227054 0.127181 
0 2 5 1 -0.206559 0.125591 
0.5 0.5 -0.5 1 -0.187159 -0.0979928 
0.5 0.5 6 1 -0.170307 0.164171 
10.5 0.5 -0.5 1 0.211396 -0.131513 
10.5 0.5 6 1 0.239826 0.129676 
10.5 10.5 -0.5 1 0.344879 -0.290158 
10.5 10.5 6 1 0.399558 0.144098 
0.5 10.5 -0.5 1 -0.31673 -0.234513 
0.5 10.5 6 1 -0.29458 0.202478 
0.5 5.5 9.5 1 -0.205414 0.364974 
10.5 5.5 9.5 1 0.320543 0.320738 
0.5 6.5 -0.5 1 -0.248664 -0.162796 
0.5 8.5 -0.5 1 -0.278728 -0.194473 
0.5 8.5 4.5 1 -0.26266 0.0991865 
0.5 6.5 4.5 1 -0.23344 0.100225 
0.5 2.5 2 1 -0.197397 -0.00835391 
0.5 4.5 2 1 -0.217183 -0.0195814 
0.5 4.5 4.5 1 -0.209893 0.101062 
0.5 2.5 4.5 1 -0.190512 0.101751 
