0.323266 -0.592079 0.2913 -0.161136 
-0.372213 -0.755222 -0.34355 -0.161897 
-0.418376 -0.511952 -0.398934 -0.181151 
0.0294155 -0.45087 0.0232932 -0.177491 
0.323266 -0.592079 -0.372213 -0.755222 
-0.372213 -0.755222 -0.418376 -0.511952 
-0.418376 -0.511952 0.0294155 -0.45087 
0.0294155 -0.45087 0.323266 -0.592079 
0.2913 -0.161136 0.121936 -0.00715557 
0.121936 -0.00715557 0.0232932 -0.177491 
-0.34355 -0.161897 -0.367398 0.0290972 
-0.367398 0.0290972 -0.398934 -0.181151 
0.121936 -0.00715557 -0.367398 0.0290972 
0.2913 -0.161136 -0.34355 -0.161897 
0.0232932 -0.177491 -0.398934 -0.181151 
0.11656 -0.492747 0.0695298 -0.470147 
0.0695298 -0.470147 0.0627251 -0.24042 
0.0627251 -0.24042 0.107066 -0.243091 
0.107066 -0.243091 0.11656 -0.492747 
0.230732 -0.396835 0.165745 -0.379469 
0.165745 -0.379469 0.159359 -0.246241 
0.159359 -0.246241 0.221956 -0.250012 
0.221956 -0.250012 0.230732 -0.396835 
