0 0 0 1 -0.235584 0.0228025 
0 0 6.5 1 -0.237055 0.293653 
10 0 0 1 0.158838 0.0138048 
10 0 6.5 1 0.176547 0.274033 
10 10 0 1 0.310318 -0.0940815 
10 10 6.5 1 0.351926 0.329392 
0 10 0 1 -0.330779 -0.0858628 
0 10 6.5 1 -0.341465 0.366526 
0 5 10 1 -0.278112 0.521493 
10 5 10 1 0.257584 0.485119 
0 6 0 1 -0.28093 -0.0289598 
0 8 0 1 -0.302991 -0.0541427 
0 8 5 1 -0.308491 0.247458 
0 6 5 1 -0.284714 0.241263 
0 2 2.5 1 -0.248969 0.118054 
0 4 2.5 1 -0.264258 0.111159 
0 4 5 1 -0.265583 0.236279 
0 2 5 1 -0.249858 0.232182 
0.5 0.5 -0.5 1 -0.217654 -0.00113246 
0.5 0.5 6 1 -0.218231 0.272574 
10.5 0.5 -0.5 1 0.181562 -0.00938411 
10.5 0.5 6 1 0.200646 0.253474 
10.5 10.5 -0.5 1 0.350649 -0.134189 
10.5 10.5 6 1 0.396594 0.296264 
0.5 10.5 -0.5 1 -0.303207 -0.128293 
0.5 10.5 6 1 -0.311741 0.332098 
0.5 5.5 9.5 1 -0.25424 0.498354 
10.5 5.5 9.5 1 0.290333 0.462441 
0.5 6.5 -0.5 1 -0.258208 -0.0614087 
0.5 8.5 -0.5 1 -0.278068 -0.0909282 
0.5 8.5 4.5 1 -0.28224 0.215252 
0.5 6.5 4.5 1 -0.260891 0.21249 
0.5 2.5 2 1 -0.229292 0.0930163 
0.5 4.5 2 1 -0.242936 0.083568 
0.5 4.5 4.5 1 -0.243788 0.210278 
0.5 2.5 4.5 1 -0.229778 0.208466 
