0 0 0 1 0.353481 -0.556475 
0 0 6.5 1 0.341719 -0.000701254 
10 0 0 1 -0.314765 -0.431533 
10 0 6.5 1 -0.277225 -0.0247735 
10 10 0 1 -0.0278028 -0.349782 
10 10 6.5 1 -0.0162135 -0.0863264 
0 10 0 1 0.410018 -0.40316 
0 10 6.5 1 0.400008 -0.084398 
0 5 10 1 0.372995 0.142507 
10 5 10 1 -0.109732 0.0961184 
0 6 0 1 0.394552 -0.4451 
0 8 0 1 0.403022 -0.422131 
0 8 5 1 0.394839 -0.150346 
0 6 5 1 0.385983 -0.144966 
0 2 2.5 1 0.366077 -0.313556 
0 4 2.5 1 0.379493 -0.301046 
0 4 5 1 0.37516 -0.138391 
0 2 5 1 0.36163 -0.130172 
0.5 0.5 -0.5 1 0.3155 -0.58028 
0.5 0.5 6 1 0.307613 -0.0461746 
10.5 0.5 -0.5 1 -0.319637 -0.453433 
10.5 0.5 6 1 -0.282984 -0.0583563 
10.5 10.5 -0.5 1 -0.0374128 -0.365823 
10.5 10.5 6 1 -0.0256441 -0.107311 
0.5 10.5 -0.5 1 0.386586 -0.421039 
0.5 10.5 6 1 0.378078 -0.109498 
0.5 5.5 9.5 1 0.347354 0.105177 
10.5 5.5 9.5 1 -0.118402 0.0670301 
0.5 6.5 -0.5 1 0.366847 -0.465256 
0.5 8.5 -0.5 1 0.377629 -0.441102 
0.5 8.5 4.5 1 0.370822 -0.17614 
0.5 6.5 4.5 1 0.359914 -0.173426 
0.5 2.5 2 1 0.333507 -0.343289 
0.5 4.5 2 1 0.350043 -0.32794 
0.5 4.5 4.5 1 0.346664 -0.17013 
0.5 2.5 4.5 1 0.33023 -0.166041 
