0 0 0 1 0.322198 -0.0959855 
0 0 6.5 1 0.323335 0.329704 
10 0 0 1 -0.317432 -0.141281 
10 0 6.5 1 -0.365907 0.299503 
10 10 0 1 -0.221559 -0.0200525 
10 10 6.5 1 -0.245772 0.245613 
0 10 0 1 0.171107 0.00499884 
0 10 6.5 1 0.165042 0.265102 
0 5 10 1 0.221872 0.478596 
10 5 10 1 -0.309483 0.460448 
0 6 0 1 0.215168 -0.0244501 
0 8 0 1 0.191312 -0.00850591 
0 8 5 1 0.187044 0.206044 
0 6 5 1 0.211462 0.209616 
0 2 2.5 1 0.27797 0.0727062 
0 4 2.5 1 0.242383 0.0823767 
0 4 5 1 0.240945 0.213929 
0 2 5 1 0.277251 0.21924 
0.5 0.5 -0.5 1 0.280577 -0.11965 
0.5 0.5 6 1 0.278688 0.289191 
10.5 0.5 -0.5 1 -0.338611 -0.164309 
10.5 0.5 6 1 -0.386871 0.258405 
10.5 10.5 -0.5 1 -0.236653 -0.0368262 
10.5 10.5 6 1 -0.261004 0.222184 
0.5 10.5 -0.5 1 0.148214 -0.0118997 
0.5 10.5 6 1 0.141279 0.241827 
0.5 5.5 9.5 1 0.18987 0.442869 
10.5 5.5 9.5 1 -0.327299 0.424079 
0.5 6.5 -0.5 1 0.187164 -0.0436071 
0.5 8.5 -0.5 1 0.166112 -0.0264696 
0.5 8.5 4.5 1 0.161033 0.182441 
0.5 6.5 4.5 1 0.182449 0.183761 
0.5 2.5 2 1 0.241269 0.0459548 
0.5 4.5 2 1 0.210277 0.0580004 
0.5 4.5 4.5 1 0.208183 0.185347 
0.5 2.5 4.5 1 0.239687 0.187289 
