0 0 0 1 -0.590825 -0.219584 
0 0 6.5 1 -0.648616 0.246201 
10 0 0 1 -0.185594 -0.0580935 
10 0 6.5 1 -0.196147 0.228333 
10 10 0 1 0.248689 -0.114109 
10 10 6.5 1 0.267059 0.233563 
0 10 0 1 0.059099 -0.388252 
0 10 6.5 1 0.068446 0.264727 
0 5 10 1 -0.379985 0.6028 
10 5 10 1 0.0124018 0.417265 
0 6 0 1 -0.254297 -0.306919 
0 8 0 1 -0.109123 -0.344595 
0 8 5 1 -0.119265 0.106602 
0 6 5 1 -0.276889 0.113985 
0 2 2.5 1 -0.510674 -0.0667211 
0 4 2.5 1 -0.396079 -0.0848748 
0 4 5 1 -0.412591 0.120341 
0 2 5 1 -0.530647 0.12587 
0.5 0.5 -0.5 1 -0.532076 -0.244551 
0.5 0.5 6 1 -0.582739 0.206989 
10.5 0.5 -0.5 1 -0.154868 -0.0759691 
10.5 0.5 6 1 -0.163482 0.205049 
10.5 10.5 -0.5 1 0.278253 -0.13474 
10.5 10.5 6 1 0.298374 0.204973 
0.5 10.5 -0.5 1 0.119556 -0.417395 
0.5 10.5 6 1 0.13693 0.207688 
0.5 5.5 9.5 1 -0.305806 0.54215 
10.5 5.5 9.5 1 0.0459989 0.38744 
0.5 6.5 -0.5 1 -0.193173 -0.334444 
0.5 8.5 -0.5 1 -0.0479646 -0.372961 
0.5 8.5 4.5 1 -0.0519594 0.0608095 
0.5 6.5 4.5 1 -0.209688 0.0712875 
0.5 2.5 2 1 -0.448205 -0.0980282 
0.5 4.5 2 1 -0.332663 -0.117722 
0.5 4.5 4.5 1 -0.3461 0.0803493 
0.5 2.5 4.5 1 -0.465243 0.088264 
