0 0 0 1 0.107163 -0.0415495 
0 0 6.5 1 0.108786 0.222474 
10 0 0 1 0.531794 -0.130031 
10 0 6.5 1 0.566242 0.238126 
10 10 0 1 0.215742 -0.337299 
10 10 6.5 1 0.233354 0.25266 
0 10 0 1 -0.2439 -0.136617 
0 10 6.5 1 -0.267761 0.224815 
0 5 10 1 -0.0527185 0.404006 
10 5 10 1 0.461371 0.525194 
0 6 0 1 -0.0764262 -0.0912655 
0 8 0 1 -0.154418 -0.112386 
0 8 5 1 -0.166488 0.142478 
0 6 5 1 -0.0838851 0.147466 
0 2 2.5 1 0.0524308 0.0474892 
0 4 2.5 1 -0.00973201 0.0370614 
0 4 5 1 -0.0117047 0.151824 
0 2 5 1 0.0519092 0.155666 
0.5 0.5 -0.5 1 0.109545 -0.068114 
0.5 0.5 6 1 0.111339 0.201187 
10.5 0.5 -0.5 1 0.549541 -0.170316 
10.5 0.5 6 1 0.586641 0.20815 
10.5 10.5 -0.5 1 0.227202 -0.414476 
10.5 10.5 6 1 0.247463 0.20213 
0.5 10.5 -0.5 1 -0.252328 -0.176465 
0.5 10.5 6 1 -0.277696 0.194887 
0.5 5.5 9.5 1 -0.054614 0.383818 
10.5 5.5 9.5 1 0.483481 0.499198 
0.5 6.5 -0.5 1 -0.0788898 -0.124535 
0.5 8.5 -0.5 1 -0.159474 -0.148663 
0.5 8.5 4.5 1 -0.172211 0.112574 
0.5 6.5 4.5 1 -0.0866992 0.119788 
0.5 2.5 2 1 0.0535752 0.0210952 
0.5 4.5 2 1 -0.0102425 0.00870457 
0.5 4.5 4.5 1 -0.0122833 0.126066 
0.5 2.5 4.5 1 0.0530648 0.13158 
