0 0 0 1 -0.0542221 -0.399435 
0 0 6.5 1 -0.0528402 -0.131713 
10 0 0 1 0.382767 -0.428017 
10 0 6.5 1 0.359197 -0.118969 
10 10 0 1 0.393903 -0.604558 
10 10 6.5 1 0.35275 -0.0619706 
0 10 0 1 -0.310486 -0.520106 
0 10 6.5 1 -0.288302 -0.0933083 
0 5 10 1 -0.141091 0.0443436 
10 5 10 1 0.342404 0.0914122 
0 6 0 1 -0.177967 -0.457705 
0 8 0 1 -0.23706 -0.485531 
0 8 5 1 -0.225495 -0.187267 
0 6 5 1 -0.170421 -0.188487 
0 2 2.5 1 -0.0874001 -0.300599 
0 4 2.5 1 -0.126984 -0.309299 
0 4 5 1 -0.124695 -0.1895 
0 2 5 1 -0.0861224 -0.190354 
0.5 0.5 -0.5 1 -0.0430998 -0.426924 
0.5 0.5 6 1 -0.0422516 -0.150005 
10.5 0.5 -0.5 1 0.41127 -0.461002 
10.5 0.5 6 1 0.385215 -0.139635 
10.5 10.5 -0.5 1 0.446679 -0.676281 
10.5 10.5 6 1 0.397661 -0.0946174 
0.5 10.5 -0.5 1 -0.305133 -0.571151 
0.5 10.5 6 1 -0.282365 -0.120526 
0.5 5.5 9.5 1 -0.131576 0.0287202 
10.5 5.5 9.5 1 0.373474 0.0747927 
0.5 6.5 -0.5 1 -0.168404 -0.495893 
0.5 8.5 -0.5 1 -0.229046 -0.529271 
0.5 8.5 4.5 1 -0.217454 -0.215994 
0.5 6.5 4.5 1 -0.161067 -0.214496 
0.5 2.5 2 1 -0.0766848 -0.326535 
0.5 4.5 2 1 -0.116707 -0.337875 
0.5 4.5 4.5 1 -0.114581 -0.21326 
0.5 2.5 4.5 1 -0.0755991 -0.212224 
