0 0 0 1 0.379098 -0.616747 
0 0 6.5 1 0.311699 -0.00456375 
10 0 0 1 -0.254061 -0.486015 
10 0 6.5 1 -0.260844 -0.084903 
10 10 0 1 0.0720991 -0.364205 
10 10 6.5 1 0.0540454 -0.0958023 
0 10 0 1 0.530839 -0.400512 
0 10 6.5 1 0.483095 -0.0517033 
0 5 10 1 0.392225 0.181238 
10 5 10 1 -0.0811151 0.0690743 
0 6 0 1 0.489297 -0.459709 
0 8 0 1 0.512045 -0.427293 
0 8 5 1 0.472333 -0.129745 
0 6 5 1 0.446746 -0.130805 
0 2 2.5 1 0.400216 -0.335403 
0 4 2.5 1 0.437689 -0.310701 
0 4 5 1 0.415476 -0.132101 
0 2 5 1 0.376393 -0.13372 
0.5 0.5 -0.5 1 0.350906 -0.638054 
0.5 0.5 6 1 0.28931 -0.0547618 
10.5 0.5 -0.5 1 -0.24973 -0.504802 
10.5 0.5 6 1 -0.256534 -0.11627 
10.5 10.5 -0.5 1 0.0670427 -0.379889 
10.5 10.5 6 1 0.0496165 -0.117162 
0.5 10.5 -0.5 1 0.509683 -0.419731 
0.5 10.5 6 1 0.46447 -0.0804499 
0.5 5.5 9.5 1 0.373049 0.13805 
10.5 5.5 9.5 1 -0.0825618 0.0399433 
0.5 6.5 -0.5 1 0.465449 -0.480554 
0.5 8.5 -0.5 1 0.489598 -0.447348 
0.5 8.5 4.5 1 0.452185 -0.158803 
0.5 6.5 4.5 1 0.425589 -0.162623 
0.5 2.5 2 1 0.375372 -0.366512 
0.5 4.5 2 1 0.414014 -0.339426 
0.5 4.5 4.5 1 0.393324 -0.167258 
0.5 2.5 4.5 1 0.353359 -0.172999 
