-0.400197 -0.441928 -0.412899 -0.119275 
0.0294655 -0.349047 0.0074034 -0.0881115 
0.33205 -0.455466 0.286 -0.0544266 
-0.302196 -0.663055 -0.329677 -0.0950381 
-0.400197 -0.441928 0.0294655 -0.349047 
0.0294655 -0.349047 0.33205 -0.455466 
0.33205 -0.455466 -0.302196 -0.663055 
-0.302196 -0.663055 -0.400197 -0.441928 
-0.412899 -0.119275 -0.391172 0.0971752 
-0.391172 0.0971752 -0.329677 -0.0950381 
0.0074034 -0.0881115 0.102336 0.0870469 
0.102336 0.0870469 0.286 -0.0544266 
-0.391172 0.0971752 0.102336 0.0870469 
-0.412899 -0.119275 0.0074034 -0.0881115 
-0.329677 -0.0950381 0.286 -0.0544266 
-0.355174 -0.543517 -0.3322 -0.595355 
-0.3322 -0.595355 -0.349721 -0.211666 
-0.349721 -0.211666 -0.369918 -0.205018 
-0.369918 -0.205018 -0.355174 -0.543517 
-0.393666 -0.330421 -0.37977 -0.348746 
-0.37977 -0.348746 -0.386011 -0.199721 
-0.386011 -0.199721 -0.399136 -0.1954 
-0.399136 -0.1954 -0.393666 -0.330421 
