-0.528429 -0.662527 -0.522777 0.00724528 
-0.228042 -0.398565 -0.239041 -0.0655039 
0.291705 -0.369389 0.255719 -0.0290387 
0.541483 -0.616602 0.446323 0.0835218 
-0.528429 -0.662527 -0.228042 -0.398565 
-0.228042 -0.398565 0.291705 -0.369389 
0.291705 -0.369389 0.541483 -0.616602 
0.541483 -0.616602 -0.528429 -0.662527 
-0.522777 0.00724528 -0.0700731 0.363292 
-0.0700731 0.363292 0.446323 0.0835218 
-0.239041 -0.0655039 -0.00643865 0.121015 
-0.00643865 0.121015 0.255719 -0.0290387 
-0.0700731 0.363292 -0.00643865 0.121015 
-0.522777 0.00724528 -0.239041 -0.0655039 
0.446323 0.0835218 0.255719 -0.0290387 
0.0991591 -0.635588 0.31782 -0.626202 
0.31782 -0.626202 0.260218 -0.0807029 
0.260218 -0.0807029 0.058067 -0.0950628 
0.058067 -0.0950628 0.0991591 -0.635588 
-0.329048 -0.378515 -0.127772 -0.366942 
-0.127772 -0.366942 -0.139935 -0.109128 
-0.139935 -0.109128 -0.333913 -0.122907 
-0.333913 -0.122907 -0.329048 -0.378515 
