0 0 0 1 0.220792 -0.412946 
0 0 6.5 1 0.183616 0.201519 
10 0 0 1 -0.231207 -0.225612 
10 0 6.5 1 -0.271303 0.132657 
10 10 0 1 0.132103 -0.111487 
10 10 6.5 1 0.113933 0.153331 
0 10 0 1 0.572362 -0.178252 
0 10 6.5 1 0.56545 0.204494 
0 5 10 1 0.411969 0.479631 
10 5 10 1 -0.0635815 0.317661 
0 6 0 1 0.469229 -0.247099 
0 8 0 1 0.525005 -0.209866 
0 8 5 1 0.517559 0.105068 
0 6 5 1 0.458861 0.0954541 
0 2 2.5 1 0.311755 -0.142996 
0 4 2.5 1 0.395544 -0.107912 
0 4 5 1 0.388205 0.0838821 
0 2 5 1 0.301525 0.0696855 
0.5 0.5 -0.5 1 0.213721 -0.421587 
0.5 0.5 6 1 0.178684 0.14898 
10.5 0.5 -0.5 1 -0.217463 -0.238298 
10.5 0.5 6 1 -0.255346 0.104612 
10.5 10.5 -0.5 1 0.131555 -0.12433 
10.5 10.5 6 1 0.113924 0.132009 
0.5 10.5 -0.5 1 0.553032 -0.19366 
0.5 10.5 6 1 0.545603 0.171619 
0.5 5.5 9.5 1 0.395354 0.422629 
10.5 5.5 9.5 1 -0.0572275 0.286772 
0.5 6.5 -0.5 1 0.451713 -0.26172 
0.5 8.5 -0.5 1 0.50632 -0.225038 
0.5 8.5 4.5 1 0.498571 0.0745604 
0.5 6.5 4.5 1 0.441209 0.0627625 
0.5 2.5 2 1 0.299747 -0.167296 
0.5 4.5 2 1 0.380067 -0.13185 
0.5 4.5 4.5 1 0.372817 0.048696 
0.5 2.5 4.5 1 0.289875 0.031637 
