0 0 0 1 0.15745 -0.145448 
0 0 6.5 1 0.186908 0.132813 
10 0 0 1 0.588892 -0.292878 
10 0 6.5 1 0.645788 0.147529 
10 10 0 1 0.0116311 -0.387417 
10 10 6.5 1 0.0789444 0.288675 
0 10 0 1 -0.268461 -0.154598 
0 10 6.5 1 -0.238539 0.202247 
0 5 10 1 0.0171608 0.33583 
10 5 10 1 0.458076 0.502745 
0 6 0 1 -0.072533 -0.150389 
0 8 0 1 -0.165339 -0.152383 
0 8 5 1 -0.14226 0.106394 
0 6 5 1 -0.0494425 0.0953047 
0 2 2.5 1 0.0991042 -0.0360199 
0 4 2.5 1 0.0228594 -0.0323539 
0 4 5 1 0.0344257 0.0852851 
0 2 5 1 0.110579 0.0761872 
0.5 0.5 -0.5 1 0.152039 -0.172325 
0.5 0.5 6 1 0.182284 0.113721 
10.5 0.5 -0.5 1 0.600301 -0.342986 
10.5 0.5 6 1 0.660189 0.11724 
10.5 10.5 -0.5 1 -0.0125889 -0.47259 
10.5 10.5 6 1 0.0588907 0.251377 
0.5 10.5 -0.5 1 -0.291333 -0.189564 
0.5 10.5 6 1 -0.260711 0.180189 
0.5 5.5 9.5 1 0.00621318 0.320895 
10.5 5.5 9.5 1 0.464852 0.48614 
0.5 6.5 -0.5 1 -0.0864817 -0.181599 
0.5 8.5 -0.5 1 -0.183324 -0.185364 
0.5 8.5 4.5 1 -0.159669 0.0822158 
0.5 6.5 4.5 1 -0.0627916 0.0720171 
0.5 2.5 2 1 0.0916257 -0.0609826 
0.5 4.5 2 1 0.0125691 -0.0584337 
0.5 4.5 4.5 1 0.0244438 0.0628335 
0.5 2.5 4.5 1 0.103408 0.0545206 
