0.151179 -0.104355 0.179593 0.171249 
0.579667 -0.245418 0.642966 0.179503 
0.0545433 -0.360023 0.117991 0.302731 
-0.261769 -0.125254 -0.239829 0.233899 
0.151179 -0.104355 0.579667 -0.245418 
0.579667 -0.245418 0.0545433 -0.360023 
0.0545433 -0.360023 -0.261769 -0.125254 
-0.261769 -0.125254 0.151179 -0.104355 
0.179593 0.171249 0.0126585 0.374727 
0.0126585 0.374727 -0.239829 0.233899 
0.642966 0.179503 0.47815 0.529916 
0.47815 0.529916 0.117991 0.302731 
0.0126585 0.374727 0.47815 0.529916 
0.179593 0.171249 0.642966 0.179503 
-0.239829 0.233899 0.117991 0.302731 
-0.0704308 -0.11557 -0.160768 -0.120143 
-0.160768 -0.120143 -0.142323 0.138272 
-0.142323 0.138272 -0.0507267 0.128976 
-0.0507267 0.128976 -0.0704308 -0.11557 
0.0948797 0.00145482 0.0210359 0.00322965 
0.0210359 0.00322965 0.0314662 0.120634 
0.0314662 0.120634 0.105633 0.113107 
0.105633 0.113107 0.0948797 0.00145482 
