0.287382 -0.407152 0.258466 -0.0528449 
0.41146 -0.659752 0.338192 0.0790094 
-0.625336 -0.616148 -0.576761 0.0114614 
-0.232795 -0.405709 -0.229317 -0.0790545 
0.287382 -0.407152 0.41146 -0.659752 
0.41146 -0.659752 -0.625336 -0.616148 
-0.625336 -0.616148 -0.232795 -0.405709 
-0.232795 -0.405709 0.287382 -0.407152 
0.258466 -0.0528449 -0.000879671 0.100108 
-0.000879671 0.100108 -0.229317 -0.0790545 
0.338192 0.0790094 -0.155864 0.346823 
-0.155864 0.346823 -0.576761 0.0114614 
-0.000879671 0.100108 -0.155864 0.346823 
0.258466 -0.0528449 0.338192 0.0790094 
-0.229317 -0.0790545 -0.576761 0.0114614 
-0.0353885 -0.406257 -0.13575 -0.405978 
-0.13575 -0.405978 -0.13745 -0.147206 
-0.13745 -0.147206 -0.0417981 -0.143257 
-0.0417981 -0.143257 -0.0353885 -0.406257 
0.167369 -0.267543 0.0626024 -0.269614 
0.0626024 -0.269614 0.0570209 -0.139177 
0.0570209 -0.139177 0.159167 -0.134959 
0.159167 -0.134959 0.167369 -0.267543 
