0.107163 -0.0415495 0.108786 0.222474 
0.531794 -0.130031 0.566242 0.238126 
0.215742 -0.337299 0.233354 0.25266 
-0.2439 -0.136617 -0.267761 0.224815 
0.107163 -0.0415495 0.531794 -0.130031 
0.531794 -0.130031 0.215742 -0.337299 
0.215742 -0.337299 -0.2439 -0.136617 
-0.2439 -0.136617 0.107163 -0.0415495 
0.108786 0.222474 -0.0527185 0.404006 
-0.0527185 0.404006 -0.267761 0.224815 
0.566242 0.238126 0.461371 0.525194 
0.461371 0.525194 0.233354 0.25266 
-0.0527185 0.404006 0.461371 0.525194 
0.108786 0.222474 0.566242 0.238126 
-0.267761 0.224815 0.233354 0.25266 
-0.0764262 -0.0912655 -0.154418 -0.112386 
-0.154418 -0.112386 -0.166488 0.142478 
-0.166488 0.142478 -0.0838851 0.147466 
-0.0838851 0.147466 -0.0764262 -0.0912655 
0.0524308 0.0474892 -0.00973201 0.0370614 
-0.00973201 0.0370614 -0.0117047 0.151824 
-0.0117047 0.151824 0.0519092 0.155666 
0.0519092 0.155666 0.0524308 0.0474892 
