0 0 0 1 0.168375 -0.338057 
0 0 6.5 1 0.146809 0.292804 
10 0 0 1 -0.238831 -0.146386 
10 0 6.5 1 -0.275066 0.213064 
10 10 0 1 0.13993 -0.0510341 
10 10 6.5 1 0.129842 0.219886 
0 10 0 1 0.576535 -0.128631 
0 10 6.5 1 0.590431 0.272191 
0 5 10 1 0.42431 0.578975 
10 5 10 1 -0.0541779 0.396747 
0 6 0 1 0.454818 -0.191084 
0 8 0 1 0.520435 -0.157416 
0 8 5 1 0.528773 0.169722 
0 6 5 1 0.460008 0.163452 
0 2 2.5 1 0.280427 -0.0735726 
0 4 2.5 1 0.37734 -0.043638 
0 4 5 1 0.377664 0.155943 
0 2 5 1 0.277277 0.146789 
0.5 0.5 -0.5 1 0.166718 -0.348073 
0.5 0.5 6 1 0.146592 0.234781 
10.5 0.5 -0.5 1 -0.223439 -0.160044 
10.5 0.5 6 1 -0.257252 0.183341 
10.5 10.5 -0.5 1 0.140052 -0.0643361 
10.5 10.5 6 1 0.130291 0.197371 
0.5 10.5 -0.5 1 0.557392 -0.144442 
0.5 10.5 6 1 0.569422 0.23652 
0.5 5.5 9.5 1 0.407432 0.514873 
10.5 5.5 9.5 1 -0.0467621 0.363699 
0.5 6.5 -0.5 1 0.438846 -0.206232 
0.5 8.5 -0.5 1 0.502534 -0.173036 
0.5 8.5 4.5 1 0.509528 0.136935 
0.5 6.5 4.5 1 0.442858 0.128218 
0.5 2.5 2 1 0.271795 -0.0996464 
0.5 4.5 2 1 0.363911 -0.0690843 
0.5 4.5 4.5 1 0.363803 0.117882 
0.5 2.5 4.5 1 0.268559 0.105429 
