0 0 0 1 0.311976 -0.313547 
0 0 6.5 1 0.366141 0.12867 
10 0 0 1 -0.316754 -0.222206 
10 0 6.5 1 -0.30026 0.177841 
10 10 0 1 -0.131473 -0.0984672 
10 10 6.5 1 -0.11554 0.151443 
0 10 0 1 0.259221 -0.145075 
0 10 6.5 1 0.28932 0.12068 
0 5 10 1 0.340011 0.314246 
10 5 10 1 -0.176193 0.337215 
0 6 0 1 0.274322 -0.193298 
0 8 0 1 0.266118 -0.167098 
0 8 5 1 0.29133 0.0532064 
0 6 5 1 0.302247 0.0477298 
0 2 2.5 1 0.313931 -0.11841 
0 4 2.5 1 0.299626 -0.0941693 
0 4 5 1 0.315528 0.0410673 
0 2 5 1 0.332034 0.032787 
0.5 0.5 -0.5 1 0.270469 -0.326114 
0.5 0.5 6 1 0.320032 0.0962592 
10.5 0.5 -0.5 1 -0.330904 -0.236944 
10.5 0.5 6 1 -0.315743 0.146814 
10.5 10.5 -0.5 1 -0.144835 -0.110751 
10.5 10.5 6 1 -0.129696 0.132711 
0.5 10.5 -0.5 1 0.235163 -0.156994 
0.5 10.5 6 1 0.263698 0.101476 
0.5 5.5 9.5 1 0.305561 0.283263 
10.5 5.5 9.5 1 -0.192129 0.308003 
0.5 6.5 -0.5 1 0.245389 -0.205976 
0.5 8.5 -0.5 1 0.239845 -0.179422 
0.5 8.5 4.5 1 0.263642 0.034385 
0.5 6.5 4.5 1 0.271603 0.0272937 
0.5 2.5 2 1 0.27637 -0.137003 
0.5 4.5 2 1 0.266408 -0.111656 
0.5 4.5 4.5 1 0.281229 0.018719 
0.5 2.5 4.5 1 0.293105 0.00814075 
