0.00766686 -0.31604 -0.00900795 -0.056184 
0.443591 -0.321683 0.403911 -0.00970277 
0.402252 -0.476225 0.337842 0.0670611 
-0.265275 -0.42584 -0.275042 -0.0232941 
0.00766686 -0.31604 0.443591 -0.321683 
0.443591 -0.321683 0.402252 -0.476225 
0.402252 -0.476225 -0.265275 -0.42584 
-0.265275 -0.42584 0.00766686 -0.31604 
-0.00900795 -0.056184 -0.122044 0.115296 
-0.122044 0.115296 -0.275042 -0.0232941 
0.403911 -0.00970277 0.355252 0.213982 
0.355252 0.213982 0.337842 0.0670611 
-0.122044 0.115296 0.355252 0.213982 
-0.00900795 -0.056184 0.403911 -0.00970277 
-0.275042 -0.0232941 0.337842 0.0670611 
-0.126268 -0.36992 -0.188807 -0.395078 
-0.188807 -0.395078 -0.19878 -0.112689 
-0.19878 -0.112689 -0.137672 -0.11323 
-0.137672 -0.11323 -0.126268 -0.36992 
-0.03656 -0.22092 -0.0804006 -0.229293 
-0.0804006 -0.229293 -0.0864206 -0.113683 
-0.0864206 -0.113683 -0.0428185 -0.114068 
-0.0428185 -0.114068 -0.03656 -0.22092 
