0 0 0 1 -0.59971 -0.280515 
0 0 6.5 1 -0.546339 0.103774 
10 0 0 1 -0.137316 -0.246276 
10 0 6.5 1 -0.110364 0.0223082 
10 10 0 1 0.237563 -0.347901 
10 10 6.5 1 0.263045 0.0257358 
0 10 0 1 -0.262144 -0.480851 
0 10 6.5 1 -0.192235 0.16221 
0 5 10 1 -0.381463 0.369244 
10 5 10 1 0.0606061 0.185334 
0 6 0 1 -0.440576 -0.374957 
0 8 0 1 -0.362067 -0.42155 
0 8 5 1 -0.310265 0.0191761 
0 6 5 1 -0.391569 0.0185642 
0 2 2.5 1 -0.533863 -0.142162 
0 4 2.5 1 -0.480397 -0.156979 
0 4 5 1 -0.457604 0.0180672 
0 2 5 1 -0.5123 0.0176556 
0.5 0.5 -0.5 1 -0.560573 -0.314577 
0.5 0.5 6 1 -0.508425 0.0711058 
10.5 0.5 -0.5 1 -0.109907 -0.26989 
10.5 0.5 6 1 -0.083561 -0.00062801 
10.5 10.5 -0.5 1 0.275999 -0.380847 
10.5 10.5 6 1 0.3003 -0.00590479 
0.5 10.5 -0.5 1 -0.195833 -0.538439 
0.5 10.5 6 1 -0.129362 0.108496 
0.5 5.5 9.5 1 -0.335132 0.329704 
10.5 5.5 9.5 1 0.0913572 0.159209 
0.5 6.5 -0.5 1 -0.388678 -0.420079 
0.5 8.5 -0.5 1 -0.303841 -0.472148 
0.5 8.5 4.5 1 -0.254112 -0.0290719 
0.5 6.5 4.5 1 -0.341325 -0.0246789 
0.5 2.5 2 1 -0.4918 -0.178604 
0.5 4.5 2 1 -0.434271 -0.196911 
0.5 4.5 4.5 1 -0.412142 -0.0211116 
0.5 2.5 4.5 1 -0.47079 -0.0181574 
