0 0 0 1 -0.0402975 -0.388074 
0 0 6.5 1 -0.0429204 -0.121538 
10 0 0 1 0.397292 -0.411459 
10 0 6.5 1 0.369292 -0.101479 
10 10 0 1 0.399039 -0.581636 
10 10 6.5 1 0.351286 -0.038341 
0 10 0 1 -0.300206 -0.505287 
0 10 6.5 1 -0.284412 -0.0828239 
0 5 10 1 -0.136195 0.0539143 
10 5 10 1 0.345636 0.111832 
0 6 0 1 -0.16618 -0.444844 
0 8 0 1 -0.226045 -0.471842 
0 8 5 1 -0.218916 -0.176224 
0 6 5 1 -0.16263 -0.177647 
0 2 2.5 1 -0.0758576 -0.289523 
0 4 2.5 1 -0.116308 -0.297922 
0 4 5 1 -0.115798 -0.178831 
0 2 5 1 -0.0762228 -0.179832 
0.5 0.5 -0.5 1 -0.02915 -0.415117 
0.5 0.5 6 1 -0.0324148 -0.139424 
10.5 0.5 -0.5 1 0.426178 -0.444042 
10.5 0.5 6 1 0.395523 -0.121606 
10.5 10.5 -0.5 1 0.451888 -0.652339 
10.5 10.5 6 1 0.395883 -0.0696434 
0.5 10.5 -0.5 1 -0.295082 -0.555153 
0.5 10.5 6 1 -0.27897 -0.109244 
0.5 5.5 9.5 1 -0.12698 0.0388013 
10.5 5.5 9.5 1 0.376683 0.0961078 
0.5 6.5 -0.5 1 -0.156719 -0.482293 
0.5 8.5 -0.5 1 -0.218193 -0.514664 
0.5 8.5 4.5 1 -0.211204 -0.204232 
0.5 6.5 4.5 1 -0.153514 -0.203044 
0.5 2.5 2 1 -0.0652021 -0.314972 
0.5 4.5 2 1 -0.106141 -0.325933 
0.5 4.5 4.5 1 -0.105849 -0.202062 
0.5 2.5 4.5 1 -0.065806 -0.201238 
