0 0 0 1 0.285056 -0.336709 
0 0 6.5 1 0.248742 -0.0117783 
10 0 0 1 0.626549 -0.590479 
10 0 6.5 1 0.539049 0.0566363 
10 10 0 1 -0.400202 -0.723678 
10 10 6.5 1 -0.44034 -0.0283877 
0 10 0 1 -0.222127 -0.392813 
0 10 6.5 1 -0.246609 -0.0561506 
0 5 10 1 -0.0109136 0.137637 
10 5 10 1 0.0319282 0.349373 
0 6 0 1 -0.0153465 -0.369939 
0 8 0 1 -0.118069 -0.381302 
0 8 5 1 -0.138941 -0.122669 
0 6 5 1 -0.0380964 -0.113156 
0 2 2.5 1 0.172883 -0.219831 
0 4 2.5 1 0.0736554 -0.229991 
0 4 5 1 0.0614867 -0.103762 
0 2 5 1 0.159832 -0.0944853 
0.5 0.5 -0.5 1 0.271501 -0.372413 
0.5 0.5 6 1 0.234492 -0.0372622 
10.5 0.5 -0.5 1 0.619295 -0.679531 
10.5 0.5 6 1 0.527132 0.00938706 
10.5 10.5 -0.5 1 -0.474715 -0.827771 
10.5 10.5 6 1 -0.513241 -0.0840624 
0.5 10.5 -0.5 1 -0.251548 -0.431418 
0.5 10.5 6 1 -0.275979 -0.0837785 
0.5 5.5 9.5 1 -0.0326473 0.11639 
10.5 5.5 9.5 1 -0.0093407 0.318843 
0.5 6.5 -0.5 1 -0.038178 -0.407348 
0.5 8.5 -0.5 1 -0.144153 -0.419303 
0.5 8.5 4.5 1 -0.165114 -0.152252 
0.5 6.5 4.5 1 -0.0611367 -0.142268 
0.5 2.5 2 1 0.15609 -0.251983 
0.5 4.5 2 1 0.0538272 -0.262652 
0.5 4.5 4.5 1 0.0415016 -0.132412 
0.5 2.5 4.5 1 0.142827 -0.122683 
