-0.460234 -0.890374 -0.371879 -0.105499 
-0.29723 -0.500508 -0.263369 -0.137506 
0.231327 -0.501443 0.233918 -0.163736 
0.621308 -0.834633 0.585769 -0.159491 
-0.460234 -0.890374 -0.29723 -0.500508 
-0.29723 -0.500508 0.231327 -0.501443 
0.231327 -0.501443 0.621308 -0.834633 
0.621308 -0.834633 -0.460234 -0.890374 
-0.371879 -0.105499 0.14868 0.193414 
0.14868 0.193414 0.585769 -0.159491 
-0.263369 -0.137506 0.0026907 0.0213725 
0.0026907 0.0213725 0.233918 -0.163736 
0.14868 0.193414 0.0026907 0.0213725 
-0.371879 -0.105499 -0.263369 -0.137506 
0.585769 -0.159491 0.233918 -0.163736 
0.229458 -0.854828 0.43135 -0.844423 
0.43135 -0.844423 0.418523 -0.296681 
0.418523 -0.296681 0.233715 -0.290469 
0.233715 -0.290469 0.229458 -0.854828 
-0.191203 -0.562884 0.0267773 -0.561346 
0.0267773 -0.561346 0.0379879 -0.28389 
0.0379879 -0.28389 -0.169656 -0.27691 
-0.169656 -0.27691 -0.191203 -0.562884 
