0 0 0 1 0.250548 -0.0886059 
0 0 6.5 1 0.266501 0.271733 
10 0 0 1 -0.0887258 -0.315979 
10 0 6.5 1 -0.106011 0.328299 
10 10 0 1 -0.573956 -0.141865 
10 10 6.5 1 -0.627119 0.27722 
0 10 0 1 -0.149231 -0.0247598 
0 10 6.5 1 -0.159633 0.252382 
0 5 10 1 0.0238597 0.446648 
10 5 10 1 -0.454619 0.618204 
0 6 0 1 -0.0133929 -0.0464536 
0 8 0 1 -0.0845571 -0.0350884 
0 8 5 1 -0.0899471 0.185407 
0 6 5 1 -0.015703 0.185092 
0 2 2.5 1 0.155769 0.0523721 
0 4 2.5 1 0.066016 0.0598957 
0 4 5 1 0.0667773 0.184742 
0 2 5 1 0.158945 0.184352 
0.5 0.5 -0.5 1 0.213861 -0.116749 
0.5 0.5 6 1 0.227116 0.242139 
10.5 0.5 -0.5 1 -0.154694 -0.366487 
10.5 0.5 6 1 -0.181246 0.27289 
10.5 10.5 -0.5 1 -0.618175 -0.174673 
10.5 10.5 6 1 -0.675315 0.242421 
0.5 10.5 -0.5 1 -0.178052 -0.0463957 
0.5 10.5 6 1 -0.190093 0.2299 
0.5 5.5 9.5 1 -0.0117248 0.420477 
10.5 5.5 9.5 1 -0.517068 0.573704 
0.5 6.5 -0.5 1 -0.0449195 -0.0702945 
0.5 8.5 -0.5 1 -0.114671 -0.0577734 
0.5 8.5 4.5 1 -0.121422 0.16201 
0.5 6.5 4.5 1 -0.0487252 0.160464 
0.5 2.5 2 1 0.120088 0.0253428 
0.5 4.5 2 1 0.0321326 0.0343428 
0.5 4.5 4.5 1 0.0320487 0.158745 
0.5 2.5 4.5 1 0.122325 0.156825 
