0 0 0 1 0.317436 -0.218092 
0 0 6.5 1 0.362909 0.213946 
10 0 0 1 -0.310728 -0.169044 
10 0 6.5 1 -0.316513 0.240338 
10 10 0 1 -0.155074 -0.03866 
10 10 6.5 1 -0.151295 0.215918 
0 10 0 1 0.234281 -0.0638176 
0 10 6.5 1 0.257146 0.199357 
0 5 10 1 0.314578 0.398033 
10 5 10 1 -0.212983 0.409829 
0 6 0 1 0.258341 -0.108455 
0 8 0 1 0.245296 -0.0842521 
0 8 5 1 0.26466 0.132703 
0 6 5 1 0.280146 0.128322 
0 2 2.5 1 0.307356 -0.0322823 
0 4 2.5 1 0.286188 -0.0103901 
0 4 5 1 0.298932 0.123006 
0 2 5 1 0.322198 0.116423 
0.5 0.5 -0.5 1 0.275792 -0.232965 
0.5 0.5 6 1 0.316067 0.179664 
10.5 0.5 -0.5 1 -0.326857 -0.184918 
10.5 0.5 6 1 -0.333608 0.207022 
10.5 10.5 -0.5 1 -0.168936 -0.0517676 
10.5 10.5 6 1 -0.165882 0.195975 
0.5 10.5 -0.5 1 0.210473 -0.0767852 
0.5 10.5 6 1 0.231628 0.179085 
0.5 5.5 9.5 1 0.279792 0.365382 
10.5 5.5 9.5 1 -0.229669 0.37832 
0.5 6.5 -0.5 1 0.229579 -0.122469 
0.5 8.5 -0.5 1 0.219241 -0.0977491 
0.5 8.5 4.5 1 0.237056 0.112757 
0.5 6.5 4.5 1 0.249502 0.106643 
0.5 2.5 2 1 0.269665 -0.0525158 
0.5 4.5 2 1 0.252972 -0.0292908 
0.5 4.5 4.5 1 0.264512 0.0992686 
0.5 2.5 4.5 1 0.28297 0.0902003 
