0.310612 -0.366765 0.365065 0.0871808 
-0.322249 -0.255628 -0.294687 0.142569 
-0.120168 -0.139102 -0.0991745 0.109889 
0.273611 -0.19516 0.304751 0.074548 
0.310612 -0.366765 -0.322249 -0.255628 
-0.322249 -0.255628 -0.120168 -0.139102 
-0.120168 -0.139102 0.273611 -0.19516 
0.273611 -0.19516 0.310612 -0.366765 
0.365065 0.0871808 0.349265 0.268975 
0.349265 0.268975 0.304751 0.074548 
-0.294687 0.142569 -0.160534 0.293524 
-0.160534 0.293524 -0.0991745 0.109889 
0.349265 0.268975 -0.160534 0.293524 
0.365065 0.0871808 -0.294687 0.142569 
0.304751 0.074548 -0.0991745 0.109889 
0.284116 -0.243881 0.2784 -0.217372 
0.2784 -0.217372 0.304462 0.00723276 
0.304462 0.00723276 0.312858 0.00235944 
0.312858 0.00235944 0.284116 -0.243881 
0.317534 -0.165291 0.306904 -0.141269 
0.306904 -0.141269 0.323091 -0.00358013 
0.323091 -0.00358013 0.335837 -0.0109788 
0.335837 -0.0109788 0.317534 -0.165291 
