0 0 0 1 0.322278 -0.108474 
0 0 6.5 1 0.337243 0.32062 
10 0 0 1 -0.314664 -0.130712 
10 0 6.5 1 -0.354482 0.302619 
10 10 0 1 -0.203458 -0.00545401 
10 10 6.5 1 -0.221399 0.258267 
0 10 0 1 0.188443 0.00725326 
0 10 6.5 1 0.190576 0.269392 
0 5 10 1 0.248927 0.481553 
10 5 10 1 -0.285962 0.469441 
0 6 0 1 0.227435 -0.0264633 
0 8 0 1 0.20632 -0.00820534 
0 8 5 1 0.208833 0.207696 
0 6 5 1 0.231157 0.209046 
0 2 2.5 1 0.287456 0.0648323 
0 4 2.5 1 0.255386 0.0779536 
0 4 5 1 0.258151 0.210678 
0 2 5 1 0.291454 0.212692 
0.5 0.5 -0.5 1 0.280459 -0.129828 
0.5 0.5 6 1 0.29143 0.281187 
10.5 0.5 -0.5 1 -0.334324 -0.151546 
10.5 0.5 6 1 -0.374238 0.263336 
10.5 10.5 -0.5 1 -0.218154 -0.0211919 
10.5 10.5 6 1 -0.236414 0.235603 
0.5 10.5 -0.5 1 0.165244 -0.00864028 
0.5 10.5 6 1 0.166176 0.246659 
0.5 5.5 9.5 1 0.21577 0.44597 
10.5 5.5 9.5 1 -0.303404 0.433839 
0.5 6.5 -0.5 1 0.199135 -0.0442884 
0.5 8.5 -0.5 1 0.180816 -0.0250196 
0.5 8.5 4.5 1 0.182222 0.18485 
0.5 6.5 4.5 1 0.201491 0.184058 
0.5 2.5 2 1 0.250242 0.0396676 
0.5 4.5 2 1 0.22279 0.0549004 
0.5 4.5 4.5 1 0.22467 0.183106 
0.5 2.5 4.5 1 0.253087 0.181939 
