-0.555614 -0.424493 -0.612543 0.15486 
-0.211143 -0.218723 -0.241784 0.0891692 
0.278667 -0.18746 0.244641 0.148718 
0.382783 -0.39927 0.312918 0.289061 
-0.555614 -0.424493 -0.211143 -0.218723 
-0.211143 -0.218723 0.278667 -0.18746 
0.278667 -0.18746 0.382783 -0.39927 
0.382783 -0.39927 -0.555614 -0.424493 
-0.612543 0.15486 -0.223289 0.553839 
-0.223289 0.553839 0.312918 0.289061 
-0.241784 0.0891692 -0.0265999 0.290409 
-0.0265999 0.290409 0.244641 0.148718 
-0.223289 0.553839 -0.0265999 0.290409 
-0.612543 0.15486 -0.241784 0.0891692 
0.312918 0.289061 0.244641 0.148718 
-0.0320822 -0.410421 0.167808 -0.405048 
0.167808 -0.405048 0.116366 0.105508 
0.116366 0.105508 -0.0813841 0.0822629 
-0.0813841 0.0822629 -0.0320822 -0.410421 
-0.415315 -0.189704 -0.242106 -0.177225 
-0.242106 -0.177225 -0.265751 0.0605908 
-0.265751 0.0605908 -0.438049 0.0403374 
-0.438049 0.0403374 -0.415315 -0.189704 
