0 0 0 1 -0.162183 -0.310194 
0 0 6.5 1 -0.135772 -0.0517406 
10 0 0 1 0.245961 -0.363538 
10 0 6.5 1 0.265 -0.0871378 
10 10 0 1 0.314545 -0.555729 
10 10 6.5 1 0.344198 -0.080489 
0 10 0 1 -0.364515 -0.448214 
0 10 6.5 1 -0.314736 -0.0236402 
0 5 10 1 -0.186021 0.125186 
10 5 10 1 0.306387 0.0955501 
0 6 0 1 -0.258637 -0.37599 
0 8 0 1 -0.305514 -0.407967 
0 8 5 1 -0.272616 -0.116544 
0 6 5 1 -0.230033 -0.114551 
0 2 2.5 1 -0.177459 -0.21902 
0 4 2.5 1 -0.207743 -0.230303 
0 4 5 1 -0.195234 -0.112923 
0 2 5 1 -0.166263 -0.111567 
0.5 0.5 -0.5 1 -0.150991 -0.337867 
0.5 0.5 6 1 -0.124174 -0.072499 
10.5 0.5 -0.5 1 0.268811 -0.394519 
10.5 0.5 6 1 0.287825 -0.110201 
10.5 10.5 -0.5 1 0.357837 -0.619072 
10.5 10.5 6 1 0.387119 -0.119959 
0.5 10.5 -0.5 1 -0.354248 -0.500301 
0.5 10.5 6 1 -0.302823 -0.0567537 
0.5 5.5 9.5 1 -0.173291 0.105016 
10.5 5.5 9.5 1 0.336184 0.0727432 
0.5 6.5 -0.5 1 -0.24706 -0.414641 
0.5 8.5 -0.5 1 -0.294291 -0.452386 
0.5 8.5 4.5 1 -0.260481 -0.149404 
0.5 6.5 4.5 1 -0.217786 -0.143935 
0.5 2.5 2 1 -0.165809 -0.246386 
0.5 4.5 2 1 -0.195879 -0.260602 
0.5 4.5 4.5 1 -0.183122 -0.139495 
0.5 2.5 4.5 1 -0.154419 -0.135819 
