0 0 0 1 0.320802 -0.157947 
0 0 6.5 1 0.354488 0.272562 
10 0 0 1 -0.31087 -0.1418 
10 0 6.5 1 -0.333123 0.278132 
10 10 0 1 -0.175874 -0.0117786 
10 10 6.5 1 -0.182182 0.24731 
0 10 0 1 0.214468 -0.0196012 
0 10 6.5 1 0.22882 0.243477 
0 5 10 1 0.287988 0.448895 
10 5 10 1 -0.245525 0.44941 
0 6 0 1 0.24537 -0.0598062 
0 8 0 1 0.228628 -0.0380243 
0 8 5 1 0.241108 0.178515 
0 6 5 1 0.259848 0.176373 
0 2 2.5 1 0.300034 0.0221473 
0 4 2.5 1 0.273787 0.0405437 
0 4 5 1 0.282548 0.17378 
0 2 5 1 0.31061 0.170573 
0.5 0.5 -0.5 1 0.278989 -0.175568 
0.5 0.5 6 1 0.307709 0.235877 
10.5 0.5 -0.5 1 -0.328524 -0.159578 
10.5 0.5 6 1 -0.35137 0.242207 
10.5 10.5 -0.5 1 -0.190096 -0.0259635 
10.5 10.5 6 1 -0.196976 0.226126 
0.5 10.5 -0.5 1 0.190885 -0.0338267 
0.5 10.5 6 1 0.20366 0.222036 
0.5 5.5 9.5 1 0.253603 0.414661 
10.5 5.5 9.5 1 -0.262575 0.415878 
0.5 6.5 -0.5 1 0.216755 -0.0754458 
0.5 8.5 -0.5 1 0.202767 -0.0529418 
0.5 8.5 4.5 1 0.21381 0.157243 
0.5 6.5 4.5 1 0.229477 0.15319 
0.5 2.5 2 1 0.2624 -0.000214734 
0.5 4.5 2 1 0.240719 0.0198411 
0.5 4.5 4.5 1 0.248349 0.148307 
0.5 2.5 4.5 1 0.271521 0.142312 
