0 0 0 1 -0.361572 -0.739389 
0 0 6.5 1 -0.276464 0.00267085 
10 0 0 1 -0.299324 -0.391482 
10 0 6.5 1 -0.259695 -0.0392981 
10 10 0 1 0.202606 -0.400185 
10 10 6.5 1 0.222685 -0.0853229 
0 10 0 1 0.597198 -0.683616 
0 10 6.5 1 0.611941 -0.0899991 
0 5 10 1 0.236803 0.273639 
10 5 10 1 0.00985926 0.10669 
0 6 0 1 0.265745 -0.702897 
0 8 0 1 0.438645 -0.692839 
0 8 5 1 0.457815 -0.210698 
0 6 5 1 0.293939 -0.199499 
0 2 2.5 1 -0.105241 -0.442622 
0 4 2.5 1 0.0963721 -0.443911 
0 4 5 1 0.115299 -0.187291 
0 2 5 1 -0.0801909 -0.173932 
0.5 0.5 -0.5 1 -0.305102 -0.759169 
0.5 0.5 6 1 -0.228429 -0.0569713 
10.5 0.5 -0.5 1 -0.273576 -0.411211 
10.5 0.5 6 1 -0.235912 -0.0682354 
10.5 10.5 -0.5 1 0.212612 -0.417574 
10.5 10.5 6 1 0.231889 -0.110094 
0.5 10.5 -0.5 1 0.59683 -0.702145 
0.5 10.5 6 1 0.610927 -0.134309 
0.5 5.5 9.5 1 0.253807 0.20873 
10.5 5.5 9.5 1 0.0249465 0.0759955 
0.5 6.5 -0.5 1 0.282493 -0.722019 
0.5 8.5 -0.5 1 0.446127 -0.711673 
0.5 8.5 4.5 1 0.464063 -0.251599 
0.5 6.5 4.5 1 0.308539 -0.242629 
0.5 2.5 2 1 -0.066916 -0.477371 
0.5 4.5 2 1 0.122385 -0.477072 
0.5 4.5 4.5 1 0.139726 -0.232892 
0.5 2.5 4.5 1 -0.0441546 -0.222287 
