0 0 0 1 -0.0613358 -0.403746 
0 0 6.5 1 -0.0579398 -0.135584 
10 0 0 1 0.375134 -0.434899 
10 0 6.5 1 0.353942 -0.126493 
10 10 0 1 0.390706 -0.614698 
10 10 6.5 1 0.353159 -0.0728341 
0 10 0 1 -0.31567 -0.526274 
0 10 6.5 1 -0.290392 -0.0975584 
0 5 10 1 -0.143693 0.0406955 
10 5 10 1 0.340627 0.0823522 
0 6 0 1 -0.183974 -0.462828 
0 8 0 1 -0.242654 -0.491097 
0 8 5 1 -0.228917 -0.191717 
0 6 5 1 -0.174454 -0.192782 
0 2 2.5 1 -0.0933137 -0.304877 
0 4 2.5 1 -0.132458 -0.313759 
0 4 5 1 -0.129284 -0.193666 
0 2 5 1 -0.091214 -0.194411 
0.5 0.5 -0.5 1 -0.0502348 -0.431441 
0.5 0.5 6 1 -0.0473144 -0.154082 
10.5 0.5 -0.5 1 0.403411 -0.468058 
10.5 0.5 6 1 0.379836 -0.14743 
10.5 10.5 -0.5 1 0.443341 -0.686846 
10.5 10.5 6 1 0.398183 -0.10617 
0.5 10.5 -0.5 1 -0.310197 -0.577874 
0.5 10.5 6 1 -0.284205 -0.125197 
0.5 5.5 9.5 1 -0.13403 0.0247993 
10.5 5.5 9.5 1 0.371695 0.0652716 
0.5 6.5 -0.5 1 -0.174365 -0.501362 
0.5 8.5 -0.5 1 -0.234559 -0.535268 
0.5 8.5 4.5 1 -0.220712 -0.220813 
0.5 6.5 4.5 1 -0.164984 -0.219103 
0.5 2.5 2 1 -0.0825752 -0.33105 
0.5 4.5 2 1 -0.122132 -0.342611 
0.5 4.5 4.5 1 -0.119092 -0.217694 
0.5 2.5 4.5 1 -0.0806426 -0.216514 
