0 0 0 1 0.267287 -0.437932 
0 0 6.5 1 0.254094 -0.085532 
10 0 0 1 0.463465 -0.704494 
10 0 6.5 1 0.411938 0.0293274 
10 10 0 1 -0.623404 -0.64235 
10 10 6.5 1 -0.542093 0.0216501 
0 10 0 1 -0.260988 -0.419922 
0 10 6.5 1 -0.240745 -0.0844263 
0 5 10 1 0.00311227 0.0826136 
10 5 10 1 -0.0768827 0.333867 
0 6 0 1 -0.0558513 -0.426916 
0 8 0 1 -0.159409 -0.423385 
0 8 5 1 -0.14844 -0.158983 
0 6 5 1 -0.0498985 -0.159892 
0 2 2.5 1 0.155037 -0.294455 
0 4 2.5 1 0.0501231 -0.292217 
0 4 5 1 0.0504841 -0.160817 
0 2 5 1 0.15276 -0.16176 
0.5 0.5 -0.5 1 0.24457 -0.473275 
0.5 0.5 6 1 0.232525 -0.108556 
10.5 0.5 -0.5 1 0.426449 -0.800271 
10.5 0.5 6 1 0.377008 -0.0110515 
10.5 10.5 -0.5 1 -0.72179 -0.7246 
10.5 10.5 6 1 -0.623973 -0.0155135 
0.5 10.5 -0.5 1 -0.297795 -0.45301 
0.5 10.5 6 1 -0.274655 -0.106361 
0.5 5.5 9.5 1 -0.0239199 0.0653756 
10.5 5.5 9.5 1 -0.133096 0.313543 
0.5 6.5 -0.5 1 -0.0873726 -0.460872 
0.5 8.5 -0.5 1 -0.193628 -0.456902 
0.5 8.5 4.5 1 -0.180634 -0.183515 
0.5 6.5 4.5 1 -0.0796526 -0.184682 
0.5 2.5 2 1 0.129877 -0.324323 
0.5 4.5 2 1 0.0221809 -0.321725 
0.5 4.5 4.5 1 0.0232686 -0.185872 
0.5 2.5 4.5 1 0.128186 -0.187084 
