-0.588208 -0.233201 -0.656196 0.244258 
-0.19068 -0.0604509 -0.207263 0.228793 
0.25146 -0.102756 0.26259 0.244674 
0.0977705 -0.377392 0.0983281 0.282802 
-0.588208 -0.233201 -0.19068 -0.0604509 
-0.19068 -0.0604509 0.25146 -0.102756 
0.25146 -0.102756 0.0977705 -0.377392 
0.0977705 -0.377392 -0.588208 -0.233201 
-0.656196 0.244258 -0.374696 0.61593 
-0.374696 0.61593 0.0983281 0.282802 
-0.207263 0.228793 0.00203962 0.423248 
0.00203962 0.423248 0.26259 0.244674 
-0.374696 0.61593 0.00203962 0.423248 
-0.656196 0.244258 -0.207263 0.228793 
0.0983281 0.282802 0.26259 0.244674 
-0.230017 -0.308492 -0.0774918 -0.340553 
-0.0774918 -0.340553 -0.094246 0.117323 
-0.094246 0.117323 -0.259445 0.119897 
-0.259445 0.119897 -0.230017 -0.308492 
-0.504583 -0.0729272 -0.382594 -0.0872943 
-0.382594 -0.0872943 -0.40281 0.122131 
-0.40281 0.122131 -0.528401 0.124088 
-0.528401 0.124088 -0.504583 -0.0729272 
