-0.0756875 -0.409347 -0.0683061 -0.140661 
0.359271 -0.44546 0.343085 -0.138767 
0.38317 -0.631603 0.35335 -0.0921541 
-0.325897 -0.535685 -0.294735 -0.103772 
-0.0756875 -0.409347 0.359271 -0.44546 
0.359271 -0.44546 0.38317 -0.631603 
0.38317 -0.631603 -0.325897 -0.535685 
-0.325897 -0.535685 -0.0756875 -0.409347 
-0.0683061 -0.140661 -0.149123 0.0358989 
-0.149123 0.0358989 -0.294735 -0.103772 
0.343085 -0.138767 0.336771 0.0668649 
0.336771 0.0668649 0.35335 -0.0921541 
-0.149123 0.0358989 0.336771 0.0668649 
-0.0683061 -0.140661 0.343085 -0.138767 
-0.294735 -0.103772 0.35335 -0.0921541 
-0.196013 -0.470103 -0.253799 -0.499281 
-0.253799 -0.499281 -0.235887 -0.198167 
-0.235887 -0.198167 -0.182663 -0.198839 
-0.182663 -0.198839 -0.196013 -0.470103 
-0.105272 -0.310637 -0.143521 -0.319927 
-0.143521 -0.319927 -0.138613 -0.199395 
-0.138613 -0.199395 -0.101554 -0.199864 
-0.101554 -0.199864 -0.105272 -0.310637 
