0 0 0 1 0.271527 -0.200366 
0 0 6.5 1 0.249637 0.146639 
10 0 0 1 0.0965709 -0.50957 
10 0 6.5 1 0.0414684 0.155984 
10 10 0 1 -0.575774 -0.383649 
10 10 6.5 1 -0.644567 0.0779528 
0 10 0 1 -0.170511 -0.180387 
0 10 6.5 1 -0.200498 0.101673 
0 5 10 1 -0.0141425 0.297377 
10 5 10 1 -0.404637 0.428708 
0 6 0 1 -0.0147265 -0.187428 
0 8 0 1 -0.0955893 -0.183773 
0 8 5 1 -0.117757 0.0401473 
0 6 5 1 -0.0359447 0.0454898 
0 2 2.5 1 0.158731 -0.070602 
0 4 2.5 1 0.0629162 -0.0714788 
0 4 5 1 0.0527836 0.0512838 
0 2 5 1 0.149343 0.0575893 
0.5 0.5 -0.5 1 0.241209 -0.233356 
0.5 0.5 6 1 0.218042 0.116182 
10.5 0.5 -0.5 1 0.0344622 -0.579504 
10.5 0.5 6 1 -0.0260833 0.0953051 
10.5 10.5 -0.5 1 -0.628152 -0.430494 
10.5 10.5 6 1 -0.700389 0.0355513 
0.5 10.5 -0.5 1 -0.198897 -0.207102 
0.5 10.5 6 1 -0.229933 0.0766288 
0.5 5.5 9.5 1 -0.0454295 0.271115 
10.5 5.5 9.5 1 -0.468903 0.382867 
0.5 6.5 -0.5 1 -0.0439819 -0.216343 
0.5 8.5 -0.5 1 -0.124419 -0.211545 
0.5 8.5 4.5 1 -0.147422 0.0137411 
0.5 6.5 4.5 1 -0.0660704 0.018052 
0.5 2.5 2 1 0.128255 -0.101265 
0.5 4.5 2 1 0.0328159 -0.100857 
0.5 4.5 4.5 1 0.022224 0.0227308 
0.5 2.5 4.5 1 0.11839 0.0278268 
