0.280658 -0.236849 0.250965 0.110172 
0.15121 -0.550248 0.0876192 0.133597 
-0.579594 -0.444728 -0.641083 0.0391569 
-0.174391 -0.228054 -0.205036 0.0588192 
0.280658 -0.236849 0.15121 -0.550248 
0.15121 -0.550248 -0.579594 -0.444728 
-0.579594 -0.444728 -0.174391 -0.228054 
-0.174391 -0.228054 0.280658 -0.236849 
0.250965 0.110172 -0.015529 0.255037 
-0.015529 0.255037 -0.205036 0.0588192 
0.0876192 0.133597 -0.375922 0.396135 
-0.375922 0.396135 -0.641083 0.0391569 
-0.015529 0.255037 -0.375922 0.396135 
0.250965 0.110172 0.0876192 0.133597 
-0.205036 0.0588192 -0.641083 0.0391569 
-0.0124641 -0.231183 -0.096301 -0.229563 
-0.096301 -0.229563 -0.119811 -0.00169852 
-0.119811 -0.00169852 -0.0359219 0.00514035 
-0.0359219 0.00514035 -0.0124641 -0.231183 
0.163707 -0.10793 0.066181 -0.110911 
0.066181 -0.110911 0.0544507 0.0125077 
0.0544507 0.0125077 0.152088 0.0204673 
0.152088 0.0204673 0.163707 -0.10793 
