0.322278 -0.108474 0.337243 0.32062 
-0.314664 -0.130712 -0.354482 0.302619 
-0.203458 -0.00545401 -0.221399 0.258267 
0.188443 0.00725326 0.190576 0.269392 
0.322278 -0.108474 -0.314664 -0.130712 
-0.314664 -0.130712 -0.203458 -0.00545401 
-0.203458 -0.00545401 0.188443 0.00725326 
0.188443 0.00725326 0.322278 -0.108474 
0.337243 0.32062 0.248927 0.481553 
0.248927 0.481553 0.190576 0.269392 
-0.354482 0.302619 -0.285962 0.469441 
-0.285962 0.469441 -0.221399 0.258267 
0.248927 0.481553 -0.285962 0.469441 
0.337243 0.32062 -0.354482 0.302619 
0.190576 0.269392 -0.221399 0.258267 
0.227435 -0.0264633 0.20632 -0.00820534 
0.20632 -0.00820534 0.208833 0.207696 
0.208833 0.207696 0.231157 0.209046 
0.231157 0.209046 0.227435 -0.0264633 
0.287456 0.0648323 0.255386 0.0779536 
0.255386 0.0779536 0.258151 0.210678 
0.258151 0.210678 0.291454 0.212692 
0.291454 0.212692 0.287456 0.0648323 
