0 0 0 1 0.0464209 -0.205016 
0 0 6.5 1 0.0210911 0.0493159 
10 0 0 1 0.478331 -0.207703 
10 0 6.5 1 0.441409 0.1125 
10 10 0 1 0.373955 -0.377602 
10 10 6.5 1 0.312656 0.175527 
0 10 0 1 -0.242737 -0.320552 
0 10 6.5 1 -0.27663 0.061594 
0 5 10 1 -0.11357 0.215891 
10 5 10 1 0.369752 0.349189 
0 6 0 1 -0.0980025 -0.262721 
0 8 0 1 -0.163752 -0.288992 
0 8 5 1 -0.188307 -0.0211025 
0 6 5 1 -0.121105 -0.0173098 
0 2 2.5 1 -0.00515149 -0.116014 
0 4 2.5 1 -0.0533578 -0.126837 
0 4 5 1 -0.0642071 -0.0140986 
0 2 5 1 -0.0154126 -0.0113447 
0.5 0.5 -0.5 1 0.0561536 -0.22939 
0.5 0.5 6 1 0.0300128 0.0323861 
10.5 0.5 -0.5 1 0.506429 -0.238792 
10.5 0.5 6 1 0.46784 0.0933028 
10.5 10.5 -0.5 1 0.417178 -0.443907 
10.5 10.5 6 1 0.351074 0.14569 
0.5 10.5 -0.5 1 -0.24052 -0.362773 
0.5 10.5 6 1 -0.275904 0.0364295 
0.5 5.5 9.5 1 -0.107456 0.201267 
10.5 5.5 9.5 1 0.399939 0.335668 
0.5 6.5 -0.5 1 -0.0909473 -0.295526 
0.5 8.5 -0.5 1 -0.158625 -0.325954 
0.5 8.5 4.5 1 -0.184192 -0.0472105 
0.5 6.5 4.5 1 -0.114941 -0.0410368 
0.5 2.5 2 1 0.00368019 -0.139362 
0.5 4.5 2 1 -0.0454176 -0.1524 
0.5 4.5 4.5 1 -0.056658 -0.0358409 
0.5 2.5 4.5 1 -0.00692875 -0.0314075 
