0 0 0 1 -0.179782 -0.217587 
0 0 6.5 1 -0.154072 0.036741 
10 0 0 1 0.217916 -0.266343 
10 0 6.5 1 0.24409 -0.00218778 
10 10 0 1 0.303127 -0.439008 
10 10 6.5 1 0.347009 0.00613879 
0 10 0 1 -0.355696 -0.348372 
0 10 6.5 1 -0.313109 0.0695629 
0 5 10 1 -0.197039 0.219025 
10 5 10 1 0.300051 0.178994 
0 6 0 1 -0.263722 -0.279993 
0 8 0 1 -0.304465 -0.310284 
0 8 5 1 -0.275495 -0.0253214 
0 6 5 1 -0.237766 -0.0242014 
0 2 2.5 1 -0.192259 -0.128637 
0 4 2.5 1 -0.218784 -0.139242 
0 4 5 1 -0.207035 -0.0232892 
0 2 5 1 -0.181521 -0.0225318 
0.5 0.5 -0.5 1 -0.167705 -0.244072 
0.5 0.5 6 1 -0.141446 0.0158784 
10.5 0.5 -0.5 1 0.239561 -0.294984 
10.5 0.5 6 1 0.266304 -0.0247584 
10.5 10.5 -0.5 1 0.343521 -0.494803 
10.5 10.5 6 1 0.389024 -0.0321416 
0.5 10.5 -0.5 1 -0.342013 -0.397323 
0.5 10.5 6 1 -0.297897 0.0360127 
0.5 5.5 9.5 1 -0.182452 0.197976 
10.5 5.5 9.5 1 0.329673 0.15575 
0.5 6.5 -0.5 1 -0.250259 -0.316653 
0.5 8.5 -0.5 1 -0.290736 -0.35224 
0.5 8.5 4.5 1 -0.260849 -0.0580084 
0.5 6.5 4.5 1 -0.22357 -0.0534177 
0.5 2.5 2 1 -0.179436 -0.155284 
0.5 4.5 2 1 -0.205435 -0.168704 
0.5 4.5 4.5 1 -0.193386 -0.049701 
0.5 2.5 4.5 1 -0.168449 -0.0466302 
