0.366834 -0.610399 0.294979 0.00703171 
-0.237013 -0.464322 -0.257704 -0.0730694 
0.0956499 -0.331135 0.0716613 -0.0651136 
0.55397 -0.369567 0.504417 -0.0153584 
0.366834 -0.610399 -0.237013 -0.464322 
-0.237013 -0.464322 0.0956499 -0.331135 
0.0956499 -0.331135 0.55397 -0.369567 
0.55397 -0.369567 0.366834 -0.610399 
0.294979 0.00703171 0.397324 0.217621 
0.397324 0.217621 0.504417 -0.0153584 
-0.257704 -0.0730694 -0.0749107 0.0932713 
-0.0749107 0.0932713 0.0716613 -0.0651136 
0.397324 0.217621 -0.0749107 0.0932713 
0.294979 0.00703171 -0.257704 -0.0730694 
0.504417 -0.0153584 0.0716613 -0.0651136 
0.502294 -0.43607 0.53055 -0.399708 
0.53055 -0.399708 0.489375 -0.098916 
0.489375 -0.098916 0.458041 -0.10404 
0.458041 -0.10404 0.502294 -0.43607 
0.397282 -0.322819 0.443172 -0.291768 
0.443172 -0.291768 0.419783 -0.110296 
0.419783 -0.110296 0.372021 -0.118107 
0.372021 -0.118107 0.397282 -0.322819 
