-0.576819 -0.306133 -0.659172 0.221884 
-0.205399 -0.111279 -0.237122 0.187164 
0.26312 -0.105045 0.24652 0.238365 
0.244582 -0.349194 0.208692 0.338309 
-0.576819 -0.306133 -0.205399 -0.111279 
-0.205399 -0.111279 0.26312 -0.105045 
0.26312 -0.105045 0.244582 -0.349194 
0.244582 -0.349194 -0.576819 -0.306133 
-0.659172 0.221884 -0.323269 0.633041 
-0.323269 0.633041 0.208692 0.338309 
-0.237122 0.187164 -0.0266222 0.393607 
-0.0266222 0.393607 0.24652 0.238365 
-0.323269 0.633041 -0.0266222 0.393607 
-0.659172 0.221884 -0.237122 0.187164 
0.208692 0.338309 0.24652 0.238365 
-0.134301 -0.329331 0.0449483 -0.338728 
0.0449483 -0.338728 0.00700697 0.150672 
0.00700697 0.150672 -0.180746 0.134165 
-0.180746 0.134165 -0.134301 -0.329331 
-0.471383 -0.109007 -0.321968 -0.106729 
-0.321968 -0.106729 -0.349241 0.119352 
-0.349241 0.119352 -0.501296 0.105984 
-0.501296 0.105984 -0.471383 -0.109007 
