0.126765 -0.285632 0.118247 0.364412 
-0.24391 -0.0917935 -0.274288 0.270778 
0.1485 -0.0136459 0.146196 0.263254 
0.582997 -0.100648 0.614386 0.317291 
0.126765 -0.285632 -0.24391 -0.0917935 
-0.24391 -0.0917935 0.1485 -0.0136459 
0.1485 -0.0136459 0.582997 -0.100648 
0.582997 -0.100648 0.126765 -0.285632 
0.118247 0.364412 0.43759 0.653438 
0.43759 0.653438 0.614386 0.317291 
-0.274288 0.270778 -0.0418873 0.451625 
-0.0418873 0.451625 0.146196 0.263254 
0.43759 0.653438 -0.0418873 0.451625 
0.118247 0.364412 -0.274288 0.270778 
0.614386 0.317291 0.146196 0.263254 
0.445314 -0.156473 0.519364 -0.126448 
0.519364 -0.126448 0.540806 0.212941 
0.540806 0.212941 0.463353 0.210535 
0.463353 0.210535 0.445314 -0.156473 
0.256272 -0.0240715 0.364293 0.000390261 
0.364293 0.000390261 0.371012 0.207665 
0.371012 0.207665 0.259031 0.204186 
0.259031 0.204186 0.256272 -0.0240715 
