0 0 0 1 -0.581883 -0.274646 
0 0 6.5 1 -0.663959 0.234076 
10 0 0 1 -0.201129 -0.0847174 
10 0 6.5 1 -0.229034 0.210619 
10 10 0 1 0.258397 -0.0947381 
10 10 6.5 1 0.251538 0.251009 
0 10 0 1 0.190397 -0.354447 
0 10 6.5 1 0.16846 0.325297 
0 5 10 1 -0.34892 0.636103 
10 5 10 1 -0.0189743 0.414806 
0 6 0 1 -0.170748 -0.317129 
0 8 0 1 -0.000960691 -0.334674 
0 8 5 1 -0.0318298 0.143347 
0 6 5 1 -0.212659 0.133234 
0 2 2.5 1 -0.486243 -0.0921614 
0 4 2.5 1 -0.34674 -0.0959576 
0 4 5 1 -0.372808 0.124278 
0 2 5 1 -0.515632 0.116291 
0.5 0.5 -0.5 1 -0.516048 -0.296773 
0.5 0.5 6 1 -0.590113 0.194179 
10.5 0.5 -0.5 1 -0.168801 -0.10101 
10.5 0.5 6 1 -0.194682 0.18828 
10.5 10.5 -0.5 1 0.286802 -0.113441 
10.5 10.5 6 1 0.281652 0.22405 
0.5 10.5 -0.5 1 0.247167 -0.38032 
0.5 10.5 6 1 0.232435 0.26803 
0.5 5.5 9.5 1 -0.271731 0.572765 
10.5 5.5 9.5 1 0.0149334 0.386003 
0.5 6.5 -0.5 1 -0.108 -0.341441 
0.5 8.5 -0.5 1 0.0593542 -0.359761 
0.5 8.5 4.5 1 0.0343664 0.0979567 
0.5 6.5 4.5 1 -0.143796 0.0908631 
0.5 2.5 2 1 -0.417977 -0.12183 
0.5 4.5 2 1 -0.279434 -0.127085 
0.5 4.5 4.5 1 -0.30228 0.0845531 
0.5 2.5 4.5 1 -0.444174 0.0789035 
