0 0 0 1 0.273815 -0.43145 
0 0 6.5 1 0.255672 -0.0780003 
10 0 0 1 0.450645 -0.691262 
10 0 6.5 1 0.391446 0.0450478 
10 10 0 1 -0.625865 -0.634851 
10 10 6.5 1 -0.552511 0.0193722 
0 10 0 1 -0.253179 -0.418355 
0 10 6.5 1 -0.237502 -0.0849285 
0 5 10 1 0.00207276 0.085611 
10 5 10 1 -0.0994923 0.337946 
0 6 0 1 -0.0498853 -0.423407 
0 8 0 1 -0.152724 -0.420851 
0 8 5 1 -0.145292 -0.157604 
0 6 5 1 -0.0474823 -0.157064 
0 2 2.5 1 0.15899 -0.288766 
0 4 2.5 1 0.0539537 -0.287791 
0 4 5 1 0.0525579 -0.156511 
0 2 5 1 0.154906 -0.155946 
0.5 0.5 -0.5 1 0.250813 -0.466972 
0.5 0.5 6 1 0.233723 -0.101297 
10.5 0.5 -0.5 1 0.411447 -0.786895 
10.5 0.5 6 1 0.354311 0.00443642 
10.5 10.5 -0.5 1 -0.722449 -0.715478 
10.5 10.5 6 1 -0.633456 -0.0181669 
0.5 10.5 -0.5 1 -0.28958 -0.451393 
0.5 10.5 6 1 -0.271164 -0.107108 
0.5 5.5 9.5 1 -0.0251265 0.0680205 
10.5 5.5 9.5 1 -0.15677 0.316809 
0.5 6.5 -0.5 1 -0.0813384 -0.457397 
0.5 8.5 -0.5 1 -0.186715 -0.454359 
0.5 8.5 4.5 1 -0.177366 -0.18233 
0.5 6.5 4.5 1 -0.0772633 -0.182062 
0.5 2.5 2 1 0.133597 -0.318815 
0.5 4.5 2 1 0.0258944 -0.317452 
0.5 4.5 4.5 1 0.0251852 -0.181787 
0.5 2.5 4.5 1 0.130063 -0.181506 
