0.333466 -0.518293 0.351361 0.00683092 
-0.328951 -0.382223 -0.282856 0.021426 
-0.0655593 -0.299209 -0.0440945 -0.0418147 
0.356909 -0.362653 0.366538 -0.0607357 
0.333466 -0.518293 -0.328951 -0.382223 
-0.328951 -0.382223 -0.0655593 -0.299209 
-0.0655593 -0.299209 0.356909 -0.362653 
0.356909 -0.362653 0.333466 -0.518293 
0.351361 0.00683092 0.367217 0.156451 
0.367217 0.156451 0.366538 -0.0607357 
-0.282856 0.021426 -0.122409 0.142525 
-0.122409 0.142525 -0.0440945 -0.0418147 
0.367217 0.156451 -0.122409 0.142525 
0.351361 0.00683092 -0.282856 0.021426 
0.366538 -0.0607357 -0.0440945 -0.0418147 
0.350453 -0.405516 0.353985 -0.382068 
0.353985 -0.382068 0.362225 -0.125908 
0.362225 -0.125908 0.35964 -0.122863 
0.35964 -0.122863 0.350453 -0.405516 
0.346696 -0.288808 0.35139 -0.273745 
0.35139 -0.273745 0.356478 -0.119138 
0.356478 -0.119138 0.352522 -0.114479 
0.352522 -0.114479 0.346696 -0.288808 
