0 0 0 1 -0.524988 -0.477971 
0 0 6.5 1 -0.489695 -0.112888 
10 0 0 1 -0.0590775 -0.409236 
10 0 6.5 1 -0.0561316 -0.134 
10 10 0 1 0.290644 -0.510062 
10 10 6.5 1 0.268756 -0.102787 
0 10 0 1 -0.331099 -0.691725 
0 10 6.5 1 -0.293589 -0.0508145 
0 5 10 1 -0.398655 0.129422 
10 5 10 1 0.0738607 0.0395228 
0 6 0 1 -0.436248 -0.575803 
0 8 0 1 -0.390748 -0.625965 
0 8 5 1 -0.360084 -0.187585 
0 6 5 1 -0.405774 -0.189286 
0 2 2.5 1 -0.486307 -0.343423 
0 4 2.5 1 -0.456759 -0.357825 
0 4 5 1 -0.442387 -0.190649 
0 2 5 1 -0.472384 -0.191765 
0.5 0.5 -0.5 1 -0.491047 -0.509868 
0.5 0.5 6 1 -0.457708 -0.138884 
10.5 0.5 -0.5 1 -0.029845 -0.432553 
10.5 0.5 6 1 -0.0283939 -0.153966 
10.5 10.5 -0.5 1 0.338631 -0.546155 
10.5 10.5 6 1 0.312863 -0.131533 
0.5 10.5 -0.5 1 -0.266449 -0.753101 
0.5 10.5 6 1 -0.235782 -0.0939496 
0.5 5.5 9.5 1 -0.359029 0.101105 
10.5 5.5 9.5 1 0.106866 0.0181484 
0.5 6.5 -0.5 1 -0.388729 -0.620675 
0.5 8.5 -0.5 1 -0.335956 -0.677828 
0.5 8.5 4.5 1 -0.309202 -0.22846 
0.5 6.5 4.5 1 -0.361213 -0.225614 
0.5 2.5 2 1 -0.449738 -0.375797 
0.5 4.5 2 1 -0.416011 -0.393748 
0.5 4.5 4.5 1 -0.402764 -0.22334 
0.5 2.5 4.5 1 -0.436721 -0.221482 
