-0.17731 -0.233955 -0.151145 0.0207513 
0.221822 -0.283854 0.247168 -0.0180191 
0.304074 -0.46021 0.346117 -0.010749 
-0.357746 -0.366226 -0.313477 0.0523179 
-0.17731 -0.233955 0.221822 -0.283854 
0.221822 -0.283854 0.304074 -0.46021 
0.304074 -0.46021 -0.357746 -0.366226 
-0.357746 -0.366226 -0.17731 -0.233955 
-0.151145 0.0207513 -0.195094 0.201724 
-0.195094 0.201724 -0.313477 0.0523179 
0.247168 -0.0180191 0.300887 0.162896 
0.300887 0.162896 0.346117 -0.010749 
-0.195094 0.201724 0.300887 0.162896 
-0.151145 0.0207513 0.247168 -0.0180191 
-0.313477 0.0523179 0.346117 -0.010749 
-0.26339 -0.297057 -0.305183 -0.327694 
-0.305183 -0.327694 -0.275217 -0.0419896 
-0.275217 -0.0419896 -0.236675 -0.0406271 
-0.236675 -0.0406271 -0.26339 -0.297057 
-0.190129 -0.144796 -0.217289 -0.155568 
-0.217289 -0.155568 -0.205266 -0.0395168 
-0.205266 -0.0395168 -0.179177 -0.0385946 
-0.179177 -0.0385946 -0.190129 -0.144796 
