0 0 0 1 -0.26933 0.0306197 
0 0 6.5 1 -0.286354 0.308876 
10 0 0 1 0.127337 0.0441195 
10 0 6.5 1 0.132151 0.304646 
10 10 0 1 0.306042 -0.048892 
10 10 6.5 1 0.329294 0.37142 
0 10 0 1 -0.332176 -0.0816606 
0 10 6.5 1 -0.367556 0.386869 
0 5 10 1 -0.330093 0.546787 
10 5 10 1 0.212931 0.521024 
0 6 0 1 -0.29917 -0.0226918 
0 8 0 1 -0.313751 -0.0487419 
0 8 5 1 -0.335906 0.262244 
0 6 5 1 -0.318059 0.255488 
0 2 2.5 1 -0.284634 0.128179 
0 4 2.5 1 -0.295346 0.121133 
0 4 5 1 -0.303756 0.250074 
0 2 5 1 -0.292036 0.245638 
0.5 0.5 -0.5 1 -0.24856 0.00739679 
0.5 0.5 6 1 -0.264633 0.288039 
10.5 0.5 -0.5 1 0.15146 0.0225352 
10.5 0.5 6 1 0.157609 0.285154 
10.5 10.5 -0.5 1 0.348119 -0.0852777 
10.5 10.5 6 1 0.375536 0.34049 
0.5 10.5 -0.5 1 -0.298749 -0.122879 
0.5 10.5 6 1 -0.331653 0.352429 
0.5 5.5 9.5 1 -0.302166 0.52344 
10.5 5.5 9.5 1 0.24715 0.499289 
0.5 6.5 -0.5 1 -0.272286 -0.0541882 
0.5 8.5 -0.5 1 -0.283948 -0.0844586 
0.5 8.5 4.5 1 -0.304611 0.230361 
0.5 6.5 4.5 1 -0.289961 0.227062 
0.5 2.5 2 1 -0.261742 0.103711 
0.5 4.5 2 1 -0.270369 0.0941512 
0.5 4.5 4.5 1 -0.278266 0.224429 
0.5 2.5 4.5 1 -0.268713 0.222279 
