0 0 0 1 0.308921 -0.539997 
0 0 6.5 1 0.247591 0.071039 
10 0 0 1 -0.223459 -0.367713 
10 0 6.5 1 -0.260514 0.00173861 
10 10 0 1 0.120332 -0.232456 
10 10 6.5 1 0.0940814 0.0291376 
0 10 0 1 0.570526 -0.282302 
0 10 6.5 1 0.534047 0.0809941 
0 5 10 1 0.402604 0.322619 
10 5 10 1 -0.0694606 0.182702 
0 6 0 1 0.496267 -0.355451 
0 8 0 1 0.536673 -0.315649 
0 8 5 1 0.506137 -0.011526 
0 6 5 1 0.462778 -0.0218931 
0 2 2.5 1 0.365599 -0.256898 
0 4 2.5 1 0.428664 -0.219128 
0 4 5 1 0.410127 -0.0344818 
0 2 5 1 0.344839 -0.050092 
0.5 0.5 -0.5 1 0.292697 -0.550391 
0.5 0.5 6 1 0.235208 0.0223952 
10.5 0.5 -0.5 1 -0.212854 -0.380844 
10.5 0.5 6 1 -0.248472 -0.0257305 
10.5 10.5 -0.5 1 0.11837 -0.24562 
10.5 10.5 6 1 0.0928496 0.00870301 
0.5 10.5 -0.5 1 0.550638 -0.298485 
0.5 10.5 6 1 0.515553 0.0509382 
0.5 5.5 9.5 1 0.385867 0.273823 
10.5 5.5 9.5 1 -0.0655986 0.153915 
0.5 6.5 -0.5 1 0.476063 -0.371315 
0.5 8.5 -0.5 1 0.516505 -0.331819 
0.5 8.5 4.5 1 0.487234 -0.0402924 
0.5 6.5 4.5 1 0.444091 -0.0528484 
0.5 2.5 2 1 0.348068 -0.281828 
0.5 4.5 2 1 0.409774 -0.243402 
0.5 4.5 4.5 1 0.392162 -0.067961 
0.5 2.5 4.5 1 0.328461 -0.0864996 
