0 0 0 1 0.339833 -0.535162 
0 0 6.5 1 0.297421 -0.110977 
10 0 0 1 -0.348338 -0.689695 
10 0 6.5 1 -0.342611 -0.128284 
10 10 0 1 -0.373281 -0.472755 
10 10 6.5 1 -0.368661 -0.156372 
0 10 0 1 0.0624004 -0.408744 
0 10 6.5 1 0.0472517 -0.141146 
0 5 10 1 0.133283 0.0332802 
10 5 10 1 -0.356506 0.0508968 
0 6 0 1 0.144237 -0.446034 
0 8 0 1 0.100026 -0.425888 
0 8 5 1 0.0859602 -0.201191 
0 6 5 1 0.12723 -0.201652 
0 2 2.5 1 0.247473 -0.347372 
0 4 2.5 1 0.186269 -0.333148 
0 4 5 1 0.176073 -0.202198 
0 2 5 1 0.234784 -0.202855 
0.5 0.5 -0.5 1 0.295683 -0.565595 
0.5 0.5 6 1 0.25671 -0.144031 
10.5 0.5 -0.5 1 -0.395703 -0.727306 
10.5 0.5 6 1 -0.385952 -0.17059 
10.5 10.5 -0.5 1 -0.399809 -0.495894 
10.5 10.5 6 1 -0.393878 -0.180965 
0.5 10.5 -0.5 1 0.0366334 -0.428868 
0.5 10.5 6 1 0.0227139 -0.162299 
0.5 5.5 9.5 1 0.103578 0.00683086 
10.5 5.5 9.5 1 -0.387352 0.0188353 
0.5 6.5 -0.5 1 0.113285 -0.469325 
0.5 8.5 -0.5 1 0.0718995 -0.447481 
0.5 8.5 4.5 1 0.0589672 -0.223737 
0.5 6.5 4.5 1 0.0976418 -0.226073 
0.5 2.5 2 1 0.209867 -0.375886 
0.5 4.5 2 1 0.152729 -0.359146 
0.5 4.5 4.5 1 0.143348 -0.228834 
0.5 2.5 4.5 1 0.198195 -0.232147 
