-0.415427 -0.464972 -0.422465 -0.134919 
0.0203886 -0.37179 0.000424402 -0.107753 
0.331128 -0.479043 0.285564 -0.0745429 
-0.306263 -0.690993 -0.325959 -0.10779 
-0.415427 -0.464972 0.0203886 -0.37179 
0.0203886 -0.37179 0.331128 -0.479043 
0.331128 -0.479043 -0.306263 -0.690993 
-0.306263 -0.690993 -0.415427 -0.464972 
-0.422465 -0.134919 -0.392404 0.0846508 
-0.392404 0.0846508 -0.325959 -0.10779 
0.000424402 -0.107753 0.0993252 0.0672967 
0.0993252 0.0672967 0.285564 -0.0745429 
-0.392404 0.0846508 0.0993252 0.0672967 
-0.422465 -0.134919 0.000424402 -0.107753 
-0.325959 -0.10779 0.285564 -0.0745429 
-0.3654 -0.568552 -0.339791 -0.621574 
-0.339791 -0.621574 -0.351634 -0.227093 
-0.351634 -0.227093 -0.374825 -0.220932 
-0.374825 -0.220932 -0.3654 -0.568552 
-0.40521 -0.350009 -0.389524 -0.368384 
-0.389524 -0.368384 -0.393302 -0.216023 
-0.393302 -0.216023 -0.40837 -0.212019 
-0.40837 -0.212019 -0.40521 -0.350009 
