0 0 0 1 0.00251357 -0.326636 
0 0 6.5 1 -0.0126757 -0.0659276 
10 0 0 1 0.438857 -0.333974 
10 0 6.5 1 0.400018 -0.0223042 
10 10 0 1 0.403293 -0.489195 
10 10 6.5 1 0.340048 0.0539009 
0 10 0 1 -0.268861 -0.436685 
0 10 6.5 1 -0.275595 -0.0316786 
0 5 10 1 -0.123317 0.106125 
10 5 10 1 0.354201 0.200143 
0 6 0 1 -0.130427 -0.380547 
0 8 0 1 -0.192651 -0.40578 
0 8 5 1 -0.200656 -0.121692 
0 6 5 1 -0.140154 -0.122496 
0 2 2.5 1 -0.040742 -0.230943 
0 4 2.5 1 -0.0841596 -0.239206 
0 4 5 1 -0.089458 -0.12317 
0 2 5 1 -0.046363 -0.123742 
0.5 0.5 -0.5 1 0.0134923 -0.352103 
0.5 0.5 6 1 -0.00259093 -0.0827157 
10.5 0.5 -0.5 1 0.4683 -0.365094 
10.5 0.5 6 1 0.426648 -0.0409315 
10.5 10.5 -0.5 1 0.454352 -0.556114 
10.5 10.5 6 1 0.382846 0.0260674 
0.5 10.5 -0.5 1 -0.264585 -0.4825 
0.5 10.5 6 1 -0.271897 -0.0561744 
0.5 5.5 9.5 1 -0.11521 0.0922091 
10.5 5.5 9.5 1 0.384978 0.186855 
0.5 6.5 -0.5 1 -0.121529 -0.415418 
0.5 8.5 -0.5 1 -0.185517 -0.445423 
0.5 8.5 4.5 1 -0.194172 -0.147782 
0.5 6.5 4.5 1 -0.131983 -0.146229 
0.5 2.5 2 1 -0.0304924 -0.254869 
0.5 4.5 2 1 -0.0745621 -0.265466 
0.5 4.5 4.5 1 -0.0802214 -0.144936 
0.5 2.5 4.5 1 -0.0364678 -0.143844 
