0 0 0 1 -0.27409 0.0261688 
0 0 6.5 1 -0.293161 0.304995 
10 0 0 1 0.122691 0.0430294 
10 0 6.5 1 0.125501 0.303137 
10 10 0 1 0.305136 -0.0486051 
10 10 6.5 1 0.325245 0.370371 
0 10 0 1 -0.332126 -0.0875004 
0 10 6.5 1 -0.370581 0.382334 
0 5 10 1 -0.336966 0.543051 
10 5 10 1 0.205905 0.51913 
0 6 0 1 -0.301632 -0.0277753 
0 8 0 1 -0.3151 -0.0541521 
0 8 5 1 -0.33937 0.257653 
0 6 5 1 -0.322465 0.251089 
0 2 2.5 1 -0.289574 0.123815 
0 4 2.5 1 -0.299593 0.116602 
0 4 5 1 -0.308921 0.24583 
0 2 5 1 -0.297828 0.241522 
0.5 0.5 -0.5 1 -0.252929 0.00304979 
0.5 0.5 6 1 -0.271057 0.284226 
10.5 0.5 -0.5 1 0.147012 0.0216677 
10.5 0.5 6 1 0.151132 0.283823 
10.5 10.5 -0.5 1 0.347468 -0.0845133 
10.5 10.5 6 1 0.371649 0.339787 
0.5 10.5 -0.5 1 -0.297899 -0.128574 
0.5 10.5 6 1 -0.33387 0.347947 
0.5 5.5 9.5 1 -0.308519 0.519734 
10.5 5.5 9.5 1 0.240277 0.497579 
0.5 6.5 -0.5 1 -0.274178 -0.0591451 
0.5 8.5 -0.5 1 -0.284629 -0.0897335 
0.5 8.5 4.5 1 -0.307406 0.225852 
0.5 6.5 4.5 1 -0.293798 0.222747 
0.5 2.5 2 1 -0.266246 0.0994436 
0.5 4.5 2 1 -0.274121 0.0897218 
0.5 4.5 4.5 1 -0.282939 0.220268 
0.5 2.5 4.5 1 -0.274072 0.218244 
