0 0 0 1 0.11833 -0.038893 
0 0 6.5 1 0.12776 0.228071 
10 0 0 1 0.542306 -0.143438 
10 0 6.5 1 0.589309 0.235548 
10 10 0 1 0.182863 -0.336781 
10 10 6.5 1 0.213962 0.266594 
0 10 0 1 -0.24682 -0.11863 
0 10 6.5 1 -0.261083 0.243023 
0 5 10 1 -0.0351324 0.416299 
10 5 10 1 0.476215 0.537823 
0 6 0 1 -0.0738008 -0.0808479 
0 8 0 1 -0.154639 -0.0985003 
0 8 5 1 -0.159838 0.15717 
0 6 5 1 -0.074691 0.159187 
0 2 2.5 1 0.0637952 0.0533134 
0 4 2.5 1 -0.00112962 0.0453066 
0 4 5 1 0.000129718 0.160959 
0 2 5 1 0.0663955 0.162528 
0.5 0.5 -0.5 1 0.119098 -0.0656475 
0.5 0.5 6 1 0.128813 0.206687 
10.5 0.5 -0.5 1 0.558183 -0.185398 
10.5 0.5 6 1 0.608254 0.204452 
10.5 10.5 -0.5 1 0.188274 -0.41545 
10.5 10.5 6 1 0.222118 0.215696 
0.5 10.5 -0.5 1 -0.257881 -0.157725 
0.5 10.5 6 1 -0.273508 0.213825 
0.5 5.5 9.5 1 -0.0389066 0.396353 
10.5 5.5 9.5 1 0.495789 0.511557 
0.5 6.5 -0.5 1 -0.0784505 -0.113899 
0.5 8.5 -0.5 1 -0.162102 -0.134331 
0.5 8.5 4.5 1 -0.167875 0.127729 
0.5 6.5 4.5 1 -0.0796032 0.131765 
0.5 2.5 2 1 0.063192 0.0268596 
0.5 4.5 2 1 -0.00357877 0.0170182 
0.5 4.5 4.5 1 -0.00234165 0.135298 
0.5 2.5 4.5 1 0.0658487 0.138416 
