0.34443 -0.484242 0.298379 -0.0664367 
-0.335659 -0.630665 -0.343067 -0.0914049 
-0.348574 -0.433064 -0.352339 -0.126553 
0.0788804 -0.368915 0.0594506 -0.105867 
0.34443 -0.484242 -0.335659 -0.630665 
-0.335659 -0.630665 -0.348574 -0.433064 
-0.348574 -0.433064 0.0788804 -0.368915 
0.0788804 -0.368915 0.34443 -0.484242 
0.298379 -0.0664367 0.138456 0.0713157 
0.138456 0.0713157 0.0594506 -0.105867 
-0.343067 -0.0914049 -0.351395 0.079532 
-0.351395 0.079532 -0.352339 -0.126553 
0.138456 0.0713157 -0.351395 0.079532 
0.298379 -0.0664367 -0.343067 -0.0914049 
0.0594506 -0.105867 -0.352339 -0.126553 
0.157061 -0.402869 0.114809 -0.384519 
0.114809 -0.384519 0.0974138 -0.163913 
0.0974138 -0.163913 0.136737 -0.162887 
0.136737 -0.162887 0.157061 -0.402869 
0.253777 -0.302691 0.195184 -0.2907 
0.195184 -0.2907 0.183362 -0.161672 
0.183362 -0.161672 0.239534 -0.160208 
0.239534 -0.160208 0.253777 -0.302691 
