0 0 0 1 0.243252 -0.192093 
0 0 6.5 1 0.284426 0.176341 
10 0 0 1 -0.269613 -0.290138 
10 0 6.5 1 -0.220601 0.318979 
10 10 0 1 -0.541961 -0.1133 
10 10 6.5 1 -0.519102 0.250728 
0 10 0 1 -0.101844 -0.0926153 
0 10 6.5 1 -0.0783281 0.169209 
0 5 10 1 0.0886079 0.341832 
10 5 10 1 -0.390432 0.532279 
0 6 0 1 0.00912427 -0.124603 
0 8 0 1 -0.0497644 -0.107628 
0 8 5 1 -0.0299382 0.105305 
0 6 5 1 0.0310888 0.102206 
0 2 2.5 1 0.167187 -0.0368564 
0 4 2.5 1 0.088424 -0.0235453 
0 4 5 1 0.10078 0.0986671 
0 2 5 1 0.181122 0.0945872 
0.5 0.5 -0.5 1 0.20035 -0.215736 
0.5 0.5 6 1 0.24044 0.151201 
10.5 0.5 -0.5 1 -0.337685 -0.32842 
10.5 0.5 6 1 -0.291458 0.276619 
10.5 10.5 -0.5 1 -0.582197 -0.136753 
10.5 10.5 6 1 -0.560298 0.225818 
0.5 10.5 -0.5 1 -0.131743 -0.109617 
0.5 10.5 6 1 -0.108752 0.151453 
0.5 5.5 9.5 1 0.0522297 0.320437 
10.5 5.5 9.5 1 -0.443395 0.499589 
0.5 6.5 -0.5 1 -0.0249027 -0.143757 
0.5 8.5 -0.5 1 -0.0815945 -0.125641 
0.5 8.5 4.5 1 -0.0622238 0.0866412 
0.5 6.5 4.5 1 -0.00345896 0.0823141 
0.5 2.5 2 1 0.127367 -0.0592683 
0.5 4.5 2 1 0.0515774 -0.0444109 
0.5 4.5 4.5 1 0.0636306 0.077374 
0.5 2.5 4.5 1 0.140949 0.0716807 
