0 0 0 1 -0.40347 -0.810268 
0 0 6.5 1 -0.314861 -0.0487975 
10 0 0 1 -0.301744 -0.44072 
10 0 6.5 1 -0.262871 -0.0839231 
10 10 0 1 0.211275 -0.447185 
10 10 6.5 1 0.225569 -0.12337 
0 10 0 1 0.605553 -0.753468 
0 10 6.5 1 0.602183 -0.128216 
0 5 10 1 0.203169 0.232198 
10 5 10 1 0.0060901 0.0664223 
0 6 0 1 0.25102 -0.773426 
0 8 0 1 0.435191 -0.763058 
0 8 5 1 0.442957 -0.255031 
0 6 5 1 0.270862 -0.245461 
0 2 2.5 1 -0.139988 -0.500164 
0 4 2.5 1 0.0688244 -0.500454 
0 4 5 1 0.0851941 -0.235137 
0 2 5 1 -0.115718 -0.223965 
0.5 0.5 -0.5 1 -0.341742 -0.830425 
0.5 0.5 6 1 -0.263154 -0.107146 
10.5 0.5 -0.5 1 -0.274857 -0.460635 
10.5 0.5 6 1 -0.23819 -0.112396 
10.5 10.5 -0.5 1 0.222776 -0.465052 
10.5 10.5 6 1 0.236268 -0.148306 
0.5 10.5 -0.5 1 0.608633 -0.772706 
0.5 10.5 6 1 0.605187 -0.173423 
0.5 5.5 9.5 1 0.224573 0.168428 
10.5 5.5 9.5 1 0.0224561 0.0362007 
0.5 6.5 -0.5 1 0.272358 -0.793129 
0.5 8.5 -0.5 1 0.446724 -0.782539 
0.5 8.5 4.5 1 0.453454 -0.29677 
0.5 6.5 4.5 1 0.289952 -0.289165 
0.5 2.5 2 1 -0.0968564 -0.535321 
0.5 4.5 2 1 0.0996083 -0.534235 
0.5 4.5 4.5 1 0.114194 -0.28099 
0.5 2.5 4.5 1 -0.0752519 -0.272178 
