0 0 0 1 -0.0497651 -0.260317 
0 0 6.5 1 -0.00880993 0.436245 
10 0 0 1 -0.253398 -0.0483192 
10 0 6.5 1 -0.244419 0.310557 
10 10 0 1 0.186023 -0.0354623 
10 10 6.5 1 0.213085 0.253924 
0 10 0 1 0.604408 -0.174815 
0 10 6.5 1 0.681483 0.300079 
0 5 10 1 0.445826 0.703439 
10 5 10 1 0.0207774 0.465348 
0 6 0 1 0.39717 -0.201902 
0 8 0 1 0.507508 -0.18748 
0 8 5 1 0.56386 0.195479 
0 6 5 1 0.450436 0.208409 
0 2 2.5 1 0.143122 -0.00724183 
0 4 2.5 1 0.29382 -0.00510392 
0 4 5 1 0.318912 0.223402 
0 2 5 1 0.164579 0.240996 
0.5 0.5 -0.5 1 -0.0266996 -0.28061 
0.5 0.5 6 1 0.0135005 0.360229 
10.5 0.5 -0.5 1 -0.233173 -0.0673567 
10.5 0.5 6 1 -0.223462 0.276181 
10.5 10.5 -0.5 1 0.188969 -0.0514521 
10.5 10.5 6 1 0.215283 0.227875 
0.5 10.5 -0.5 1 0.588387 -0.193472 
0.5 10.5 6 1 0.660221 0.254868 
0.5 5.5 9.5 1 0.434975 0.620807 
10.5 5.5 9.5 1 0.0303227 0.428061 
0.5 6.5 -0.5 1 0.390664 -0.221483 
0.5 8.5 -0.5 1 0.495599 -0.206617 
0.5 8.5 4.5 1 0.548127 0.153933 
0.5 6.5 4.5 1 0.440359 0.163206 
0.5 2.5 2 1 0.152322 -0.0435383 
0.5 4.5 2 1 0.29303 -0.0389089 
0.5 4.5 4.5 1 0.316491 0.173865 
0.5 2.5 4.5 1 0.172627 0.186244 
