0.211393 -0.441213 0.212195 -0.123551 
0.66956 -0.667512 0.627484 -0.0884834 
-0.241433 -0.799023 -0.182614 -0.0151826 
-0.292831 -0.463288 -0.260201 -0.0926129 
0.211393 -0.441213 0.66956 -0.667512 
0.66956 -0.667512 -0.241433 -0.799023 
-0.241433 -0.799023 -0.292831 -0.463288 
-0.292831 -0.463288 0.211393 -0.441213 
0.212195 -0.123551 0.000805216 0.0589994 
0.000805216 0.0589994 -0.260201 -0.0926129 
0.627484 -0.0884834 0.276169 0.245256 
0.276169 0.245256 -0.182614 -0.0151826 
0.000805216 0.0589994 0.276169 0.245256 
0.212195 -0.123551 0.627484 -0.0884834 
-0.260201 -0.0926129 -0.182614 -0.0151826 
-0.0715166 -0.453599 -0.178464 -0.458281 
-0.178464 -0.458281 -0.159241 -0.178425 
-0.159241 -0.178425 -0.0578107 -0.182617 
-0.0578107 -0.182617 -0.0715166 -0.453599 
0.125125 -0.314857 0.033222 -0.314885 
0.033222 -0.314885 0.037531 -0.186558 
0.037531 -0.186558 0.127317 -0.190269 
0.127317 -0.190269 0.125125 -0.314857 
