0 0 0 1 -0.252876 -0.548438 
0 0 6.5 1 -0.180763 0.155456 
10 0 0 1 -0.283535 -0.258718 
10 0 6.5 1 -0.247923 0.0865362 
10 10 0 1 0.192858 -0.268475 
10 10 6.5 1 0.221939 0.0294066 
0 10 0 1 0.58975 -0.494613 
0 10 6.5 1 0.639074 0.0369361 
0 5 10 1 0.317494 0.410602 
10 5 10 1 0.0214801 0.2271 
0 6 0 1 0.307849 -0.51262 
0 8 0 1 0.45609 -0.503151 
0 8 5 1 0.496704 -0.0725728 
0 6 5 1 0.351443 -0.0586312 
0 2 2.5 1 -0.0175275 -0.279597 
0 4 2.5 1 0.166075 -0.28247 
0 4 5 1 0.189515 -0.04309 
0 2 5 1 0.00787791 -0.0256571 
0.5 0.5 -0.5 1 -0.208717 -0.568539 
0.5 0.5 6 1 -0.141478 0.0912185 
10.5 0.5 -0.5 1 -0.260185 -0.278202 
10.5 0.5 6 1 -0.225803 0.0560835 
10.5 10.5 -0.5 1 0.199832 -0.285078 
10.5 10.5 6 1 0.228083 0.00460287 
0.5 10.5 -0.5 1 0.582653 -0.512627 
0.5 10.5 6 1 0.629636 -0.00663865 
0.5 5.5 9.5 1 0.324361 0.341123 
10.5 5.5 9.5 1 0.033993 0.194714 
0.5 6.5 -0.5 1 0.315124 -0.531528 
0.5 8.5 -0.5 1 0.455454 -0.521614 
0.5 8.5 4.5 1 0.494011 -0.112784 
0.5 6.5 4.5 1 0.356357 -0.101652 
0.5 2.5 2 1 0.00995057 -0.314508 
0.5 4.5 2 1 0.181715 -0.315324 
0.5 4.5 4.5 1 0.203797 -0.0893131 
0.5 2.5 4.5 1 0.0337704 -0.0755621 
