0.285056 -0.336709 0.248742 -0.0117783 
0.626549 -0.590479 0.539049 0.0566363 
-0.400202 -0.723678 -0.44034 -0.0283877 
-0.222127 -0.392813 -0.246609 -0.0561506 
0.285056 -0.336709 0.626549 -0.590479 
0.626549 -0.590479 -0.400202 -0.723678 
-0.400202 -0.723678 -0.222127 -0.392813 
-0.222127 -0.392813 0.285056 -0.336709 
0.248742 -0.0117783 -0.0109136 0.137637 
-0.0109136 0.137637 -0.246609 -0.0561506 
0.539049 0.0566363 0.0319282 0.349373 
0.0319282 0.349373 -0.44034 -0.0283877 
-0.0109136 0.137637 0.0319282 0.349373 
0.248742 -0.0117783 0.539049 0.0566363 
-0.246609 -0.0561506 -0.44034 -0.0283877 
-0.0153465 -0.369939 -0.118069 -0.381302 
-0.118069 -0.381302 -0.138941 -0.122669 
-0.138941 -0.122669 -0.0380964 -0.113156 
-0.0380964 -0.113156 -0.0153465 -0.369939 
0.172883 -0.219831 0.0736554 -0.229991 
0.0736554 -0.229991 0.0614867 -0.103762 
0.0614867 -0.103762 0.159832 -0.0944853 
0.159832 -0.0944853 0.172883 -0.219831 
