0.164589 -0.209134 0.192138 0.074088 
0.600634 -0.365607 0.642542 0.097391 
-0.0465903 -0.445308 0.0226365 0.246395 
-0.278235 -0.210098 -0.241344 0.144929 
0.164589 -0.209134 0.600634 -0.365607 
0.600634 -0.365607 -0.0465903 -0.445308 
-0.0465903 -0.445308 -0.278235 -0.210098 
-0.278235 -0.210098 0.164589 -0.209134 
0.192138 0.074088 0.0166584 0.273954 
0.0166584 0.273954 -0.241344 0.144929 
0.642542 0.097391 0.421625 0.452069 
0.421625 0.452069 0.0226365 0.246395 
0.0166584 0.273954 0.421625 0.452069 
0.192138 0.074088 0.642542 0.097391 
-0.241344 0.144929 0.0226365 0.246395 
-0.0765243 -0.209659 -0.172488 -0.209868 
-0.172488 -0.209868 -0.145861 0.0503547 
-0.145861 0.0503547 -0.0514819 0.0385704 
-0.0514819 0.0385704 -0.0765243 -0.209659 
0.102222 -0.0954602 0.0227886 -0.0906104 
0.0227886 -0.0906104 0.0345815 0.0278244 
0.0345815 0.0278244 0.113382 0.0179853 
0.113382 0.0179853 0.102222 -0.0954602 
