-0.123167 -0.393543 -0.103679 -0.127218 
0.301644 -0.442948 0.30376 -0.147416 
0.349202 -0.643387 0.349118 -0.125185 
-0.355089 -0.530826 -0.308622 -0.0961739 
-0.123167 -0.393543 0.301644 -0.442948 
0.301644 -0.442948 0.349202 -0.643387 
0.349202 -0.643387 -0.355089 -0.530826 
-0.355089 -0.530826 -0.123167 -0.393543 
-0.103679 -0.127218 -0.168416 0.0490223 
-0.168416 0.0490223 -0.308622 -0.0961739 
0.30376 -0.147416 0.32138 0.0461392 
0.32138 0.0461392 0.349118 -0.125185 
-0.168416 0.0490223 0.32138 0.0461392 
-0.103679 -0.127218 0.30376 -0.147416 
-0.308622 -0.0961739 0.349118 -0.125185 
-0.233948 -0.459118 -0.287642 -0.490902 
-0.287642 -0.490902 -0.25838 -0.189983 
-0.25838 -0.189983 -0.209775 -0.188923 
-0.209775 -0.188923 -0.233948 -0.459118 
-0.144967 -0.297528 -0.179809 -0.30827 
-0.179809 -0.30827 -0.169823 -0.188052 
-0.169823 -0.188052 -0.136402 -0.187323 
-0.136402 -0.187323 -0.144967 -0.297528 
