-0.524988 -0.477971 -0.489695 -0.112888 
-0.0590775 -0.409236 -0.0561316 -0.134 
0.290644 -0.510062 0.268756 -0.102787 
-0.331099 -0.691725 -0.293589 -0.0508145 
-0.524988 -0.477971 -0.0590775 -0.409236 
-0.0590775 -0.409236 0.290644 -0.510062 
0.290644 -0.510062 -0.331099 -0.691725 
-0.331099 -0.691725 -0.524988 -0.477971 
-0.489695 -0.112888 -0.398655 0.129422 
-0.398655 0.129422 -0.293589 -0.0508145 
-0.0561316 -0.134 0.0738607 0.0395228 
0.0738607 0.0395228 0.268756 -0.102787 
-0.398655 0.129422 0.0738607 0.0395228 
-0.489695 -0.112888 -0.0561316 -0.134 
-0.293589 -0.0508145 0.268756 -0.102787 
-0.436248 -0.575803 -0.390748 -0.625965 
-0.390748 -0.625965 -0.360084 -0.187585 
-0.360084 -0.187585 -0.405774 -0.189286 
-0.405774 -0.189286 -0.436248 -0.575803 
-0.486307 -0.343423 -0.456759 -0.357825 
-0.456759 -0.357825 -0.442387 -0.190649 
-0.442387 -0.190649 -0.472384 -0.191765 
-0.472384 -0.191765 -0.486307 -0.343423 
