0.198091 -0.402947 0.20581 -0.0930571 
0.652182 -0.610652 0.628229 -0.0578316 
-0.207634 -0.723664 -0.14436 0.0384162 
-0.295094 -0.417084 -0.25837 -0.0509503 
0.198091 -0.402947 0.652182 -0.610652 
0.652182 -0.610652 -0.207634 -0.723664 
-0.207634 -0.723664 -0.295094 -0.417084 
-0.295094 -0.417084 0.198091 -0.402947 
0.20581 -0.0930571 0.00268712 0.0931024 
0.00268712 0.0931024 -0.25837 -0.0509503 
0.628229 -0.0578316 0.303193 0.280295 
0.303193 0.280295 -0.14436 0.0384162 
0.00268712 0.0931024 0.303193 0.280295 
0.20581 -0.0930571 0.628229 -0.0578316 
-0.25837 -0.0509503 -0.14436 0.0384162 
-0.0769643 -0.410832 -0.182045 -0.413844 
-0.182045 -0.413844 -0.159189 -0.138634 
-0.159189 -0.138634 -0.0591576 -0.145048 
-0.0591576 -0.145048 -0.0769643 -0.410832 
0.117264 -0.278613 0.0277816 -0.276954 
0.0277816 -0.276954 0.034332 -0.151042 
0.034332 -0.151042 0.121901 -0.156657 
0.121901 -0.156657 0.117264 -0.278613 
