0 0 0 1 -0.0755545 -0.285399 
0 0 6.5 1 -0.0296025 0.409836 
10 0 0 1 -0.255717 -0.0669091 
10 0 6.5 1 -0.241731 0.288881 
10 10 0 1 0.188316 -0.0596523 
10 10 6.5 1 0.217353 0.229758 
0 10 0 1 0.603149 -0.208501 
0 10 6.5 1 0.680248 0.271385 
0 5 10 1 0.434285 0.672659 
10 5 10 1 0.0249277 0.440024 
0 6 0 1 0.386606 -0.233036 
0 8 0 1 0.501719 -0.219993 
0 8 5 1 0.558489 0.167094 
0 6 5 1 0.440715 0.180924 
0 2 2.5 1 0.123701 -0.0327704 
0 4 2.5 1 0.279075 -0.0323135 
0 4 5 1 0.304833 0.196881 
0 2 5 1 0.14632 0.215495 
0.5 0.5 -0.5 1 -0.0497317 -0.306058 
0.5 0.5 6 1 -0.00488878 0.33487 
10.5 0.5 -0.5 1 -0.235138 -0.0861358 
10.5 0.5 6 1 -0.220727 0.254908 
10.5 10.5 -0.5 1 0.191685 -0.075743 
10.5 10.5 6 1 0.219926 0.203831 
0.5 10.5 -0.5 1 0.588028 -0.227138 
0.5 10.5 6 1 0.660095 0.226248 
0.5 5.5 9.5 1 0.425479 0.591346 
10.5 5.5 9.5 1 0.0347206 0.403309 
0.5 6.5 -0.5 1 0.381662 -0.252675 
0.5 8.5 -0.5 1 0.491022 -0.239142 
0.5 8.5 4.5 1 0.544105 0.125573 
0.5 6.5 4.5 1 0.43231 0.135798 
0.5 2.5 2 1 0.135219 -0.0691895 
0.5 4.5 2 1 0.280247 -0.0662129 
0.5 4.5 4.5 1 0.304412 0.147497 
0.5 2.5 4.5 1 0.156662 0.161011 
