-0.00289634 -0.336915 -0.016507 -0.0753319 
0.433834 -0.346142 0.396025 -0.0347283 
0.403948 -0.50246 0.342136 0.040567 
-0.272697 -0.447413 -0.276326 -0.0398977 
-0.00289634 -0.336915 0.433834 -0.346142 
0.433834 -0.346142 0.403948 -0.50246 
0.403948 -0.50246 -0.272697 -0.447413 
-0.272697 -0.447413 -0.00289634 -0.336915 
-0.016507 -0.0753319 -0.124724 0.0972848 
-0.124724 0.0972848 -0.276326 -0.0398977 
0.396025 -0.0347283 0.353142 0.186477 
0.353142 0.186477 0.342136 0.040567 
-0.124724 0.0972848 0.353142 0.186477 
-0.016507 -0.0753319 0.396025 -0.0347283 
-0.276326 -0.0398977 0.342136 0.040567 
-0.134845 -0.390955 -0.19675 -0.416308 
-0.19675 -0.416308 -0.202721 -0.130503 
-0.202721 -0.130503 -0.142823 -0.131529 
-0.142823 -0.131529 -0.134845 -0.390955 
-0.045143 -0.240678 -0.0881383 -0.248863 
-0.0881383 -0.248863 -0.0926812 -0.132388 
-0.0926812 -0.132388 -0.0500917 -0.133117 
-0.0500917 -0.133117 -0.045143 -0.240678 
