-0.533718 -0.594772 -0.54542 0.0477662 
-0.220961 -0.352626 -0.238435 -0.0275244 
0.290975 -0.320303 0.253337 0.0172349 
0.504871 -0.549445 0.413265 0.143707 
-0.533718 -0.594772 -0.220961 -0.352626 
-0.220961 -0.352626 0.290975 -0.320303 
0.290975 -0.320303 0.504871 -0.549445 
0.504871 -0.549445 -0.533718 -0.594772 
-0.54542 0.0477662 -0.108672 0.414136 
-0.108672 0.414136 0.413265 0.143707 
-0.238435 -0.0275244 -0.0114067 0.162736 
-0.0114067 0.162736 0.253337 0.0172349 
-0.108672 0.414136 -0.0114067 0.162736 
-0.54542 0.0477662 -0.238435 -0.0275244 
0.413265 0.143707 0.253337 0.0172349 
0.0675373 -0.568532 0.282293 -0.559159 
0.282293 -0.559159 0.224797 -0.0250185 
0.224797 -0.0250185 0.0233464 -0.0426971 
0.0233464 -0.0426971 0.0675373 -0.568532 
-0.350429 -0.324036 -0.156134 -0.311152 
-0.156134 -0.311152 -0.171541 -0.0597997 
-0.171541 -0.0597997 -0.36018 -0.0763541 
-0.36018 -0.0763541 -0.350429 -0.324036 
