0 0 0 1 0.316611 -0.231325 
0 0 6.5 1 0.363916 0.201448 
10 0 0 1 -0.311162 -0.175844 
10 0 6.5 1 -0.313638 0.231743 
10 10 0 1 -0.151305 -0.0458927 
10 10 6.5 1 -0.145597 0.207841 
0 10 0 1 0.237993 -0.0743888 
0 10 6.5 1 0.262265 0.1889 
0 5 10 1 0.319045 0.38642 
10 5 10 1 -0.207006 0.40028 
0 6 0 1 0.260713 -0.119742 
0 8 0 1 0.248391 -0.0951453 
0 8 5 1 0.268891 0.122026 
0 6 5 1 0.283717 0.117327 
0 2 2.5 1 0.308484 -0.0443064 
0 4 2.5 1 0.288325 -0.0218784 
0 4 5 1 0.301708 0.111624 
0 2 5 1 0.324 0.104558 
0.5 0.5 -0.5 1 0.275 -0.245739 
0.5 0.5 6 1 0.317127 0.167573 
10.5 0.5 -0.5 1 -0.326999 -0.191437 
10.5 0.5 6 1 -0.330505 0.198869 
10.5 10.5 -0.5 1 -0.165095 -0.0588271 
10.5 10.5 6 1 -0.160135 0.188119 
0.5 10.5 -0.5 1 0.214146 -0.087145 
0.5 10.5 6 1 0.236705 0.168837 
0.5 5.5 9.5 1 0.284247 0.354073 
10.5 5.5 9.5 1 -0.223604 0.369155 
0.5 6.5 -0.5 1 0.231927 -0.133484 
0.5 8.5 -0.5 1 0.222304 -0.108405 
0.5 8.5 4.5 1 0.241253 0.102308 
0.5 6.5 4.5 1 0.253049 0.0959044 
0.5 2.5 2 1 0.270802 -0.0641894 
0.5 4.5 2 1 0.255098 -0.0404804 
0.5 4.5 4.5 1 0.267279 0.088179 
0.5 2.5 4.5 1 0.284785 0.0786751 
