-0.584793 -0.255061 -0.662755 0.239705 
-0.197022 -0.0709641 -0.220685 0.221875 
0.255288 -0.0945431 0.256163 0.252248 
0.150322 -0.363127 0.138382 0.308487 
-0.584793 -0.255061 -0.197022 -0.0709641 
-0.197022 -0.0709641 0.255288 -0.0945431 
0.255288 -0.0945431 0.150322 -0.363127 
0.150322 -0.363127 -0.584793 -0.255061 
-0.662755 0.239705 -0.36265 0.630291 
-0.36265 0.630291 0.138382 0.308487 
-0.220685 0.221875 -0.0108552 0.422649 
-0.0108552 0.422649 0.256163 0.252248 
-0.36265 0.630291 -0.0108552 0.422649 
-0.662755 0.239705 -0.220685 0.221875 
0.138382 0.308487 0.256163 0.252248 
-0.196714 -0.312111 -0.0342853 -0.335989 
-0.0342853 -0.335989 -0.0593464 0.13301 
-0.0593464 0.13301 -0.233933 0.12835 
-0.233933 0.12835 -0.196714 -0.312111 
-0.495043 -0.0828046 -0.363056 -0.0912959 
-0.363056 -0.0912959 -0.387156 0.124261 
-0.387156 0.124261 -0.522711 0.120643 
-0.522711 0.120643 -0.495043 -0.0828046 
