0 0 0 1 -0.530052 -0.639627 
0 0 6.5 1 -0.530247 0.0207586 
10 0 0 1 -0.225418 -0.383472 
10 0 6.5 1 -0.238673 -0.0531495 
10 10 0 1 0.291753 -0.353104 
10 10 6.5 1 0.255051 -0.0137804 
0 10 0 1 0.529691 -0.593728 
0 10 6.5 1 0.435436 0.103829 
0 5 10 1 -0.0828581 0.380142 
10 5 10 1 -0.00800034 0.13461 
0 6 0 1 0.0888272 -0.612822 
0 8 0 1 0.306278 -0.603404 
0 8 5 1 0.248565 -0.0618348 
0 6 5 1 0.0466093 -0.0773474 
0 2 2.5 1 -0.336091 -0.360105 
0 4 2.5 1 -0.137119 -0.348041 
0 4 5 1 -0.150385 -0.0924789 
0 2 5 1 -0.3426 -0.107243 
0.5 0.5 -0.5 1 -0.452833 -0.665967 
0.5 0.5 6 1 -0.459239 -0.027243 
10.5 0.5 -0.5 1 -0.192439 -0.401846 
10.5 0.5 6 1 -0.20684 -0.0770028 
10.5 10.5 -0.5 1 0.315232 -0.372687 
10.5 10.5 6 1 0.278221 -0.0391355 
0.5 10.5 -0.5 1 0.56775 -0.623714 
0.5 10.5 6 1 0.473845 0.0497728 
0.5 5.5 9.5 1 -0.0287736 0.3201 
10.5 5.5 9.5 1 0.0192473 0.107415 
0.5 6.5 -0.5 1 0.143842 -0.641264 
0.5 8.5 -0.5 1 0.353048 -0.632603 
0.5 8.5 4.5 1 0.29446 -0.109937 
0.5 6.5 4.5 1 0.0996321 -0.124284 
0.5 2.5 2 1 -0.267924 -0.396613 
0.5 4.5 2 1 -0.0758426 -0.385464 
0.5 4.5 4.5 1 -0.09059 -0.138292 
0.5 2.5 4.5 1 -0.276367 -0.151973 
