0.308921 -0.539997 0.247591 0.071039 
-0.223459 -0.367713 -0.260514 0.00173861 
0.120332 -0.232456 0.0940814 0.0291376 
0.570526 -0.282302 0.534047 0.0809941 
0.308921 -0.539997 -0.223459 -0.367713 
-0.223459 -0.367713 0.120332 -0.232456 
0.120332 -0.232456 0.570526 -0.282302 
0.570526 -0.282302 0.308921 -0.539997 
0.247591 0.071039 0.402604 0.322619 
0.402604 0.322619 0.534047 0.0809941 
-0.260514 0.00173861 -0.0694606 0.182702 
-0.0694606 0.182702 0.0940814 0.0291376 
0.402604 0.322619 -0.0694606 0.182702 
0.247591 0.071039 -0.260514 0.00173861 
0.534047 0.0809941 0.0940814 0.0291376 
0.496267 -0.355451 0.536673 -0.315649 
0.536673 -0.315649 0.506137 -0.011526 
0.506137 -0.011526 0.462778 -0.0218931 
0.462778 -0.0218931 0.496267 -0.355451 
0.365599 -0.256898 0.428664 -0.219128 
0.428664 -0.219128 0.410127 -0.0344818 
0.410127 -0.0344818 0.344839 -0.050092 
0.344839 -0.050092 0.365599 -0.256898 
