0 0 0 1 -0.373992 -0.382769 
0 0 6.5 1 -0.396173 -0.0743842 
10 0 0 1 0.0440801 -0.29351 
10 0 6.5 1 0.0194037 -0.0384559 
10 10 0 1 0.329407 -0.396769 
10 10 6.5 1 0.284978 -0.00273373 
0 10 0 1 -0.297606 -0.589832 
0 10 6.5 1 -0.33818 -0.0521492 
0 5 10 1 -0.389795 0.137555 
10 5 10 1 0.10743 0.137785 
0 6 0 1 -0.338692 -0.478459 
0 8 0 1 -0.320815 -0.526917 
0 8 5 1 -0.34777 -0.164602 
0 6 5 1 -0.362275 -0.157898 
0 2 2.5 1 -0.373923 -0.277455 
0 4 2.5 1 -0.36345 -0.295063 
0 4 5 1 -0.373841 -0.152552 
0 2 5 1 -0.383278 -0.148191 
0.5 0.5 -0.5 1 -0.344479 -0.407781 
0.5 0.5 6 1 -0.36747 -0.0951279 
10.5 0.5 -0.5 1 0.072844 -0.313266 
10.5 0.5 6 1 0.0474809 -0.0552972 
10.5 10.5 -0.5 1 0.378823 -0.429206 
10.5 10.5 6 1 0.33254 -0.0281729 
0.5 10.5 -0.5 1 -0.243897 -0.638509 
0.5 10.5 6 1 -0.287039 -0.0877305 
0.5 5.5 9.5 1 -0.353701 0.114829 
10.5 5.5 9.5 1 0.142265 0.119715 
0.5 6.5 -0.5 1 -0.298233 -0.513866 
0.5 8.5 -0.5 1 -0.274659 -0.567942 
0.5 8.5 4.5 1 -0.303105 -0.197923 
0.5 6.5 4.5 1 -0.322973 -0.187287 
0.5 2.5 2 1 -0.341864 -0.303183 
0.5 4.5 2 1 -0.327907 -0.323726 
0.5 4.5 4.5 1 -0.338754 -0.178839 
0.5 2.5 4.5 1 -0.351592 -0.171966 
