0 0 0 1 -0.601293 -0.270103 
0 0 6.5 1 -0.549187 0.116072 
10 0 0 1 -0.139778 -0.23512 
10 0 6.5 1 -0.112431 0.0333526 
10 10 0 1 0.236432 -0.33752 
10 10 6.5 1 0.263987 0.034429 
0 10 0 1 -0.254541 -0.472769 
0 10 6.5 1 -0.184802 0.171134 
0 5 10 1 -0.380572 0.383255 
10 5 10 1 0.0606679 0.195982 
0 6 0 1 -0.437433 -0.365874 
0 8 0 1 -0.356853 -0.412971 
0 8 5 1 -0.305648 0.0281389 
0 6 5 1 -0.389235 0.0283809 
0 2 2.5 1 -0.534621 -0.131919 
0 4 2.5 1 -0.479568 -0.147309 
0 4 5 1 -0.457183 0.0285776 
0 2 5 1 -0.513506 0.0287407 
0.5 0.5 -0.5 1 -0.561665 -0.304181 
0.5 0.5 6 1 -0.510665 0.0829359 
10.5 0.5 -0.5 1 -0.112403 -0.258667 
10.5 0.5 6 1 -0.0855884 0.010259 
10.5 10.5 -0.5 1 0.274354 -0.370143 
10.5 10.5 6 1 0.300894 0.00267006 
0.5 10.5 -0.5 1 -0.188207 -0.529816 
0.5 10.5 6 1 -0.12151 0.116679 
0.5 5.5 9.5 1 -0.333556 0.342803 
10.5 5.5 9.5 1 0.0913762 0.169557 
0.5 6.5 -0.5 1 -0.385184 -0.410807 
0.5 8.5 -0.5 1 -0.298398 -0.463241 
0.5 8.5 4.5 1 -0.249038 -0.0205599 
0.5 6.5 4.5 1 -0.338464 -0.0152922 
0.5 2.5 2 1 -0.492034 -0.168546 
0.5 4.5 2 1 -0.432947 -0.187406 
0.5 4.5 4.5 1 -0.41116 -0.0110101 
0.5 2.5 4.5 1 -0.471419 -0.00746057 
