0 0 0 1 -0.484501 -0.907399 
0 0 6.5 1 -0.401235 -0.11955 
10 0 0 1 -0.289403 -0.518863 
10 0 6.5 1 -0.260739 -0.154654 
10 10 0 1 0.245309 -0.515602 
10 10 6.5 1 0.240159 -0.171745 
0 10 0 1 0.627725 -0.85417 
0 10 6.5 1 0.573677 -0.156029 
0 5 10 1 0.116374 0.189602 
10 5 10 1 0.00210213 0.00945421 
0 6 0 1 0.216455 -0.873853 
0 8 0 1 0.427143 -0.86377 
0 8 5 1 0.402197 -0.298842 
0 6 5 1 0.211052 -0.29509 
0 2 2.5 1 -0.217487 -0.575319 
0 4 2.5 1 0.00335013 -0.572578 
0 4 5 1 0.0109938 -0.291163 
0 2 5 1 -0.198617 -0.287049 
0.5 0.5 -0.5 1 -0.411395 -0.930422 
0.5 0.5 6 1 -0.340907 -0.175284 
10.5 0.5 -0.5 1 -0.259613 -0.539187 
10.5 0.5 6 1 -0.233459 -0.182016 
10.5 10.5 -0.5 1 0.261131 -0.534832 
10.5 10.5 6 1 0.255158 -0.197256 
0.5 10.5 -0.5 1 0.641762 -0.876984 
0.5 10.5 6 1 0.588349 -0.204612 
0.5 5.5 9.5 1 0.149293 0.127555 
10.5 5.5 9.5 1 0.0221422 -0.0198278 
0.5 6.5 -0.5 1 0.250814 -0.896821 
0.5 8.5 -0.5 1 0.450867 -0.88667 
0.5 8.5 4.5 1 0.424861 -0.343697 
0.5 6.5 4.5 1 0.242508 -0.341085 
0.5 2.5 2 1 -0.162522 -0.612465 
0.5 4.5 2 1 0.0467498 -0.608983 
0.5 4.5 4.5 1 0.0520287 -0.338358 
0.5 2.5 4.5 1 -0.147133 -0.335506 
