0 0 0 1 -0.407652 -0.454066 
0 0 6.5 1 -0.417592 -0.127708 
10 0 0 1 0.025078 -0.360898 
10 0 6.5 1 0.00400041 -0.0984065 
10 10 0 1 0.331793 -0.467805 
10 10 6.5 1 0.285873 -0.0649974 
0 10 0 1 -0.304108 -0.677854 
0 10 6.5 1 -0.327791 -0.102175 
0 5 10 1 -0.391751 0.090246 
10 5 10 1 0.100877 0.076673 
0 6 0 1 -0.360144 -0.556744 
0 8 0 1 -0.335862 -0.609225 
0 8 5 1 -0.350617 -0.220104 
0 6 5 1 -0.372298 -0.213661 
0 2 2.5 1 -0.399315 -0.340851 
0 4 2.5 1 -0.384533 -0.359228 
0 4 5 1 -0.389571 -0.208527 
0 2 5 1 -0.403658 -0.204341 
0.5 0.5 -0.5 1 -0.37673 -0.48103 
0.5 0.5 6 1 -0.38795 -0.149609 
10.5 0.5 -0.5 1 0.0544685 -0.381638 
10.5 0.5 6 1 0.0322869 -0.115873 
10.5 10.5 -0.5 1 0.382265 -0.501659 
10.5 10.5 6 1 0.333306 -0.0911024 
0.5 10.5 -0.5 1 -0.246463 -0.731198 
0.5 10.5 6 1 -0.274399 -0.139643 
0.5 5.5 9.5 1 -0.354676 0.0664964 
10.5 5.5 9.5 1 0.135531 0.0580773 
0.5 6.5 -0.5 1 -0.317283 -0.595193 
0.5 8.5 -0.5 1 -0.286689 -0.653947 
0.5 8.5 4.5 1 -0.303894 -0.255443 
0.5 6.5 4.5 1 -0.331315 -0.244826 
0.5 2.5 2 1 -0.365837 -0.368366 
0.5 4.5 2 1 -0.347312 -0.389915 
0.5 4.5 4.5 1 -0.353078 -0.236399 
0.5 2.5 4.5 1 -0.37077 -0.229549 
