0 0 0 1 -0.331495 -0.686589 
0 0 6.5 1 -0.24965 0.0426599 
10 0 0 1 -0.29594 -0.355069 
10 0 6.5 1 -0.256683 -0.00566978 
10 10 0 1 0.198423 -0.364721 
10 10 6.5 1 0.221734 -0.0554869 
0 10 0 1 0.593174 -0.631741 
0 10 6.5 1 0.619002 -0.0581066 
0 5 10 1 0.259658 0.307793 
10 5 10 1 0.0129665 0.137989 
0 6 0 1 0.276691 -0.650513 
0 8 0 1 0.442196 -0.640696 
0 8 5 1 0.468289 -0.175062 
0 6 5 1 0.309891 -0.162925 
0 2 2.5 1 -0.0808294 -0.398713 
0 4 2.5 1 0.115663 -0.400594 
0 4 5 1 0.136079 -0.149606 
0 2 5 1 -0.0555114 -0.134926 
0.5 0.5 -0.5 1 -0.2786 -0.706322 
0.5 0.5 6 1 -0.204113 -0.0180494 
10.5 0.5 -0.5 1 -0.270927 -0.374697 
10.5 0.5 6 1 -0.233446 -0.0349698 
10.5 10.5 -0.5 1 0.207492 -0.381833 
10.5 10.5 6 1 0.229997 -0.0802009 
0.5 10.5 -0.5 1 0.590706 -0.64998 
0.5 10.5 6 1 0.615445 -0.102004 
0.5 5.5 9.5 1 0.273741 0.241873 
10.5 5.5 9.5 1 0.0272537 0.106904 
0.5 6.5 -0.5 1 0.290548 -0.669434 
0.5 8.5 -0.5 1 0.447171 -0.659283 
0.5 8.5 4.5 1 0.47184 -0.215579 
0.5 6.5 4.5 1 0.321601 -0.20584 
0.5 2.5 2 1 -0.0456878 -0.433354 
0.5 4.5 2 1 0.138584 -0.433508 
0.5 4.5 4.5 1 0.157516 -0.195203 
0.5 2.5 4.5 1 -0.0224244 -0.183539 
