0.244369 -0.432751 0.266371 -0.0428292 
-0.367866 -0.546764 -0.297865 0.04934 
-0.525906 -0.331478 -0.479248 0.0108443 
-0.0760883 -0.30577 -0.0523908 -0.0431592 
0.244369 -0.432751 -0.367866 -0.546764 
-0.367866 -0.546764 -0.525906 -0.331478 
-0.525906 -0.331478 -0.0760883 -0.30577 
-0.0760883 -0.30577 0.244369 -0.432751 
0.266371 -0.0428292 0.0891958 0.117735 
0.0891958 0.117735 -0.0523908 -0.0431592 
-0.297865 0.04934 -0.383892 0.243629 
-0.383892 0.243629 -0.479248 0.0108443 
0.0891958 0.117735 -0.383892 0.243629 
0.266371 -0.0428292 -0.297865 0.04934 
-0.0523908 -0.0431592 -0.479248 0.0108443 
0.0232086 -0.345116 -0.0299087 -0.324068 
-0.0299087 -0.324068 -0.0113472 -0.106494 
-0.0113472 -0.106494 0.0418531 -0.111085 
0.0418531 -0.111085 0.0232086 -0.345116 
0.166774 -0.258533 0.0943341 -0.241328 
0.0943341 -0.241328 0.103471 -0.116403 
0.103471 -0.116403 0.175675 -0.122634 
0.175675 -0.122634 0.166774 -0.258533 
