0.277298 -0.575422 0.273049 -0.155707 
-0.396476 -0.726436 -0.335116 -0.114067 
-0.490342 -0.476013 -0.449094 -0.133602 
-0.0335238 -0.429965 -0.0218091 -0.157449 
0.277298 -0.575422 -0.396476 -0.726436 
-0.396476 -0.726436 -0.490342 -0.476013 
-0.490342 -0.476013 -0.0335238 -0.429965 
-0.0335238 -0.429965 0.277298 -0.575422 
0.273049 -0.155707 0.0995591 0.00626014 
0.0995591 0.00626014 -0.0218091 -0.157449 
-0.335116 -0.114067 -0.383302 0.0843018 
-0.383302 0.0843018 -0.449094 -0.133602 
0.0995591 0.00626014 -0.383302 0.0843018 
0.273049 -0.155707 -0.335116 -0.114067 
-0.0218091 -0.157449 -0.449094 -0.133602 
0.0603533 -0.473897 0.0098718 -0.450273 
0.0098718 -0.450273 0.0179488 -0.222193 
0.0179488 -0.222193 0.066938 -0.226986 
0.066938 -0.226986 0.0603533 -0.473897 
0.191535 -0.383324 0.122077 -0.364014 
0.122077 -0.364014 0.12424 -0.232592 
0.12424 -0.232592 0.192167 -0.239237 
0.192167 -0.239237 0.191535 -0.383324 
