-0.0206148 -0.36517 -0.0290036 -0.100961 
0.416944 -0.381015 0.383309 -0.0702201 
0.40345 -0.542913 0.347526 0.000338602 
-0.285604 -0.478211 -0.279603 -0.0630629 
-0.0206148 -0.36517 0.416944 -0.381015 
0.416944 -0.381015 0.40345 -0.542913 
0.40345 -0.542913 -0.285604 -0.478211 
-0.285604 -0.478211 -0.0206148 -0.36517 
-0.0290036 -0.100961 -0.129809 0.0732276 
-0.129809 0.0732276 -0.279603 -0.0630629 
0.383309 -0.0702201 0.349728 0.147169 
0.349728 0.147169 0.347526 0.000338602 
-0.129809 0.0732276 0.349728 0.147169 
-0.0290036 -0.100961 0.383309 -0.0702201 
-0.279603 -0.0630629 0.347526 0.000338602 
-0.149571 -0.420181 -0.210493 -0.44617 
-0.210493 -0.44617 -0.210044 -0.155252 
-0.210044 -0.155252 -0.151952 -0.156675 
-0.151952 -0.156675 -0.149571 -0.420181 
-0.0596343 -0.267539 -0.101363 -0.275688 
-0.101363 -0.275688 -0.103467 -0.157864 
-0.103467 -0.157864 -0.0623878 -0.158871 
-0.0623878 -0.158871 -0.0596343 -0.267539 
