0.318785 -0.598143 0.289486 -0.166843 
-0.376731 -0.761872 -0.343613 -0.163673 
-0.427463 -0.514931 -0.40511 -0.181829 
0.0222725 -0.454905 0.0181446 -0.180844 
0.318785 -0.598143 -0.376731 -0.761872 
-0.376731 -0.761872 -0.427463 -0.514931 
-0.427463 -0.514931 0.0222725 -0.454905 
0.0222725 -0.454905 0.318785 -0.598143 
0.289486 -0.166843 0.119368 -0.0112911 
0.119368 -0.0112911 0.0181446 -0.180844 
-0.343613 -0.163673 -0.36966 0.0291213 
-0.36966 0.0291213 -0.40511 -0.181829 
0.119368 -0.0112911 -0.36966 0.0291213 
0.289486 -0.166843 -0.343613 -0.163673 
0.0181446 -0.180844 -0.40511 -0.181829 
0.110336 -0.497446 0.0628234 -0.474494 
0.0628234 -0.474494 0.0576521 -0.244214 
0.0576521 -0.244214 0.102566 -0.247254 
0.102566 -0.247254 0.110336 -0.497446 
0.22662 -0.402115 0.160989 -0.384272 
0.160989 -0.384272 0.155495 -0.250836 
0.155495 -0.250836 0.218792 -0.25512 
0.218792 -0.25512 0.22662 -0.402115 
