-0.501365 -0.898831 -0.427201 -0.118541 
-0.278593 -0.522494 -0.256475 -0.159735 
0.259193 -0.514523 0.246306 -0.166978 
0.628538 -0.84875 0.558329 -0.135774 
-0.501365 -0.898831 -0.278593 -0.522494 
-0.278593 -0.522494 0.259193 -0.514523 
0.259193 -0.514523 0.628538 -0.84875 
0.628538 -0.84875 -0.501365 -0.898831 
-0.427201 -0.118541 0.0837606 0.19999 
0.0837606 0.19999 0.558329 -0.135774 
-0.256475 -0.159735 0.00199997 0.00932109 
0.00199997 0.00932109 0.246306 -0.166978 
0.0837606 0.19999 0.00199997 0.00932109 
-0.427201 -0.118541 -0.256475 -0.159735 
0.558329 -0.135774 0.246306 -0.166978 
0.201706 -0.867669 0.419005 -0.858038 
0.419005 -0.858038 0.383189 -0.283449 
0.383189 -0.283449 0.18709 -0.282533 
0.18709 -0.282533 0.201706 -0.867669 
-0.240802 -0.567704 -0.0195103 -0.563606 
-0.0195103 -0.563606 -0.0156584 -0.281587 
-0.0156584 -0.281587 -0.225402 -0.280607 
-0.225402 -0.280607 -0.240802 -0.567704 
