-0.191327 -0.134928 -0.169773 0.119926 
0.201486 -0.176036 0.229676 0.0824723 
0.30288 -0.329263 0.352853 0.100015 
-0.3445 -0.257684 -0.312753 0.161622 
-0.191327 -0.134928 0.201486 -0.176036 
0.201486 -0.176036 0.30288 -0.329263 
0.30288 -0.329263 -0.3445 -0.257684 
-0.3445 -0.257684 -0.191327 -0.134928 
-0.169773 0.119926 -0.209279 0.311515 
-0.209279 0.311515 -0.312753 0.161622 
0.229676 0.0824723 0.295728 0.268188 
0.295728 0.268188 0.352853 0.100015 
-0.209279 0.311515 0.295728 0.268188 
-0.169773 0.119926 0.229676 0.0824723 
-0.312753 0.161622 0.352853 0.100015 
-0.264473 -0.193548 -0.299939 -0.221971 
-0.299939 -0.221971 -0.277687 0.062194 
-0.277687 0.062194 -0.243968 0.0616079 
-0.243968 0.0616079 -0.264473 -0.193548 
-0.202796 -0.045897 -0.226147 -0.0554502 
-0.226147 -0.0554502 -0.216584 0.0611318 
-0.216584 0.0611318 -0.193902 0.0607375 
-0.193902 0.0607375 -0.202796 -0.045897 
