-0.602659 -0.260275 -0.552091 0.127915 
-0.142062 -0.224139 -0.114455 0.0442958 
0.235501 -0.327299 0.264992 0.0430323 
-0.246644 -0.465477 -0.177283 0.179318 
-0.602659 -0.260275 -0.142062 -0.224139 
-0.142062 -0.224139 0.235501 -0.327299 
0.235501 -0.327299 -0.246644 -0.465477 
-0.246644 -0.465477 -0.602659 -0.260275 
-0.552091 0.127915 -0.379801 0.396882 
-0.379801 0.396882 -0.177283 0.179318 
-0.114455 0.0442958 0.0607276 0.206595 
0.0607276 0.206595 0.264992 0.0430323 
-0.379801 0.396882 0.0607276 0.206595 
-0.552091 0.127915 -0.114455 0.0442958 
-0.177283 0.179318 0.264992 0.0430323 
-0.434 -0.357487 -0.351337 -0.405133 
-0.351337 -0.405133 -0.300921 0.0363962 
-0.300921 0.0363962 -0.386814 0.0375576 
-0.386814 0.0375576 -0.434 -0.357487 
-0.535241 -0.122268 -0.478575 -0.138275 
-0.478575 -0.138275 -0.456703 0.0385026 
-0.456703 0.0385026 -0.51468 0.0392865 
-0.51468 0.0392865 -0.535241 -0.122268 
