0 0 0 1 0.261888 -0.473232 
0 0 6.5 1 0.213089 0.136096 
10 0 0 1 -0.225973 -0.291231 
10 0 6.5 1 -0.266334 0.0698292 
10 10 0 1 0.127235 -0.165323 
10 10 6.5 1 0.104333 0.0967332 
0 10 0 1 0.571533 -0.224109 
0 10 6.5 1 0.549912 0.147971 
0 5 10 1 0.40623 0.404367 
10 5 10 1 -0.0672569 0.25415 
0 6 0 1 0.481997 -0.296144 
0 8 0 1 0.530551 -0.257081 
0 8 5 1 0.511741 0.051386 
0 6 5 1 0.460316 0.0405771 
0 2 2.5 1 0.336916 -0.197537 
0 4 2.5 1 0.411018 -0.160103 
0 4 5 1 0.398162 0.0275134 
0 2 5 1 0.321533 0.0114072 
0.5 0.5 -0.5 1 0.250653 -0.481937 
0.5 0.5 6 1 0.204693 0.0862018 
10.5 0.5 -0.5 1 -0.213592 -0.303731 
10.5 0.5 6 1 -0.252036 0.0424645 
10.5 10.5 -0.5 1 0.126097 -0.178118 
10.5 10.5 6 1 0.103849 0.076022 
0.5 10.5 -0.5 1 0.551989 -0.239625 
0.5 10.5 6 1 0.530797 0.116694 
0.5 5.5 9.5 1 0.389678 0.35173 
10.5 5.5 9.5 1 -0.0619248 0.224512 
0.5 6.5 -0.5 1 0.463269 -0.310967 
0.5 8.5 -0.5 1 0.511216 -0.272411 
0.5 8.5 4.5 1 0.492864 0.0220161 
0.5 6.5 4.5 1 0.442238 0.00909246 
0.5 2.5 2 1 0.32237 -0.221517 
0.5 4.5 2 1 0.393985 -0.183716 
0.5 4.5 4.5 1 0.381614 -0.00638342 
0.5 2.5 4.5 1 0.307706 -0.0252504 
