-0.568451 -0.40365 -0.517265 -0.0315369 
-0.0999237 -0.356716 -0.0838376 -0.0838972 
0.261663 -0.453953 0.260679 -0.0599993 
-0.318646 -0.599913 -0.259421 0.0414311 
-0.568451 -0.40365 -0.0999237 -0.356716 
-0.0999237 -0.356716 0.261663 -0.453953 
0.261663 -0.453953 -0.318646 -0.599913 
-0.318646 -0.599913 -0.568451 -0.40365 
-0.517265 -0.0315369 -0.393561 0.219994 
-0.393561 0.219994 -0.259421 0.0414311 
-0.0838376 -0.0838972 0.0638574 0.0854329 
0.0638574 0.0854329 0.260679 -0.0599993 
-0.393561 0.219994 0.0638574 0.0854329 
-0.517265 -0.0315369 -0.0838376 -0.0838972 
-0.259421 0.0414311 0.260679 -0.0599993 
-0.453031 -0.494332 -0.394567 -0.540265 
-0.394567 -0.540265 -0.347991 -0.0999368 
-0.347991 -0.0999368 -0.407673 -0.104322 
-0.407673 -0.104322 -0.453031 -0.494332 
-0.515688 -0.265146 -0.476945 -0.277588 
-0.476945 -0.277588 -0.455768 -0.107856 
-0.455768 -0.107856 -0.495351 -0.110765 
-0.495351 -0.110765 -0.515688 -0.265146 
