-0.386342 -0.414286 -0.40411 -0.0989414 
0.0373405 -0.32275 0.0137052 -0.0648675 
0.33141 -0.427805 0.285757 -0.0303643 
-0.29924 -0.628976 -0.333706 -0.0763507 
-0.386342 -0.414286 0.0373405 -0.32275 
0.0373405 -0.32275 0.33141 -0.427805 
0.33141 -0.427805 -0.29924 -0.628976 
-0.29924 -0.628976 -0.386342 -0.414286 
-0.40411 -0.0989414 -0.390284 0.114917 
-0.390284 0.114917 -0.333706 -0.0763507 
0.0137052 -0.0648675 0.105003 0.110652 
0.105003 0.110652 0.285757 -0.0303643 
-0.390284 0.114917 0.105003 0.110652 
-0.40411 -0.0989414 0.0137052 -0.0648675 
-0.333706 -0.0763507 0.285757 -0.0303643 
-0.346213 -0.513198 -0.32581 -0.563486 
-0.32581 -0.563486 -0.348386 -0.19066 
-0.348386 -0.19066 -0.365693 -0.183832 
-0.365693 -0.183832 -0.346213 -0.513198 
-0.383196 -0.306028 -0.371033 -0.32409 
-0.371033 -0.32409 -0.379487 -0.178391 
-0.379487 -0.178391 -0.390739 -0.173952 
-0.390739 -0.173952 -0.383196 -0.306028 
