0 0 0 1 0.244136 -0.177504 
0 0 6.5 1 0.285674 0.190731 
10 0 0 1 -0.261347 -0.278099 
10 0 6.5 1 -0.215082 0.334465 
10 10 0 1 -0.543434 -0.102156 
10 10 6.5 1 -0.523776 0.265028 
0 10 0 1 -0.103546 -0.0796516 
0 10 6.5 1 -0.0809149 0.183065 
0 5 10 1 0.087697 0.357244 
10 5 10 1 -0.392953 0.551378 
0 6 0 1 0.00856321 -0.111204 
0 8 0 1 -0.0508939 -0.09447 
0 8 5 1 -0.0316593 0.118885 
0 6 5 1 0.0300679 0.11589 
0 2 2.5 1 0.167618 -0.0230485 
0 4 2.5 1 0.0882491 -0.00997711 
0 4 5 1 0.100479 0.112474 
0 2 5 1 0.181546 0.10854 
0.5 0.5 -0.5 1 0.201427 -0.201212 
0.5 0.5 6 1 0.241685 0.165435 
10.5 0.5 -0.5 1 -0.329491 -0.316658 
10.5 0.5 6 1 -0.286558 0.291528 
10.5 10.5 -0.5 1 -0.583861 -0.125855 
10.5 10.5 6 1 -0.565355 0.239758 
0.5 10.5 -0.5 1 -0.133441 -0.0967606 
0.5 10.5 6 1 -0.111433 0.16515 
0.5 5.5 9.5 1 0.0511736 0.335643 
10.5 5.5 9.5 1 -0.446571 0.518125 
0.5 6.5 -0.5 1 -0.0254117 -0.130457 
0.5 8.5 -0.5 1 -0.0826989 -0.112588 
0.5 8.5 4.5 1 -0.0640048 0.100074 
0.5 6.5 4.5 1 -0.00452426 0.0958512 
0.5 2.5 2 1 0.127868 -0.0455695 
0.5 4.5 2 1 0.0514353 -0.0309596 
0.5 4.5 4.5 1 0.0633063 0.0910358 
0.5 2.5 4.5 1 0.141378 0.0854933 
