0.320802 -0.157947 0.354488 0.272562 
-0.31087 -0.1418 -0.333123 0.278132 
-0.175874 -0.0117786 -0.182182 0.24731 
0.214468 -0.0196012 0.22882 0.243477 
0.320802 -0.157947 -0.31087 -0.1418 
-0.31087 -0.1418 -0.175874 -0.0117786 
-0.175874 -0.0117786 0.214468 -0.0196012 
0.214468 -0.0196012 0.320802 -0.157947 
0.354488 0.272562 0.287988 0.448895 
0.287988 0.448895 0.22882 0.243477 
-0.333123 0.278132 -0.245525 0.44941 
-0.245525 0.44941 -0.182182 0.24731 
0.287988 0.448895 -0.245525 0.44941 
0.354488 0.272562 -0.333123 0.278132 
0.22882 0.243477 -0.182182 0.24731 
0.24537 -0.0598062 0.228628 -0.0380243 
0.228628 -0.0380243 0.241108 0.178515 
0.241108 0.178515 0.259848 0.176373 
0.259848 0.176373 0.24537 -0.0598062 
0.300034 0.0221473 0.273787 0.0405437 
0.273787 0.0405437 0.282548 0.17378 
0.282548 0.17378 0.31061 0.170573 
0.31061 0.170573 0.300034 0.0221473 
