0 0 0 1 -0.184452 -0.184425 
0 0 6.5 1 -0.160037 0.0696147 
10 0 0 1 0.210823 -0.230492 
10 0 6.5 1 0.238226 0.0308399 
10 10 0 1 0.302228 -0.395505 
10 10 6.5 1 0.349161 0.0421157 
0 10 0 1 -0.351271 -0.312062 
0 10 6.5 1 -0.312555 0.105489 
0 5 10 1 -0.201327 0.255072 
10 5 10 1 0.29845 0.213207 
0 6 0 1 -0.264083 -0.245352 
0 8 0 1 -0.302714 -0.27491 
0 8 5 1 -0.276098 0.00912083 
0 6 5 1 -0.239987 0.00965043 
0 2 2.5 1 -0.196387 -0.0956688 
0 4 2.5 1 -0.221639 -0.10589 
0 4 5 1 -0.210607 0.0100813 
0 2 5 1 -0.186237 0.0104387 
0.5 0.5 -0.5 1 -0.171945 -0.210518 
0.5 0.5 6 1 -0.146943 0.0487384 
10.5 0.5 -0.5 1 0.232259 -0.25837 
10.5 0.5 6 1 0.260384 0.00848543 
10.5 10.5 -0.5 1 0.342006 -0.448933 
10.5 10.5 6 1 0.391078 0.00439954 
0.5 10.5 -0.5 1 -0.336281 -0.359965 
0.5 10.5 6 1 -0.296057 0.0718686 
0.5 5.5 9.5 1 -0.185976 0.23377 
10.5 5.5 9.5 1 0.328158 0.189932 
0.5 6.5 -0.5 1 -0.249834 -0.28135 
0.5 8.5 -0.5 1 -0.287985 -0.316044 
0.5 8.5 4.5 1 -0.260448 -0.023457 
0.5 6.5 4.5 1 -0.224987 -0.0194713 
0.5 2.5 2 1 -0.183035 -0.122064 
0.5 4.5 2 1 -0.207648 -0.135056 
0.5 4.5 4.5 1 -0.196302 -0.0162472 
0.5 2.5 4.5 1 -0.17262 -0.0135855 
