0.322271 -0.099874 0.33036 0.327845 
-0.316143 -0.133975 -0.360684 0.303294 
-0.212642 -0.0107741 -0.23393 0.254039 
0.179672 0.00829211 0.177644 0.269566 
0.322271 -0.099874 -0.316143 -0.133975 
-0.316143 -0.133975 -0.212642 -0.0107741 
-0.212642 -0.0107741 0.179672 0.00829211 
0.179672 0.00829211 0.322271 -0.099874 
0.33036 0.327845 0.235272 0.482795 
0.235272 0.482795 0.177644 0.269566 
-0.360684 0.303294 -0.298296 0.467361 
-0.298296 0.467361 -0.23393 0.254039 
0.235272 0.482795 -0.298296 0.467361 
0.33036 0.327845 -0.360684 0.303294 
0.177644 0.269566 -0.23393 0.254039 
0.221238 -0.0232372 0.198731 -0.00616522 
0.198731 -0.00616522 0.197815 0.209169 
0.197815 0.209169 0.221215 0.211673 
0.221215 0.211673 0.221238 -0.0232372 
0.282711 0.0711164 0.248841 0.082463 
0.248841 0.082463 0.249492 0.2147 
0.249492 0.2147 0.284348 0.21843 
0.284348 0.21843 0.282711 0.0711164 
