0 0 0 1 -0.545933 -0.45036 
0 0 6.5 1 -0.502624 -0.0817254 
10 0 0 1 -0.0777897 -0.391314 
10 0 6.5 1 -0.0688818 -0.116644 
10 10 0 1 0.277534 -0.489996 
10 10 6.5 1 0.264459 -0.0877364 
0 10 0 1 -0.328822 -0.655497 
0 10 6.5 1 -0.280604 -0.0131795 
0 5 10 1 -0.397281 0.164768 
10 5 10 1 0.0687686 0.0553263 
0 6 0 1 -0.446222 -0.544572 
0 8 0 1 -0.395321 -0.592665 
0 8 5 1 -0.356696 -0.152397 
0 6 5 1 -0.408261 -0.155691 
0 2 2.5 1 -0.500826 -0.313508 
0 4 2.5 1 -0.467462 -0.326804 
0 4 5 1 -0.449681 -0.158338 
0 2 5 1 -0.483682 -0.16051 
0.5 0.5 -0.5 1 -0.511395 -0.482894 
0.5 0.5 6 1 -0.470035 -0.108696 
10.5 0.5 -0.5 1 -0.0489196 -0.414904 
10.5 0.5 6 1 -0.0414231 -0.137152 
10.5 10.5 -0.5 1 0.323984 -0.525909 
10.5 10.5 6 1 0.307363 -0.117037 
0.5 10.5 -0.5 1 -0.263591 -0.716953 
0.5 10.5 6 1 -0.222112 -0.0577053 
0.5 5.5 9.5 1 -0.356978 0.135063 
10.5 5.5 9.5 1 0.101262 0.0332092 
0.5 6.5 -0.5 1 -0.398049 -0.589952 
0.5 8.5 -0.5 1 -0.339887 -0.644889 
0.5 8.5 4.5 1 -0.305126 -0.194382 
0.5 6.5 4.5 1 -0.363022 -0.19308 
0.5 2.5 2 1 -0.46363 -0.346682 
0.5 4.5 2 1 -0.426063 -0.363539 
0.5 4.5 4.5 1 -0.409401 -0.192037 
0.5 2.5 4.5 1 -0.447389 -0.191182 
