0.239059 -0.314415 0.273058 0.0606101 
-0.326202 -0.410836 -0.262149 0.182426 
-0.534175 -0.2192 -0.494185 0.128177 
-0.0904889 -0.201612 -0.0642439 0.0574842 
0.239059 -0.314415 -0.326202 -0.410836 
-0.326202 -0.410836 -0.534175 -0.2192 
-0.534175 -0.2192 -0.0904889 -0.201612 
-0.0904889 -0.201612 0.239059 -0.314415 
0.273058 0.0606101 0.0896243 0.221363 
0.0896243 0.221363 -0.0642439 0.0574842 
-0.262149 0.182426 -0.382189 0.379301 
-0.382189 0.379301 -0.494185 0.128177 
0.0896243 0.221363 -0.382189 0.379301 
0.273058 0.0606101 -0.262149 0.182426 
-0.0642439 0.0574842 -0.494185 0.128177 
0.0134247 -0.237181 -0.0419568 -0.218224 
-0.0419568 -0.218224 -0.0207294 -0.00536118 
-0.0207294 -0.00536118 0.0357446 -0.00926918 
0.0357446 -0.00926918 0.0134247 -0.237181 
0.163947 -0.151166 0.0890172 -0.13592 
0.0890172 -0.13592 0.100728 -0.013766 
0.100728 -0.013766 0.176302 -0.0189957 
0.176302 -0.0189957 0.163947 -0.151166 
