-0.416291 -0.830697 -0.327031 -0.0632621 
-0.30173 -0.455203 -0.263479 -0.0969085 
0.214783 -0.460729 0.226919 -0.133931 
0.608739 -0.773781 0.599034 -0.137947 
-0.416291 -0.830697 -0.30173 -0.455203 
-0.30173 -0.455203 0.214783 -0.460729 
0.214783 -0.460729 0.608739 -0.773781 
0.608739 -0.773781 -0.416291 -0.830697 
-0.327031 -0.0632621 0.192136 0.221283 
0.192136 0.221283 0.599034 -0.137947 
-0.263479 -0.0969085 0.00511953 0.0550586 
0.00511953 0.0550586 0.226919 -0.133931 
0.192136 0.221283 0.00511953 0.0550586 
-0.327031 -0.0632621 -0.263479 -0.0969085 
0.599034 -0.137947 0.226919 -0.133931 
0.246498 -0.793895 0.43439 -0.783462 
0.43439 -0.783462 0.438136 -0.266866 
0.438136 -0.266866 0.263358 -0.257901 
0.263358 -0.257901 0.246498 -0.793895 
-0.150952 -0.516432 0.0600401 -0.516369 
0.0600401 -0.516369 0.0754668 -0.248263 
0.0754668 -0.248263 -0.12707 -0.237874 
-0.12707 -0.237874 -0.150952 -0.516432 
