0.293056 -0.388599 0.259203 -0.0346322 
0.383542 -0.644424 0.305295 0.0940277 
-0.621491 -0.604638 -0.590068 0.00580106 
-0.220895 -0.39266 -0.224737 -0.0709375 
0.293056 -0.388599 0.383542 -0.644424 
0.383542 -0.644424 -0.621491 -0.604638 
-0.621491 -0.604638 -0.220895 -0.39266 
-0.220895 -0.39266 0.293056 -0.388599 
0.259203 -0.0346322 -0.00299931 0.112963 
-0.00299931 0.112963 -0.224737 -0.0709375 
0.305295 0.0940277 -0.189408 0.350802 
-0.189408 0.350802 -0.590068 0.00580106 
-0.00299931 0.112963 -0.189408 0.350802 
0.259203 -0.0346322 0.305295 0.0940277 
-0.224737 -0.0709375 -0.590068 0.00580106 
-0.0277304 -0.391134 -0.126219 -0.391912 
-0.126219 -0.391912 -0.133199 -0.136699 
-0.133199 -0.136699 -0.0390149 -0.131034 
-0.0390149 -0.131034 -0.0277304 -0.391134 
0.170927 -0.251206 0.0666627 -0.254809 
0.0666627 -0.254809 0.0588721 -0.125146 
0.0588721 -0.125146 0.160685 -0.119021 
0.160685 -0.119021 0.170927 -0.251206 
