-0.563133 -0.381739 -0.631217 0.181275 
-0.209744 -0.18066 -0.242322 0.123734 
0.273551 -0.154189 0.24342 0.183788 
0.341045 -0.372044 0.280776 0.317768 
-0.563133 -0.381739 -0.209744 -0.18066 
-0.209744 -0.18066 0.273551 -0.154189 
0.273551 -0.154189 0.341045 -0.372044 
0.341045 -0.372044 -0.563133 -0.381739 
-0.631217 0.181275 -0.257877 0.588424 
-0.257877 0.588424 0.280776 0.317768 
-0.242322 0.123734 -0.0293365 0.327826 
-0.0293365 0.327826 0.24342 0.183788 
-0.257877 0.588424 -0.0293365 0.327826 
-0.631217 0.181275 -0.242322 0.123734 
0.280776 0.317768 0.24342 0.183788 
-0.0643526 -0.376391 0.129834 -0.374309 
0.129834 -0.374309 0.0817642 0.130594 
0.0817642 0.130594 -0.113936 0.107762 
-0.113936 0.107762 -0.0643526 -0.376391 
-0.434835 -0.15824 -0.268637 -0.147779 
-0.268637 -0.147779 -0.294213 0.0867286 
-0.294213 0.0867286 -0.460819 0.0672903 
-0.460819 0.0672903 -0.434835 -0.15824 
