0 0 0 1 -0.584793 -0.255061 
0 0 6.5 1 -0.662755 0.239705 
10 0 0 1 -0.197022 -0.0709641 
10 0 6.5 1 -0.220685 0.221875 
10 10 0 1 0.255288 -0.0945431 
10 10 6.5 1 0.256163 0.252248 
0 10 0 1 0.150322 -0.363127 
0 10 6.5 1 0.138382 0.308487 
0 5 10 1 -0.36265 0.630291 
10 5 10 1 -0.0108552 0.422649 
0 6 0 1 -0.196714 -0.312111 
0 8 0 1 -0.0342853 -0.335989 
0 8 5 1 -0.0593464 0.13301 
0 6 5 1 -0.233933 0.12835 
0 2 2.5 1 -0.495043 -0.0828046 
0 4 2.5 1 -0.363056 -0.0912959 
0 4 5 1 -0.387156 0.124261 
0 2 5 1 -0.522711 0.120643 
0.5 0.5 -0.5 1 -0.521048 -0.277726 
0.5 0.5 6 1 -0.590848 0.200194 
10.5 0.5 -0.5 1 -0.165118 -0.0875953 
10.5 0.5 6 1 -0.18668 0.199298 
10.5 10.5 -0.5 1 0.284037 -0.113623 
10.5 10.5 6 1 0.286701 0.22486 
0.5 10.5 -0.5 1 0.208315 -0.38932 
0.5 10.5 6 1 0.204136 0.251535 
0.5 5.5 9.5 1 -0.285474 0.567552 
10.5 5.5 9.5 1 0.0231524 0.393486 
0.5 6.5 -0.5 1 -0.134316 -0.336897 
0.5 8.5 -0.5 1 0.0264243 -0.36149 
0.5 8.5 4.5 1 0.00760207 0.0878832 
0.5 6.5 4.5 1 -0.165128 0.0862243 
0.5 2.5 2 1 -0.428295 -0.112619 
0.5 4.5 2 1 -0.29666 -0.122542 
0.5 4.5 4.5 1 -0.317413 0.0847618 
0.5 2.5 4.5 1 -0.45268 0.0834626 
