0 0 0 1 0.291396 -0.395037 
0 0 6.5 1 0.25904 -0.0409036 
10 0 0 1 0.393187 -0.649176 
10 0 6.5 1 0.31632 0.0895223 
10 10 0 1 -0.623013 -0.60857 
10 10 6.5 1 -0.585749 0.00769729 
0 10 0 1 -0.224787 -0.397442 
0 10 6.5 1 -0.226219 -0.0740154 
0 5 10 1 -0.00226234 0.108362 
10 5 10 1 -0.178267 0.349589 
0 6 0 1 -0.0301596 -0.396535 
0 8 0 1 -0.1293 -0.396997 
0 8 5 1 -0.134558 -0.140537 
0 6 5 1 -0.0398735 -0.135407 
0 2 2.5 1 0.169883 -0.256895 
0 4 2.5 1 0.0654258 -0.260024 
0 4 5 1 0.0583378 -0.130085 
0 2 5 1 0.160277 -0.124562 
0.5 0.5 -0.5 1 0.267364 -0.431039 
0.5 0.5 6 1 0.235654 -0.0656885 
10.5 0.5 -0.5 1 0.34631 -0.743696 
10.5 0.5 6 1 0.271312 0.0454639 
10.5 10.5 -0.5 1 -0.710515 -0.683468 
10.5 10.5 6 1 -0.662481 -0.0325547 
0.5 10.5 -0.5 1 -0.259226 -0.430105 
0.5 10.5 6 1 -0.258773 -0.0973597 
0.5 5.5 9.5 1 -0.0300269 0.0889644 
10.5 5.5 9.5 1 -0.238926 0.323501 
0.5 6.5 -0.5 1 -0.0609828 -0.430457 
0.5 8.5 -0.5 1 -0.162011 -0.430277 
0.5 8.5 4.5 1 -0.165949 -0.166211 
0.5 6.5 4.5 1 -0.0695451 -0.161437 
0.5 2.5 2 1 0.143755 -0.287735 
0.5 4.5 2 1 0.037154 -0.290341 
0.5 4.5 4.5 1 0.0305388 -0.15648 
0.5 2.5 4.5 1 0.134517 -0.15133 
