0.244136 -0.177504 0.285674 0.190731 
-0.261347 -0.278099 -0.215082 0.334465 
-0.543434 -0.102156 -0.523776 0.265028 
-0.103546 -0.0796516 -0.0809149 0.183065 
0.244136 -0.177504 -0.261347 -0.278099 
-0.261347 -0.278099 -0.543434 -0.102156 
-0.543434 -0.102156 -0.103546 -0.0796516 
-0.103546 -0.0796516 0.244136 -0.177504 
0.285674 0.190731 0.087697 0.357244 
0.087697 0.357244 -0.0809149 0.183065 
-0.215082 0.334465 -0.392953 0.551378 
-0.392953 0.551378 -0.523776 0.265028 
0.087697 0.357244 -0.392953 0.551378 
0.285674 0.190731 -0.215082 0.334465 
-0.0809149 0.183065 -0.523776 0.265028 
0.00856321 -0.111204 -0.0508939 -0.09447 
-0.0508939 -0.09447 -0.0316593 0.118885 
-0.0316593 0.118885 0.0300679 0.11589 
0.0300679 0.11589 0.00856321 -0.111204 
0.167618 -0.0230485 0.0882491 -0.00997711 
0.0882491 -0.00997711 0.100479 0.112474 
0.100479 0.112474 0.181546 0.10854 
0.181546 0.10854 0.167618 -0.0230485 
