0.246587 -0.13926 0.288138 0.228936 
-0.236443 -0.250992 -0.199192 0.372338 
-0.548523 -0.0762359 -0.539445 0.301003 
-0.109198 -0.0460379 -0.089941 0.219778 
0.246587 -0.13926 -0.236443 -0.250992 
-0.236443 -0.250992 -0.548523 -0.0762359 
-0.548523 -0.0762359 -0.109198 -0.0460379 
-0.109198 -0.0460379 0.246587 -0.13926 
0.288138 0.228936 0.0832622 0.39875 
0.0832622 0.39875 -0.089941 0.219778 
-0.199192 0.372338 -0.402461 0.601647 
-0.402461 0.601647 -0.539445 0.301003 
0.0832622 0.39875 -0.402461 0.601647 
0.288138 0.228936 -0.199192 0.372338 
-0.089941 0.219778 -0.539445 0.301003 
0.00647814 -0.0763471 -0.0547567 -0.0603025 
-0.0547567 -0.0603025 -0.0378655 0.154669 
-0.0378655 0.154669 0.0259973 0.15197 
0.0259973 0.15197 0.00647814 -0.0763471 
0.168294 0.0131816 0.0870744 0.0255668 
0.0870744 0.0255668 0.0985888 0.148903 
0.0985888 0.148903 0.18183 0.145385 
0.18183 0.145385 0.168294 0.0131816 
