0 0 0 1 0.312664 -0.426205 
0 0 6.5 1 0.362136 0.0476571 
10 0 0 1 -0.328663 -0.297167 
10 0 6.5 1 -0.290158 0.101457 
10 10 0 1 -0.106252 -0.191926 
10 10 6.5 1 -0.081486 0.0579253 
0 10 0 1 0.294072 -0.255825 
0 10 6.5 1 0.322919 0.0216393 
0 5 10 1 0.357134 0.220906 
10 5 10 1 -0.145498 0.241018 
0 6 0 1 0.299293 -0.303671 
0 8 0 1 0.296447 -0.277587 
0 8 5 1 0.320635 -0.0450553 
0 6 5 1 0.3259 -0.0480555 
0 2 2.5 1 0.323699 -0.216069 
0 4 2.5 1 0.317523 -0.193854 
0 4 5 1 0.33233 -0.0517195 
0 2 5 1 0.340359 -0.0562952 
0.5 0.5 -0.5 1 0.271034 -0.439624 
0.5 0.5 6 1 0.318127 0.0135301 
10.5 0.5 -0.5 1 -0.340389 -0.313257 
10.5 0.5 6 1 -0.303356 0.0706102 
10.5 10.5 -0.5 1 -0.118892 -0.20461 
10.5 10.5 6 1 -0.094742 0.0393631 
0.5 10.5 -0.5 1 0.269724 -0.268229 
0.5 10.5 6 1 0.297745 0.00200395 
0.5 5.5 9.5 1 0.324386 0.189744 
10.5 5.5 9.5 1 -0.159913 0.213018 
0.5 6.5 -0.5 1 0.270096 -0.31699 
0.5 8.5 -0.5 1 0.269894 -0.290469 
0.5 8.5 4.5 1 0.293329 -0.0645243 
0.5 6.5 4.5 1 0.295795 -0.0693113 
0.5 2.5 2 1 0.286543 -0.235941 
0.5 4.5 2 1 0.284542 -0.212365 
0.5 4.5 4.5 1 0.298788 -0.0751213 
0.5 2.5 4.5 1 0.302497 -0.0823216 
