0 0 0 1 0.249078 -0.470677 
0 0 6.5 1 0.265987 -0.0742235 
10 0 0 1 -0.378605 -0.59294 
10 0 6.5 1 -0.308447 0.00686062 
10 10 0 1 -0.521138 -0.368643 
10 10 6.5 1 -0.474035 -0.0265102 
0 10 0 1 -0.0690899 -0.338801 
0 10 6.5 1 -0.047245 -0.0740765 
0 5 10 1 0.0900679 0.0868032 
10 5 10 1 -0.384752 0.201862 
0 6 0 1 0.0289175 -0.379424 
0 8 0 1 -0.0235743 -0.357666 
0 8 5 1 -0.0067001 -0.137769 
0 6 5 1 0.0455239 -0.142532 
0 2 2.5 1 0.170016 -0.292224 
0 4 2.5 1 0.0982614 -0.274381 
0 4 5 1 0.106145 -0.14806 
0 2 5 1 0.177365 -0.154555 
0.5 0.5 -0.5 1 0.203527 -0.49674 
0.5 0.5 6 1 0.222557 -0.100432 
10.5 0.5 -0.5 1 -0.444568 -0.632016 
10.5 0.5 6 1 -0.370078 -0.0325692 
10.5 10.5 -0.5 1 -0.558238 -0.391611 
10.5 10.5 6 1 -0.509728 -0.0495679 
0.5 10.5 -0.5 1 -0.0987589 -0.356551 
0.5 10.5 6 1 -0.0760014 -0.0918816 
0.5 5.5 9.5 1 0.0561377 0.0655834 
10.5 5.5 9.5 1 -0.428816 0.172753 
0.5 6.5 -0.5 1 -0.00556483 -0.399771 
0.5 8.5 -0.5 1 -0.0554699 -0.376627 
0.5 8.5 4.5 1 -0.0377797 -0.156784 
0.5 6.5 4.5 1 0.0119937 -0.162945 
0.5 2.5 2 1 0.129551 -0.316115 
0.5 4.5 2 1 0.0613086 -0.296381 
0.5 4.5 4.5 1 0.0697462 -0.170093 
0.5 2.5 4.5 1 0.137564 -0.178487 
