0 0 0 1 -0.484057 -0.501454 
0 0 6.5 1 -0.46478 -0.145923 
10 0 0 1 -0.0262413 -0.418511 
10 0 6.5 1 -0.0333545 -0.144922 
10 10 0 1 0.311595 -0.523469 
10 10 6.5 1 0.276953 -0.112136 
0 10 0 1 -0.325797 -0.727799 
0 10 6.5 1 -0.309673 -0.0981619 
0 5 10 1 -0.397953 0.088198 
10 5 10 1 0.0839764 0.0300184 
0 6 0 1 -0.411833 -0.60475 
0 8 0 1 -0.374664 -0.657909 
0 8 5 1 -0.359997 -0.229146 
0 6 5 1 -0.396405 -0.227427 
0 2 2.5 1 -0.456726 -0.372957 
0 4 2.5 1 -0.433035 -0.389462 
0 4 5 1 -0.425481 -0.226054 
0 2 5 1 -0.449238 -0.224932 
0.5 0.5 -0.5 1 -0.451067 -0.531925 
0.5 0.5 6 1 -0.433637 -0.170389 
10.5 0.5 -0.5 1 0.00339564 -0.441116 
10.5 0.5 6 1 -0.00522917 -0.163968 
10.5 10.5 -0.5 1 0.361488 -0.559333 
10.5 10.5 6 1 0.322772 -0.139934 
0.5 10.5 -0.5 1 -0.262766 -0.787798 
0.5 10.5 6 1 -0.253113 -0.13924 
0.5 5.5 9.5 1 -0.359266 0.0618071 
10.5 5.5 9.5 1 0.117763 0.00978133 
0.5 6.5 -0.5 1 -0.365587 -0.64808 
0.5 8.5 -0.5 1 -0.321301 -0.708259 
0.5 8.5 4.5 1 -0.310327 -0.268183 
0.5 6.5 4.5 1 -0.352954 -0.261998 
0.5 2.5 2 1 -0.421145 -0.403806 
0.5 4.5 2 1 -0.393366 -0.423796 
0.5 4.5 4.5 1 -0.386876 -0.257076 
0.5 2.5 4.5 1 -0.414513 -0.253066 
