0 0 0 1 -0.154315 -0.33651 
0 0 6.5 1 -0.128793 -0.0760136 
10 0 0 1 0.258011 -0.390038 
10 0 6.5 1 0.273538 -0.108767 
10 10 0 1 0.321465 -0.58669 
10 10 6.5 1 0.344697 -0.10007 
0 10 0 1 -0.364831 -0.475676 
0 10 6.5 1 -0.314382 -0.0480278 
0 5 10 1 -0.182183 0.100271 
10 5 10 1 0.309448 0.0759141 
0 6 0 1 -0.254671 -0.402852 
0 8 0 1 -0.303444 -0.435095 
0 8 5 1 -0.270439 -0.140929 
0 6 5 1 -0.226282 -0.138963 
0 2 2.5 1 -0.170927 -0.244189 
0 4 2.5 1 -0.202414 -0.2555 
0 4 5 1 -0.190151 -0.137355 
0 2 5 1 -0.16004 -0.136014 
0.5 0.5 -0.5 1 -0.143287 -0.364522 
0.5 0.5 6 1 -0.117424 -0.0966833 
10.5 0.5 -0.5 1 0.281435 -0.421737 
10.5 0.5 6 1 0.29669 -0.131893 
10.5 10.5 -0.5 1 0.366012 -0.652452 
10.5 10.5 6 1 0.388054 -0.139636 
0.5 10.5 -0.5 1 -0.355508 -0.528633 
0.5 10.5 6 1 -0.303388 -0.0808504 
0.5 5.5 9.5 1 -0.169945 0.0804618 
10.5 5.5 9.5 1 0.339411 0.0534183 
0.5 6.5 -0.5 1 -0.24356 -0.442064 
0.5 8.5 -0.5 1 -0.29288 -0.480202 
0.5 8.5 4.5 1 -0.258979 -0.173723 
0.5 6.5 4.5 1 -0.214537 -0.168304 
0.5 2.5 2 1 -0.159536 -0.271726 
0.5 4.5 2 1 -0.190904 -0.285992 
0.5 4.5 4.5 1 -0.178417 -0.1639 
0.5 2.5 4.5 1 -0.14848 -0.16025 
