-0.218543 -0.0100016 -0.211447 0.254918 
0.174121 -0.0304981 0.197323 0.228022 
0.309577 -0.150488 0.357581 0.27201 
-0.331533 -0.120836 -0.327613 0.319069 
-0.218543 -0.0100016 0.174121 -0.0304981 
0.174121 -0.0304981 0.309577 -0.150488 
0.309577 -0.150488 -0.331533 -0.120836 
-0.331533 -0.120836 -0.218543 -0.0100016 
-0.211447 0.254918 -0.250744 0.471802 
-0.250744 0.471802 -0.327613 0.319069 
0.197323 0.228022 0.275878 0.431377 
0.275878 0.431377 0.357581 0.27201 
-0.250744 0.471802 0.275878 0.431377 
-0.211447 0.254918 0.197323 0.228022 
-0.327613 0.319069 0.357581 0.27201 
-0.272444 -0.0628746 -0.298616 -0.088547 
-0.298616 -0.088547 -0.294437 0.206075 
-0.294437 0.206075 -0.267598 0.201367 
-0.267598 0.201367 -0.272444 -0.0628746 
-0.230821 0.0830183 -0.248588 0.075539 
-0.248588 0.075539 -0.24594 0.197568 
-0.24594 0.197568 -0.228095 0.194438 
-0.228095 0.194438 -0.230821 0.0830183 
