0.334493 -0.562817 0.295633 -0.135095 
-0.357818 -0.721757 -0.342926 -0.146386 
-0.390997 -0.492987 -0.380482 -0.170366 
0.0499063 -0.429702 0.0381307 -0.159397 
0.334493 -0.562817 -0.357818 -0.721757 
-0.357818 -0.721757 -0.390997 -0.492987 
-0.390997 -0.492987 0.0499063 -0.429702 
0.0499063 -0.429702 0.334493 -0.562817 
0.295633 -0.135095 0.129113 0.013344 
0.129113 0.013344 0.0381307 -0.159397 
-0.342926 -0.146386 -0.360644 0.0379729 
-0.360644 0.0379729 -0.380482 -0.170366 
0.129113 0.013344 -0.360644 0.0379729 
0.295633 -0.135095 -0.342926 -0.146386 
0.0381307 -0.159397 -0.380482 -0.170366 
0.134001 -0.469037 0.0885855 -0.447794 
0.0885855 -0.447794 0.0772039 -0.220704 
0.0772039 -0.220704 0.119738 -0.222109 
0.119738 -0.222109 0.134001 -0.469037 
0.241651 -0.371442 0.178831 -0.355836 
0.178831 -0.355836 0.17001 -0.223769 
0.17001 -0.223769 0.230342 -0.225762 
0.230342 -0.225762 0.241651 -0.371442 
