0.28251 -0.418046 0.25757 -0.0638265 
0.428298 -0.671673 0.359777 0.0666048 
-0.62655 -0.623594 -0.567354 0.0149683 
-0.240974 -0.412189 -0.23255 -0.0825813 
0.28251 -0.418046 0.428298 -0.671673 
0.428298 -0.671673 -0.62655 -0.623594 
-0.62655 -0.623594 -0.240974 -0.412189 
-0.240974 -0.412189 0.28251 -0.418046 
0.25757 -0.0638265 0.000380689 0.0931979 
0.000380689 0.0931979 -0.23255 -0.0825813 
0.359777 0.0666048 -0.133356 0.343582 
-0.133356 0.343582 -0.567354 0.0149683 
0.000380689 0.0931979 -0.133356 0.343582 
0.25757 -0.0638265 0.359777 0.0666048 
-0.23255 -0.0825813 -0.567354 0.0149683 
-0.0410132 -0.414426 -0.142473 -0.413291 
-0.142473 -0.413291 -0.140521 -0.152484 
-0.140521 -0.152484 -0.0439564 -0.149838 
-0.0439564 -0.149838 -0.0410132 -0.414426 
0.164337 -0.277067 0.0593709 -0.277968 
0.0593709 -0.277968 0.0554073 -0.147115 
0.0554073 -0.147115 0.157694 -0.144312 
0.157694 -0.144312 0.164337 -0.277067 
