0 0 0 1 0.331156 -0.574322 
0 0 6.5 1 0.294396 -0.145203 
10 0 0 1 -0.362671 -0.735029 
10 0 6.5 1 -0.343159 -0.153191 
10 10 0 1 -0.400078 -0.500913 
10 10 6.5 1 -0.386577 -0.175378 
0 10 0 1 0.0432746 -0.438207 
0 10 6.5 1 0.0333156 -0.166724 
0 5 10 1 0.126829 0.00520319 
10 5 10 1 -0.362854 0.0335612 
0 6 0 1 0.128434 -0.478472 
0 8 0 1 0.0824527 -0.456731 
0 8 5 1 0.0725323 -0.228615 
0 6 5 1 0.115682 -0.230465 
0 2 2.5 1 0.23828 -0.381427 
0 4 2.5 1 0.174701 -0.365185 
0 4 5 1 0.166646 -0.232651 
0 2 5 1 0.227758 -0.235271 
0.5 0.5 -0.5 1 0.286198 -0.604807 
0.5 0.5 6 1 0.253088 -0.177421 
10.5 0.5 -0.5 1 -0.413958 -0.773986 
10.5 0.5 6 1 -0.389718 -0.19547 
10.5 10.5 -0.5 1 -0.428543 -0.524522 
10.5 10.5 6 1 -0.413525 -0.199972 
0.5 10.5 -0.5 1 0.0166623 -0.458349 
0.5 10.5 6 1 0.00803668 -0.187538 
0.5 5.5 9.5 1 0.0964543 -0.0204788 
10.5 5.5 9.5 1 -0.395794 0.00187498 
0.5 6.5 -0.5 1 0.0966028 -0.501786 
0.5 8.5 -0.5 1 0.0534613 -0.478344 
0.5 8.5 4.5 1 0.0447672 -0.250858 
0.5 6.5 4.5 1 0.0853215 -0.254529 
0.5 2.5 2 1 0.199886 -0.409693 
0.5 4.5 2 1 0.140344 -0.390978 
0.5 4.5 4.5 1 0.133163 -0.25886 
0.5 2.5 4.5 1 0.190451 -0.264046 
