0 0 0 1 0.239208 -0.295262 
0 0 6.5 1 0.274701 0.0781356 
10 0 0 1 -0.318392 -0.390261 
10 0 6.5 1 -0.256005 0.204069 
10 10 0 1 -0.535157 -0.201681 
10 10 6.5 1 -0.497019 0.147371 
0 10 0 1 -0.0922433 -0.184599 
0 10 6.5 1 -0.0660134 0.0744396 
0 5 10 1 0.0898249 0.239258 
10 5 10 1 -0.382464 0.402322 
0 6 0 1 0.0125683 -0.219593 
0 8 0 1 -0.0432575 -0.200954 
0 8 5 1 -0.0219345 0.0115537 
0 6 5 1 0.0351437 0.00776721 
0 2 2.5 1 0.16421 -0.133476 
0 4 2.5 1 0.0887898 -0.118536 
0 4 5 1 0.100752 0.00341484 
0 2 5 1 0.176958 -0.0016405 
0.5 0.5 -0.5 1 0.19522 -0.319112 
0.5 0.5 6 1 0.230908 0.0533751 
10.5 0.5 -0.5 1 -0.385883 -0.427808 
10.5 0.5 6 1 -0.323058 0.164219 
10.5 10.5 -0.5 1 -0.574243 -0.224262 
10.5 10.5 6 1 -0.535961 0.123995 
0.5 10.5 -0.5 1 -0.12212 -0.20138 
0.5 10.5 6 1 -0.0958018 0.0572203 
0.5 5.5 9.5 1 0.0544302 0.218623 
10.5 5.5 9.5 1 -0.431612 0.372194 
0.5 6.5 -0.5 1 -0.0217096 -0.238632 
0.5 8.5 -0.5 1 -0.075184 -0.218793 
0.5 8.5 4.5 1 -0.0537835 -0.00666882 
0.5 6.5 4.5 1 0.000955438 -0.0117108 
0.5 2.5 2 1 0.124077 -0.155772 
0.5 4.5 2 1 0.0518404 -0.139203 
0.5 4.5 4.5 1 0.0638551 -0.0175044 
0.5 2.5 4.5 1 0.136887 -0.0242314 
