-0.603627 -0.19064 -0.603862 0.235744 
-0.165267 -0.0962852 -0.149704 0.178769 
0.237436 -0.195308 0.276406 0.15742 
-0.0988812 -0.419892 -0.0547857 0.227598 
-0.603627 -0.19064 -0.165267 -0.0962852 
-0.165267 -0.0962852 0.237436 -0.195308 
0.237436 -0.195308 -0.0988812 -0.419892 
-0.0988812 -0.419892 -0.603627 -0.19064 
-0.603862 0.235744 -0.381829 0.539804 
-0.381829 0.539804 -0.0547857 0.227598 
-0.149704 0.178769 0.0497901 0.346519 
0.0497901 0.346519 0.276406 0.15742 
-0.381829 0.539804 0.0497901 0.346519 
-0.603862 0.235744 -0.149704 0.178769 
-0.0547857 0.227598 0.276406 0.15742 
-0.352935 -0.304503 -0.237876 -0.356761 
-0.237876 -0.356761 -0.216261 0.0864157 
-0.216261 0.0864157 -0.339536 0.10128 
-0.339536 0.10128 -0.352935 -0.304503 
-0.530831 -0.0533344 -0.44611 -0.0779788 
-0.44611 -0.0779788 -0.442289 0.113669 
-0.442289 0.113669 -0.529253 0.124155 
-0.529253 0.124155 -0.530831 -0.0533344 
