0.294475 -0.38194 0.259283 -0.0281866 
0.373572 -0.640013 0.294216 0.0980283 
-0.619756 -0.600547 -0.594259 0.00394985 
-0.217101 -0.387455 -0.223305 -0.0674893 
0.294475 -0.38194 0.373572 -0.640013 
0.373572 -0.640013 -0.619756 -0.600547 
-0.619756 -0.600547 -0.217101 -0.387455 
-0.217101 -0.387455 0.294475 -0.38194 
0.259283 -0.0281866 -0.00376471 0.117867 
-0.00376471 0.117867 -0.223305 -0.0674893 
0.294216 0.0980283 -0.200495 0.351913 
-0.200495 0.351913 -0.594259 0.00394985 
-0.00376471 0.117867 -0.200495 0.351913 
0.259283 -0.0281866 0.294216 0.0980283 
-0.223305 -0.0674893 -0.594259 0.00394985 
-0.0254414 -0.385389 -0.123254 -0.386443 
-0.123254 -0.386443 -0.131905 -0.132533 
-0.131905 -0.132533 -0.0382317 -0.126373 
-0.0382317 -0.126373 -0.0254414 -0.385389 
0.171822 -0.245296 0.0677738 -0.249333 
0.0677738 -0.249333 0.0593186 -0.119959 
0.0593186 -0.119959 0.160991 -0.113274 
0.160991 -0.113274 0.171822 -0.245296 
