-0.606191 -0.227366 -0.564437 0.169981 
-0.149732 -0.182608 -0.122471 0.0863967 
0.233518 -0.288218 0.269267 0.0762885 
-0.21232 -0.443652 -0.146439 0.204554 
-0.606191 -0.227366 -0.149732 -0.182608 
-0.149732 -0.182608 0.233518 -0.288218 
0.233518 -0.288218 -0.21232 -0.443652 
-0.21232 -0.443652 -0.606191 -0.227366 
-0.564437 0.169981 -0.37805 0.446763 
-0.37805 0.446763 -0.146439 0.204554 
-0.122471 0.0863967 0.0605491 0.24813 
0.0605491 0.24813 0.269267 0.0762885 
-0.37805 0.446763 0.0605491 0.24813 
-0.564437 0.169981 -0.122471 0.0863967 
-0.146439 0.204554 0.269267 0.0762885 
-0.417544 -0.330958 -0.326444 -0.380983 
-0.326444 -0.380983 -0.280956 0.0622225 
-0.280956 0.0622225 -0.376329 0.067525 
-0.376329 0.067525 -0.417544 -0.330958 
-0.536496 -0.0900886 -0.473085 -0.108849 
-0.473085 -0.108849 -0.454277 0.0718587 
-0.454277 0.0718587 -0.519175 0.0754669 
-0.519175 0.0754669 -0.536496 -0.0900886 
