0 0 0 1 0.329687 -0.195522 
0 0 6.5 1 0.293262 0.209674 
10 0 0 1 -0.316439 -0.295848 
10 0 6.5 1 -0.367029 0.16561 
10 10 0 1 -0.270179 -0.17049 
10 10 6.5 1 -0.299463 0.101091 
0 10 0 1 0.127542 -0.117767 
0 10 6.5 1 0.103505 0.133298 
0 5 10 1 0.160161 0.331814 
10 5 10 1 -0.34473 0.311979 
0 6 0 1 0.186729 -0.140533 
0 8 0 1 0.154709 -0.128216 
0 8 5 1 0.134897 0.0804205 
0 6 5 1 0.165353 0.0867864 
0 2 2.5 1 0.259041 -0.0353217 
0 4 2.5 1 0.213474 -0.0308936 
0 4 5 1 0.20183 0.0944107 
0 2 5 1 0.246309 0.103707 
0.5 0.5 -0.5 1 0.288882 -0.223742 
0.5 0.5 6 1 0.252881 0.171009 
10.5 0.5 -0.5 1 -0.344703 -0.325105 
10.5 0.5 6 1 -0.394238 0.122851 
10.5 10.5 -0.5 1 -0.287812 -0.190038 
10.5 10.5 6 1 -0.316745 0.0768095 
0.5 10.5 -0.5 1 0.105087 -0.136659 
0.5 10.5 6 1 0.0812575 0.110356 
0.5 5.5 9.5 1 0.131538 0.299597 
10.5 5.5 9.5 1 -0.365578 0.276848 
0.5 6.5 -0.5 1 0.159259 -0.162326 
0.5 8.5 -0.5 1 0.129989 -0.148457 
0.5 8.5 4.5 1 0.110358 0.0565481 
0.5 6.5 4.5 1 0.13809 0.0606895 
0.5 2.5 2 1 0.223992 -0.0641859 
0.5 4.5 2 1 0.182718 -0.0570608 
0.5 4.5 4.5 1 0.171195 0.0656332 
0.5 2.5 4.5 1 0.2114 0.0716372 
