0 0 0 1 0.0786459 -0.0891306 
0 0 6.5 1 0.0610566 0.167735 
10 0 0 1 0.507015 -0.12899 
10 0 6.5 1 0.502421 0.214282 
10 10 0 1 0.299658 -0.340034 
10 10 6.5 1 0.276057 0.230683 
0 10 0 1 -0.238269 -0.208695 
0 10 6.5 1 -0.278889 0.157265 
0 5 10 1 -0.092677 0.335988 
10 5 10 1 0.412907 0.471698 
0 6 0 1 -0.0837867 -0.150413 
0 8 0 1 -0.154956 -0.177263 
0 8 5 1 -0.180563 0.0796011 
0 6 5 1 -0.105267 0.0879829 
0 2 2.5 1 0.0237051 -0.00413194 
0 4 2.5 1 -0.0312621 -0.017586 
0 4 5 1 -0.0404959 0.0951932 
0 2 5 1 0.0158137 0.101462 
0.5 0.5 -0.5 1 0.0851294 -0.11458 
0.5 0.5 6 1 0.0672966 0.148191 
10.5 0.5 -0.5 1 0.530333 -0.164451 
10.5 0.5 6 1 0.526648 0.189453 
10.5 10.5 -0.5 1 0.327217 -0.412462 
10.5 10.5 6 1 0.304362 0.188168 
0.5 10.5 -0.5 1 -0.240569 -0.249796 
0.5 10.5 6 1 -0.282871 0.128244 
0.5 5.5 9.5 1 -0.0900187 0.317634 
10.5 5.5 9.5 1 0.440565 0.451137 
0.5 6.5 -0.5 1 -0.0809154 -0.183515 
0.5 8.5 -0.5 1 -0.154255 -0.213962 
0.5 8.5 4.5 1 -0.180732 0.050608 
0.5 6.5 4.5 1 -0.102997 0.0615086 
0.5 2.5 2 1 0.0291941 -0.0292741 
0.5 4.5 2 1 -0.0270041 -0.044908 
0.5 4.5 4.5 1 -0.0364511 0.0708401 
0.5 2.5 4.5 1 0.0211584 0.0789185 
