0.0321449 -0.224877 0.053076 0.464805 
-0.249428 -0.0258366 -0.259201 0.340168 
0.172106 0.0123944 0.188341 0.299816 
0.600386 -0.0998832 0.665882 0.354998 
0.0321449 -0.224877 -0.249428 -0.0258366 
-0.249428 -0.0258366 0.172106 0.0123944 
0.172106 0.0123944 0.600386 -0.0998832 
0.600386 -0.0998832 0.0321449 -0.224877 
0.053076 0.464805 0.460606 0.746969 
0.460606 0.746969 0.665882 0.354998 
-0.259201 0.340168 -0.00388737 0.508432 
-0.00388737 0.508432 0.188341 0.299816 
0.460606 0.746969 -0.00388737 0.508432 
0.053076 0.464805 -0.259201 0.340168 
0.665882 0.354998 0.188341 0.299816 
0.424412 -0.138591 0.518558 -0.117883 
0.518558 -0.117883 0.565537 0.249214 
0.565537 0.249214 0.46766 0.25669 
0.46766 0.25669 0.424412 -0.138591 
0.199822 0.0318179 0.332916 0.042455 
0.332916 0.042455 0.352459 0.265489 
0.352459 0.265489 0.214889 0.275997 
0.214889 0.275997 0.199822 0.0318179 
