0.341821 -0.535724 0.347434 0.00281657 
-0.324254 -0.403928 -0.28061 0.00114031 
-0.050514 -0.323204 -0.0326649 -0.0631599 
0.378683 -0.382881 0.380311 -0.0736669 
0.341821 -0.535724 -0.324254 -0.403928 
-0.324254 -0.403928 -0.050514 -0.323204 
-0.050514 -0.323204 0.378683 -0.382881 
0.378683 -0.382881 0.341821 -0.535724 
0.347434 0.00281657 0.369536 0.148155 
0.369536 0.148155 0.380311 -0.0736669 
-0.28061 0.00114031 -0.116988 0.120804 
-0.116988 0.120804 -0.0326649 -0.0631599 
0.369536 0.148155 -0.116988 0.120804 
0.347434 0.00281657 -0.28061 0.00114031 
0.380311 -0.0736669 -0.0326649 -0.0631599 
0.368565 -0.424832 0.374103 -0.40187 
0.374103 -0.40187 0.37566 -0.138885 
0.37566 -0.138885 0.370511 -0.134528 
0.370511 -0.134528 0.368565 -0.424832 
0.354763 -0.300792 0.363005 -0.287289 
0.363005 -0.287289 0.364217 -0.129199 
0.364217 -0.129199 0.356345 -0.122536 
0.356345 -0.122536 0.354763 -0.300792 
