0 0 0 1 0.166127 -0.223233 
0 0 6.5 1 0.192878 0.0613055 
10 0 0 1 0.603241 -0.381955 
10 0 6.5 1 0.641315 0.0861985 
10 10 0 1 -0.0587609 -0.46045 
10 10 6.5 1 0.0105385 0.234708 
0 10 0 1 -0.280258 -0.223504 
0 10 6.5 1 -0.242416 0.131487 
0 5 10 1 0.0159181 0.260303 
10 5 10 1 0.413222 0.440104 
0 6 0 1 -0.0773473 -0.223381 
0 8 0 1 -0.17397 -0.223439 
0 8 5 1 -0.146954 0.0373198 
0 6 5 1 -0.0522299 0.0256045 
0 2 2.5 1 0.102744 -0.108728 
0 4 2.5 1 0.0226298 -0.103812 
0 4 5 1 0.0343102 0.0149013 
0 2 5 1 0.113683 0.00508464 
0.5 0.5 -0.5 1 0.159265 -0.250968 
0.5 0.5 6 1 0.186901 0.0426047 
10.5 0.5 -0.5 1 0.614628 -0.436882 
10.5 0.5 6 1 0.654514 0.0562373 
10.5 10.5 -0.5 1 -0.0944566 -0.55082 
10.5 10.5 6 1 -0.0189632 0.200851 
0.5 10.5 -0.5 1 -0.306451 -0.258458 
0.5 10.5 6 1 -0.266865 0.110706 
0.5 5.5 9.5 1 0.00322285 0.246399 
10.5 5.5 9.5 1 0.414902 0.426162 
0.5 6.5 -0.5 1 -0.0938484 -0.255039 
0.5 8.5 -0.5 1 -0.194897 -0.256664 
0.5 8.5 4.5 1 -0.16672 0.0140185 
0.5 6.5 4.5 1 -0.0677232 0.00297828 
0.5 2.5 2 1 0.0935548 -0.133846 
0.5 4.5 2 1 0.0103138 -0.129888 
0.5 4.5 4.5 1 0.0224315 -0.00707585 
0.5 2.5 4.5 1 0.104878 -0.0162703 
