0.0572447 -0.163911 0.0320145 0.0901666 
0.488073 -0.173538 0.458023 0.152743 
0.355059 -0.357237 0.302135 0.202091 
-0.239248 -0.283038 -0.278542 0.0930694 
0.0572447 -0.163911 0.488073 -0.173538 
0.488073 -0.173538 0.355059 -0.357237 
0.355059 -0.357237 -0.239248 -0.283038 
-0.239248 -0.283038 0.0572447 -0.163911 
0.0320145 0.0901666 -0.109733 0.25592 
-0.109733 0.25592 -0.278542 0.0930694 
0.458023 0.152743 0.379837 0.395179 
0.379837 0.395179 0.302135 0.202091 
-0.109733 0.25592 0.379837 0.395179 
0.0320145 0.0901666 0.458023 0.152743 
-0.278542 0.0930694 0.302135 0.202091 
-0.0919862 -0.22387 -0.159165 -0.250862 
-0.159165 -0.250862 -0.186337 0.0127465 
-0.186337 0.0127465 -0.116687 0.0185234 
-0.116687 0.0185234 -0.0919862 -0.22387 
0.00397802 -0.0769124 -0.0461221 -0.0889444 
-0.0461221 -0.0889444 -0.0574619 0.0234357 
-0.0574619 0.0234357 -0.00648456 0.0276638 
-0.00648456 0.0276638 0.00397802 -0.0769124 
