0 0 0 1 0.311439 -0.327158 
0 0 6.5 1 0.366015 0.117583 
10 0 0 1 -0.318063 -0.230489 
10 0 6.5 1 -0.298649 0.168871 
10 10 0 1 -0.128554 -0.10835 
10 10 6.5 1 -0.111204 0.141195 
0 10 0 1 0.262734 -0.157552 
0 10 6.5 1 0.29332 0.109 
0 5 10 1 0.34263 0.302507 
10 5 10 1 -0.171929 0.326263 
0 6 0 1 0.276648 -0.206006 
0 8 0 1 0.269086 -0.179672 
0 8 5 1 0.294694 0.0415304 
0 6 5 1 0.304975 0.0361217 
0 2 2.5 1 0.314774 -0.130504 
0 4 2.5 1 0.301404 -0.106209 
0 4 5 1 0.317488 0.0295388 
0 2 5 1 0.333048 0.0213526 
0.5 0.5 -0.5 1 0.269929 -0.339593 
0.5 0.5 6 1 0.320071 0.085221 
10.5 0.5 -0.5 1 -0.331942 -0.245227 
10.5 0.5 6 1 -0.313896 0.138009 
10.5 10.5 -0.5 1 -0.141843 -0.120596 
10.5 10.5 6 1 -0.125282 0.122562 
0.5 10.5 -0.5 1 0.238641 -0.169416 
0.5 10.5 6 1 0.267716 0.0898577 
0.5 5.5 9.5 1 0.308302 0.271646 
10.5 5.5 9.5 1 -0.18773 0.297287 
0.5 6.5 -0.5 1 0.247686 -0.218615 
0.5 8.5 -0.5 1 0.242781 -0.191935 
0.5 8.5 4.5 1 0.267021 0.0227621 
0.5 6.5 4.5 1 0.27436 0.015738 
0.5 2.5 2 1 0.277241 -0.14904 
0.5 4.5 2 1 0.268196 -0.123642 
0.5 4.5 4.5 1 0.283238 0.00724079 
0.5 2.5 4.5 1 0.294196 -0.00324737 
