0.297732 -0.338309 0.258111 0.0134272 
0.307444 -0.618154 0.226753 0.112565 
-0.606122 -0.569473 -0.616175 -0.00333776 
-0.197105 -0.347579 -0.215891 -0.0389746 
0.297732 -0.338309 0.307444 -0.618154 
0.307444 -0.618154 -0.606122 -0.569473 
-0.606122 -0.569473 -0.197105 -0.347579 
-0.197105 -0.347579 0.297732 -0.338309 
0.258111 0.0134272 -0.00874764 0.153346 
-0.00874764 0.153346 -0.215891 -0.0389746 
0.226753 0.112565 -0.265184 0.357755 
-0.265184 0.357755 -0.616175 -0.00333776 
-0.00874764 0.153346 -0.265184 0.357755 
0.258111 0.0134272 0.226753 0.112565 
-0.215891 -0.0389746 -0.616175 -0.00333776 
-0.0151375 -0.34417 -0.108504 -0.345919 
-0.108504 -0.345919 -0.125703 -0.100693 
-0.125703 -0.100693 -0.0352399 -0.0925694 
-0.0352399 -0.0925694 -0.0151375 -0.34417 
0.17391 -0.205809 0.0715787 -0.2114 
0.0715787 -0.2114 0.0600873 -0.0840087 
0.0600873 -0.0840087 0.160682 -0.074975 
0.160682 -0.074975 0.17391 -0.205809 
