0.339037 -0.303032 0.293691 0.100395 
-0.316328 -0.422104 -0.354783 0.0604088 
-0.293643 -0.276678 -0.316504 0.00421993 
0.1123 -0.217203 0.0866641 0.0349228 
0.339037 -0.303032 -0.316328 -0.422104 
-0.316328 -0.422104 -0.293643 -0.276678 
-0.293643 -0.276678 0.1123 -0.217203 
0.1123 -0.217203 0.339037 -0.303032 
0.293691 0.100395 0.149228 0.223359 
0.149228 0.223359 0.0866641 0.0349228 
-0.354783 0.0604088 -0.345683 0.211102 
-0.345683 0.211102 -0.316504 0.00421993 
0.149228 0.223359 -0.345683 0.211102 
0.293691 0.100395 -0.354783 0.0604088 
0.0866641 0.0349228 -0.316504 0.00421993 
0.178829 -0.242387 0.142851 -0.228768 
0.142851 -0.228768 0.121161 -0.0184453 
0.121161 -0.0184453 0.154828 -0.0134423 
0.154828 -0.0134423 0.178829 -0.242387 
0.258785 -0.138385 0.208316 -0.132286 
0.208316 -0.132286 0.194978 -0.00747603 
0.194978 -0.00747603 0.24368 -0.000238791 
0.24368 -0.000238791 0.258785 -0.138385 
