0 0 0 1 0.241862 -0.49068 
0 0 6.5 1 0.228014 -0.160317 
10 0 0 1 0.701547 -0.753885 
10 0 6.5 1 0.625788 -0.126637 
10 10 0 1 -0.297813 -0.918726 
10 10 6.5 1 -0.254339 -0.103608 
0 10 0 1 -0.278662 -0.529245 
0 10 6.5 1 -0.258501 -0.153315 
0 5 10 1 9.0744e-05 0.0141473 
10 5 10 1 0.22303 0.197488 
0 6 0 1 -0.0539467 -0.512596 
0 8 0 1 -0.163255 -0.520694 
0 8 5 1 -0.153947 -0.234858 
0 6 5 1 -0.0504553 -0.234341 
0 2 2.5 1 0.144874 -0.362206 
0 4 2.5 1 0.0488308 -0.365919 
0 4 5 1 0.0479733 -0.233849 
0 2 5 1 0.141701 -0.23338 
0.5 0.5 -0.5 1 0.231831 -0.527608 
0.5 0.5 6 1 0.218144 -0.18371 
10.5 0.5 -0.5 1 0.714623 -0.845715 
10.5 0.5 6 1 0.632545 -0.168068 
10.5 10.5 -0.5 1 -0.375829 -1.05703 
10.5 10.5 6 1 -0.317082 -0.154948 
0.5 10.5 -0.5 1 -0.311739 -0.573137 
0.5 10.5 6 1 -0.288438 -0.179594 
0.5 5.5 9.5 1 -0.0179742 -0.00378355 
10.5 5.5 9.5 1 0.203404 0.175491 
0.5 6.5 -0.5 1 -0.0763988 -0.553425 
0.5 8.5 -0.5 1 -0.190746 -0.563003 
0.5 8.5 4.5 1 -0.179589 -0.263972 
0.5 6.5 4.5 1 -0.0715884 -0.262679 
0.5 2.5 2 1 0.131337 -0.394467 
0.5 4.5 2 1 0.0313748 -0.399157 
0.5 4.5 4.5 1 0.0309369 -0.26145 
0.5 2.5 4.5 1 0.128393 -0.260283 
