0 0 0 1 -0.295942 -0.016013 
0 0 6.5 1 -0.323694 0.264123 
10 0 0 1 0.100776 0.0177242 
10 0 6.5 1 0.0938093 0.274227 
10 10 0 1 0.301513 -0.0698562 
10 10 6.5 1 0.305224 0.339567 
0 10 0 1 -0.329201 -0.13992 
0 10 6.5 1 -0.380062 0.333264 
0 5 10 1 -0.365699 0.498333 
10 5 10 1 0.171996 0.48435 
0 6 0 1 -0.311683 -0.0746577 
0 8 0 1 -0.319408 -0.103437 
0 8 5 1 -0.352403 0.210901 
0 6 5 1 -0.340619 0.206264 
0 2 2.5 1 -0.311636 0.0812986 
0 4 2.5 1 -0.318021 0.0727212 
0 4 5 1 -0.33119 0.202553 
0 2 5 1 -0.323474 0.199517 
0.5 0.5 -0.5 1 -0.272938 -0.0386523 
0.5 0.5 6 1 -0.299853 0.24379 
10.5 0.5 -0.5 1 0.126046 -0.00258561 
10.5 0.5 6 1 0.12018 0.255856 
10.5 10.5 -0.5 1 0.345078 -0.10361 
10.5 10.5 6 1 0.352175 0.310766 
0.5 10.5 -0.5 1 -0.291154 -0.180465 
0.5 10.5 6 1 -0.339711 0.299304 
0.5 5.5 9.5 1 -0.334979 0.475367 
10.5 5.5 9.5 1 0.206885 0.463856 
0.5 6.5 -0.5 1 -0.281524 -0.105492 
0.5 8.5 -0.5 1 -0.28576 -0.138476 
0.5 8.5 4.5 1 -0.317385 0.179601 
0.5 6.5 4.5 1 -0.309359 0.178419 
0.5 2.5 2 1 -0.286283 0.0574195 
0.5 4.5 2 1 -0.290249 0.0463534 
0.5 4.5 4.5 1 -0.302961 0.177477 
0.5 2.5 4.5 1 -0.29774 0.176709 
