0.297656 -0.35347 0.258799 -0.000945286 
0.330627 -0.624976 0.249424 0.109294 
-0.611125 -0.581459 -0.609544 -0.00201035 
-0.203171 -0.362492 -0.218134 -0.0499835 
0.297656 -0.35347 0.330627 -0.624976 
0.330627 -0.624976 -0.611125 -0.581459 
-0.611125 -0.581459 -0.203171 -0.362492 
-0.203171 -0.362492 0.297656 -0.35347 
0.258799 -0.000945286 -0.00704527 0.140388 
-0.00704527 0.140388 -0.218134 -0.0499835 
0.249424 0.109294 -0.244061 0.355757 
-0.244061 0.355757 -0.609544 -0.00201035 
-0.00704527 0.140388 -0.244061 0.355757 
0.258799 -0.000945286 0.249424 0.109294 
-0.218134 -0.0499835 -0.609544 -0.00201035 
-0.0178766 -0.359154 -0.112785 -0.360863 
-0.112785 -0.360863 -0.127462 -0.112612 
-0.127462 -0.112612 -0.0359078 -0.104941 
-0.0359078 -0.104941 -0.0178766 -0.359154 
0.173846 -0.219693 0.0708696 -0.22498 
0.0708696 -0.22498 0.0601933 -0.09689 
0.0601933 -0.09689 0.161188 -0.0884288 
0.161188 -0.0884288 0.173846 -0.219693 
