-0.593518 -0.314789 -0.537994 0.0646506 
-0.128699 -0.280381 -0.103733 -0.0110351 
0.242265 -0.37981 0.260784 -0.000670904 
-0.283058 -0.509849 -0.213936 0.131282 
-0.593518 -0.314789 -0.128699 -0.280381 
-0.128699 -0.280381 0.242265 -0.37981 
0.242265 -0.37981 -0.283058 -0.509849 
-0.283058 -0.509849 -0.593518 -0.314789 
-0.537994 0.0646506 -0.384737 0.325395 
-0.384737 0.325395 -0.213936 0.131282 
-0.103733 -0.0110351 0.0606064 0.153529 
0.0606064 0.153529 0.260784 -0.000670904 
-0.384737 0.325395 0.0606064 0.153529 
-0.537994 0.0646506 -0.103733 -0.0110351 
-0.213936 0.131282 0.260784 -0.000670904 
-0.448148 -0.406124 -0.375785 -0.45159 
-0.375785 -0.45159 -0.323373 -0.0116671 
-0.323373 -0.0116671 -0.397973 -0.0143767 
-0.397973 -0.0143767 -0.448148 -0.406124 
-0.530651 -0.176021 -0.481806 -0.18944 
-0.481806 -0.18944 -0.458413 -0.016572 
-0.458413 -0.016572 -0.508376 -0.0183868 
-0.508376 -0.0183868 -0.530651 -0.176021 
