0 0 0 1 -0.0335495 -0.381152 
0 0 6.5 1 -0.0381382 -0.115333 
10 0 0 1 0.404142 -0.401964 
10 0 6.5 1 0.374117 -0.0916554 
10 10 0 1 0.400953 -0.569156 
10 10 6.5 1 0.350234 -0.0257788 
0 10 0 1 -0.295195 -0.496818 
0 10 6.5 1 -0.282655 -0.0767133 
0 5 10 1 -0.133929 0.0597409 
10 5 10 1 0.347095 0.123054 
0 6 0 1 -0.160471 -0.43726 
0 8 0 1 -0.220699 -0.463885 
0 8 5 1 -0.215807 -0.169757 
0 6 5 1 -0.158918 -0.171223 
0 2 2.5 1 -0.0702824 -0.282846 
0 4 2.5 1 -0.111161 -0.291133 
0 4 5 1 -0.111535 -0.172444 
0 2 5 1 -0.0714584 -0.173477 
0.5 0.5 -0.5 1 -0.0224001 -0.407963 
0.5 0.5 6 1 -0.0276796 -0.133027 
10.5 0.5 -0.5 1 0.433181 -0.434328 
10.5 0.5 6 1 0.400436 -0.111521 
10.5 10.5 -0.5 1 0.453735 -0.639296 
10.5 10.5 6 1 0.394635 -0.0564438 
0.5 10.5 -0.5 1 -0.290183 -0.546077 
0.5 10.5 6 1 -0.27746 -0.102766 
0.5 5.5 9.5 1 -0.124866 0.0448609 
10.5 5.5 9.5 1 0.378117 0.107755 
0.5 6.5 -0.5 1 -0.151068 -0.474326 
0.5 8.5 -0.5 1 -0.212932 -0.506233 
0.5 8.5 4.5 1 -0.208262 -0.197423 
0.5 6.5 4.5 1 -0.149925 -0.196327 
0.5 2.5 2 1 -0.0596647 -0.308052 
0.5 4.5 2 1 -0.101057 -0.318863 
0.5 4.5 4.5 1 -0.101674 -0.195421 
0.5 2.5 4.5 1 -0.061101 -0.194659 
