0 0 0 1 0.336181 -0.524349 
0 0 6.5 1 0.350093 0.00530078 
10 0 0 1 -0.327625 -0.38953 
10 0 6.5 1 -0.282132 0.0146011 
10 10 0 1 -0.0607464 -0.307547 
10 10 6.5 1 -0.0403708 -0.0492732 
0 10 0 1 0.363971 -0.369863 
0 10 6.5 1 0.371029 -0.0655118 
0 5 10 1 0.367977 0.153283 
10 5 10 1 -0.120595 0.135006 
0 6 0 1 0.356327 -0.412356 
0 8 0 1 0.36051 -0.389106 
0 8 5 1 0.366604 -0.13066 
0 6 5 1 0.363186 -0.127136 
0 2 2.5 1 0.349328 -0.293082 
0 4 2.5 1 0.355171 -0.278599 
0 4 5 1 0.359007 -0.122826 
0 2 5 1 0.353779 -0.117435 
0.5 0.5 -0.5 1 0.295952 -0.544667 
0.5 0.5 6 1 0.311863 -0.0362883 
10.5 0.5 -0.5 1 -0.335331 -0.409966 
10.5 0.5 6 1 -0.29097 -0.0183069 
10.5 10.5 -0.5 1 -0.0717211 -0.322516 
10.5 10.5 6 1 -0.0514282 -0.0693889 
0.5 10.5 -0.5 1 0.339882 -0.385745 
0.5 10.5 6 1 0.347686 -0.0885252 
0.5 5.5 9.5 1 0.339572 0.118389 
10.5 5.5 9.5 1 -0.131612 0.106424 
0.5 6.5 -0.5 1 0.327624 -0.430089 
0.5 8.5 -0.5 1 0.334314 -0.405887 
0.5 8.5 4.5 1 0.341089 -0.154116 
0.5 6.5 4.5 1 0.335296 -0.15298 
0.5 2.5 2 1 0.314462 -0.319433 
0.5 4.5 2 1 0.323933 -0.302556 
0.5 4.5 4.5 1 0.328255 -0.1516 
0.5 2.5 4.5 1 0.319515 -0.149886 
