0 0 0 1 0.265567 -0.493347 
0 0 6.5 1 0.240716 -0.158439 
10 0 0 1 0.712908 -0.776258 
10 0 6.5 1 0.617703 -0.123501 
10 10 0 1 -0.331829 -0.952977 
10 10 6.5 1 -0.308383 -0.140545 
0 10 0 1 -0.259824 -0.54288 
0 10 6.5 1 -0.252995 -0.170396 
0 5 10 1 0.000705544 0.00826743 
10 5 10 1 0.176956 0.190953 
0 6 0 1 -0.036416 -0.521817 
0 8 0 1 -0.145722 -0.532122 
0 8 5 1 -0.146184 -0.247694 
0 6 5 1 -0.0422084 -0.243578 
0 2 2.5 1 0.161176 -0.365932 
0 4 2.5 1 0.0629093 -0.37244 
0 4 5 1 0.0576915 -0.239624 
0 2 5 1 0.153751 -0.235822 
0.5 0.5 -0.5 1 0.254963 -0.531477 
0.5 0.5 6 1 0.229931 -0.183075 
10.5 0.5 -0.5 1 0.723632 -0.874114 
10.5 0.5 6 1 0.62111 -0.168354 
10.5 10.5 -0.5 1 -0.413421 -1.09262 
10.5 10.5 6 1 -0.376483 -0.196819 
0.5 10.5 -0.5 1 -0.292419 -0.587317 
0.5 10.5 6 1 -0.283136 -0.198093 
0.5 5.5 9.5 1 -0.0183703 -0.011105 
10.5 5.5 9.5 1 0.151548 0.165392 
0.5 6.5 -0.5 1 -0.0591376 -0.563519 
0.5 8.5 -0.5 1 -0.173177 -0.575153 
0.5 8.5 4.5 1 -0.172238 -0.278069 
0.5 6.5 4.5 1 -0.0639883 -0.273177 
0.5 2.5 2 1 0.14693 -0.399386 
0.5 4.5 2 1 0.0448217 -0.406825 
0.5 4.5 4.5 1 0.0398687 -0.268483 
0.5 2.5 4.5 1 0.139595 -0.263976 
