0 0 0 1 0.322754 -0.108684 
0 0 6.5 1 0.307191 0.309395 
10 0 0 1 -0.318972 -0.17864 
10 0 6.5 1 -0.373218 0.269361 
10 10 0 1 -0.242026 -0.0605186 
10 10 6.5 1 -0.27125 0.206639 
0 10 0 1 0.151538 -0.0224593 
0 10 6.5 1 0.136509 0.233764 
0 5 10 1 0.191725 0.444336 
10 5 10 1 -0.330869 0.42232 
0 6 0 1 0.201529 -0.0476352 
0 8 0 1 0.174469 -0.0340077 
0 8 5 1 0.162643 0.177891 
0 6 5 1 0.189407 0.183499 
0 2 2.5 1 0.267449 0.054821 
0 4 2.5 1 0.22789 0.0611087 
0 4 5 1 0.221639 0.190253 
0 2 5 1 0.261205 0.198544 
0.5 0.5 -0.5 1 0.281539 -0.134667 
0.5 0.5 6 1 0.26432 0.268747 
10.5 0.5 -0.5 1 -0.342393 -0.204281 
10.5 0.5 6 1 -0.396094 0.226895 
10.5 10.5 -0.5 1 -0.257809 -0.0784679 
10.5 10.5 6 1 -0.286964 0.182623 
0.5 10.5 -0.5 1 0.128987 -0.0403518 
0.5 10.5 6 1 0.11353 0.210291 
0.5 5.5 9.5 1 0.161258 0.4094 
10.5 5.5 9.5 1 -0.349457 0.385866 
0.5 6.5 -0.5 1 0.173896 -0.0681167 
0.5 8.5 -0.5 1 0.149626 -0.0531112 
0.5 8.5 4.5 1 0.137389 0.15383 
0.5 6.5 4.5 1 0.161253 0.157131 
0.5 2.5 2 1 0.231519 0.0267164 
0.5 4.5 2 1 0.196462 0.0356029 
0.5 4.5 4.5 1 0.18987 0.161089 
0.5 2.5 4.5 1 0.224816 0.165922 
