-0.56978 -0.34558 -0.64618 0.202147 
-0.208254 -0.147422 -0.241401 0.154187 
0.268742 -0.128137 0.243719 0.212166 
0.299488 -0.35599 0.249471 0.334375 
-0.56978 -0.34558 -0.208254 -0.147422 
-0.208254 -0.147422 0.268742 -0.128137 
0.268742 -0.128137 0.299488 -0.35599 
0.299488 -0.35599 -0.56978 -0.34558 
-0.64618 0.202147 -0.288887 0.614013 
-0.288887 0.614013 0.249471 0.334375 
-0.241401 0.154187 -0.0298632 0.360167 
-0.0298632 0.360167 0.243719 0.212166 
-0.288887 0.614013 -0.0298632 0.360167 
-0.64618 0.202147 -0.241401 0.154187 
0.249471 0.334375 0.243719 0.212166 
-0.0953227 -0.351262 0.0927471 -0.353514 
0.0927471 -0.353514 0.0486405 0.145411 
0.0486405 0.145411 -0.144272 0.124389 
-0.144272 0.124389 -0.0953227 -0.351262 
-0.452178 -0.133379 -0.293081 -0.125896 
-0.293081 -0.125896 -0.31993 0.105247 
-0.31993 0.105247 -0.480549 0.0877438 
-0.480549 0.0877438 -0.452178 -0.133379 
