0.248392 -0.110007 0.288286 0.258384 
-0.21124 -0.237738 -0.183958 0.395525 
-0.554365 -0.0624964 -0.557051 0.324967 
-0.115809 -0.0212756 -0.100928 0.247867 
0.248392 -0.110007 -0.21124 -0.237738 
-0.21124 -0.237738 -0.554365 -0.0624964 
-0.554365 -0.0624964 -0.115809 -0.0212756 
-0.115809 -0.0212756 0.248392 -0.110007 
0.288286 0.258384 0.0760735 0.431462 
0.0760735 0.431462 -0.100928 0.247867 
-0.183958 0.395525 -0.414232 0.638828 
-0.414232 0.638828 -0.557051 0.324967 
0.0760735 0.431462 -0.414232 0.638828 
0.288286 0.258384 -0.183958 0.395525 
-0.100928 0.247867 -0.557051 0.324967 
0.00359334 -0.0503659 -0.059494 -0.0349958 
-0.059494 -0.0349958 -0.0457489 0.181805 
-0.0457489 0.181805 0.0202557 0.179394 
0.0202557 0.179394 0.00359334 -0.0503659 
0.167764 0.0406766 0.0847026 0.0523863 
0.0847026 0.0523863 0.0949998 0.176664 
0.0949998 0.176664 0.180342 0.173546 
0.180342 0.173546 0.167764 0.0406766 
