0 0 0 1 0.328325 -0.505263 
0 0 6.5 1 0.353759 0.010648 
10 0 0 1 -0.330882 -0.36741 
10 0 6.5 1 -0.284237 0.0352534 
10 10 0 1 -0.0745721 -0.281628 
10 10 6.5 1 -0.0513018 -0.025949 
0 10 0 1 0.343427 -0.346868 
0 10 6.5 1 0.357856 -0.0497882 
0 5 10 1 0.365698 0.164046 
10 5 10 1 -0.126095 0.15835 
0 6 0 1 0.339257 -0.390609 
0 8 0 1 0.341537 -0.366693 
0 8 5 1 0.35378 -0.115106 
0 6 5 1 0.352791 -0.113112 
0 2 2.5 1 0.341644 -0.279287 
0 4 2.5 1 0.344135 -0.262937 
0 4 5 1 0.351582 -0.110674 
0 2 5 1 0.350069 -0.107623 
0.5 0.5 -0.5 1 0.287391 -0.523563 
0.5 0.5 6 1 0.313728 -0.0288623 
10.5 0.5 -0.5 1 -0.339772 -0.386776 
10.5 0.5 6 1 -0.294377 0.00286773 
10.5 10.5 -0.5 1 -0.0860871 -0.295961 
10.5 10.5 6 1 -0.0630428 -0.0455916 
0.5 10.5 -0.5 1 0.319146 -0.361708 
0.5 10.5 6 1 0.333911 -0.0717769 
0.5 5.5 9.5 1 0.336013 0.130305 
10.5 5.5 9.5 1 -0.13813 0.130026 
0.5 6.5 -0.5 1 0.310253 -0.407036 
0.5 8.5 -0.5 1 0.315103 -0.382312 
0.5 8.5 4.5 1 0.32765 -0.137378 
0.5 6.5 4.5 1 0.32415 -0.137613 
0.5 2.5 2 1 0.305914 -0.303783 
0.5 4.5 2 1 0.312228 -0.285318 
0.5 4.5 4.5 1 0.319895 -0.137897 
0.5 2.5 4.5 1 0.314613 -0.138251 
