0 0 0 1 0.0621615 -0.144965 
0 0 6.5 1 0.0377724 0.109375 
10 0 0 1 0.492499 -0.159744 
10 0 6.5 1 0.467031 0.170008 
10 10 0 1 0.344199 -0.350627 
10 10 6.5 1 0.296752 0.21163 
0 10 0 1 -0.238334 -0.26539 
0 10 6.5 1 -0.279237 0.108054 
0 5 10 1 -0.107119 0.275105 
10 5 10 1 0.386033 0.415461 
0 6 0 1 -0.0896874 -0.205819 
0 8 0 1 -0.157645 -0.233053 
0 8 5 1 -0.185353 0.0287109 
0 6 5 1 -0.114472 0.0353629 
0 2 2.5 1 0.00829129 -0.0587517 
0 4 2.5 1 -0.0428093 -0.0713092 
0 4 5 1 -0.0540586 0.0410325 
0 2 5 1 -0.00195285 0.0459224 
0.5 0.5 -0.5 1 0.0706486 -0.16964 
0.5 0.5 6 1 0.0456859 0.0914058 
10.5 0.5 -0.5 1 0.518798 -0.192431 
10.5 0.5 6 1 0.492805 0.148683 
10.5 10.5 -0.5 1 0.380937 -0.419476 
10.5 10.5 6 1 0.331445 0.176631 
0.5 10.5 -0.5 1 -0.23785 -0.306954 
0.5 10.5 6 1 -0.280425 0.081126 
0.5 5.5 9.5 1 -0.102369 0.258905 
10.5 5.5 9.5 1 0.415524 0.39933 
0.5 6.5 -0.5 1 -0.084257 -0.238589 
0.5 8.5 -0.5 1 -0.154234 -0.269736 
0.5 8.5 4.5 1 -0.182934 0.00134286 
0.5 6.5 4.5 1 -0.10983 0.0104785 
0.5 2.5 2 1 0.0158427 -0.0827624 
0.5 4.5 2 1 -0.0362908 -0.0975341 
0.5 4.5 4.5 1 -0.0478625 0.0182225 
0.5 2.5 4.5 1 0.0053333 0.0248703 
