0.136738 -0.0563753 0.158107 0.215256 
0.561653 -0.183073 0.623589 0.217502 
0.122115 -0.339787 0.172833 0.293815 
-0.253008 -0.105478 -0.248602 0.2563 
0.136738 -0.0563753 0.561653 -0.183073 
0.561653 -0.183073 0.122115 -0.339787 
0.122115 -0.339787 -0.253008 -0.105478 
-0.253008 -0.105478 0.136738 -0.0563753 
0.158107 0.215256 -0.00637669 0.413929 
-0.00637669 0.413929 -0.248602 0.2563 
0.623589 0.217502 0.489909 0.547782 
0.489909 0.547782 0.172833 0.293815 
-0.00637669 0.413929 0.489909 0.547782 
0.158107 0.215256 0.623589 0.217502 
-0.248602 0.2563 0.172833 0.293815 
-0.0703534 -0.0824658 -0.156139 -0.0932735 
-0.156139 -0.0932735 -0.14872 0.164226 
-0.14872 0.164226 -0.0598052 0.160139 
-0.0598052 0.160139 -0.0703534 -0.0824658 
0.0820717 0.0425603 0.0125035 0.0396325 
0.0125035 0.0396325 0.019109 0.156512 
0.019109 0.156512 0.0896196 0.153271 
0.0896196 0.153271 0.0820717 0.0425603 
