0.134297 -0.0520526 0.154195 0.21897 
0.558904 -0.176103 0.619429 0.221206 
0.131124 -0.338723 0.179418 0.290344 
-0.252007 -0.105593 -0.250299 0.2563 
0.134297 -0.0520526 0.558904 -0.176103 
0.558904 -0.176103 0.131124 -0.338723 
0.131124 -0.338723 -0.252007 -0.105593 
-0.252007 -0.105593 0.134297 -0.0520526 
0.154195 0.21897 -0.0100692 0.416408 
-0.0100692 0.416408 -0.250299 0.2563 
0.619429 0.221206 0.489278 0.547698 
0.489278 0.547698 0.179418 0.290344 
-0.0100692 0.416408 0.489278 0.547698 
0.154195 0.21897 0.619429 0.221206 
-0.250299 0.2563 0.179418 0.290344 
-0.0706839 -0.0804622 -0.155782 -0.0922565 
-0.155782 -0.0922565 -0.150133 0.165016 
-0.150133 0.165016 -0.0616887 0.161803 
-0.0616887 0.161803 -0.0706839 -0.0804622 
0.0797151 0.0458787 0.0107864 0.0422069 
0.0107864 0.0422069 0.0166928 0.158955 
0.0166928 0.158955 0.0866361 0.156413 
0.0866361 0.156413 0.0797151 0.0458787 
