0 0 0 1 0.24696 -0.494305 
0 0 6.5 1 0.230743 -0.162515 
10 0 0 1 0.705402 -0.76265 
10 0 6.5 1 0.624908 -0.1289 
10 10 0 1 -0.305519 -0.931361 
10 10 6.5 1 -0.265551 -0.114242 
0 10 0 1 -0.275234 -0.53537 
0 10 6.5 1 -0.257597 -0.159468 
0 5 10 1 0.000225235 0.0104638 
10 5 10 1 0.214063 0.193423 
0 6 0 1 -0.0504583 -0.517694 
0 8 0 1 -0.15992 -0.526302 
0 8 5 1 -0.152514 -0.240211 
0 6 5 1 -0.0488245 -0.23893 
0 2 2.5 1 0.148332 -0.365822 
0 4 2.5 1 0.0517425 -0.370133 
0 4 5 1 0.0499899 -0.237709 
0 2 5 1 0.144265 -0.236545 
0.5 0.5 -0.5 1 0.236825 -0.531578 
0.5 0.5 6 1 0.220699 -0.186195 
10.5 0.5 -0.5 1 0.718213 -0.85609 
10.5 0.5 6 1 0.631098 -0.171102 
10.5 10.5 -0.5 1 -0.384637 -1.07082 
10.5 10.5 6 1 -0.329537 -0.166766 
0.5 10.5 -0.5 1 -0.308287 -0.579521 
0.5 10.5 6 1 -0.287618 -0.186091 
0.5 5.5 9.5 1 -0.0180519 -0.0077802 
10.5 5.5 9.5 1 0.193298 0.170674 
0.5 6.5 -0.5 1 -0.0729994 -0.558827 
0.5 8.5 -0.5 1 -0.187458 -0.568894 
0.5 8.5 4.5 1 -0.178274 -0.269646 
0.5 6.5 4.5 1 -0.0701106 -0.267583 
0.5 2.5 2 1 0.134651 -0.3984 
0.5 4.5 2 1 0.0341451 -0.403685 
0.5 4.5 4.5 1 0.0327843 -0.265621 
0.5 2.5 4.5 1 0.130786 -0.263752 
