0 0 0 1 0.0669064 -0.127267 
0 0 6.5 1 0.0438702 0.127561 
10 0 0 1 0.496742 -0.148203 
10 0 6.5 1 0.476542 0.185231 
10 10 0 1 0.332457 -0.345931 
10 10 6.5 1 0.291197 0.219007 
0 10 0 1 -0.237871 -0.24842 
0 10 6.5 1 -0.279628 0.122585 
0 5 10 1 -0.103889 0.293572 
10 5 10 1 0.392958 0.43383 
0 6 0 1 -0.0877296 -0.188737 
0 8 0 1 -0.156521 -0.216082 
0 8 5 1 -0.18425 0.0440297 
0 6 5 1 -0.112128 0.0514195 
0 2 2.5 1 0.0125781 -0.0416623 
0 4 2.5 1 -0.0395661 -0.0546492 
0 4 5 1 -0.0505026 0.0577337 
0 2 5 1 0.00276161 0.0631913 
0.5 0.5 -0.5 1 0.0748811 -0.152136 
0.5 0.5 6 1 0.051365 0.109156 
10.5 0.5 -0.5 1 0.522276 -0.181612 
10.5 0.5 6 1 0.501966 0.162977 
10.5 10.5 -0.5 1 0.366721 -0.415805 
10.5 10.5 6 1 0.324306 0.181902 
0.5 10.5 -0.5 1 -0.238092 -0.289846 
0.5 10.5 6 1 -0.281541 0.0950123 
0.5 5.5 9.5 1 -0.0996733 0.276753 
10.5 5.5 9.5 1 0.422061 0.416523 
0.5 6.5 -0.5 1 -0.0829555 -0.221585 
0.5 8.5 -0.5 1 -0.153803 -0.252759 
0.5 8.5 4.5 1 -0.182494 0.0161745 
0.5 6.5 4.5 1 -0.108091 0.0260723 
0.5 2.5 2 1 0.0196051 -0.0659812 
0.5 4.5 2 1 -0.0336241 -0.0811789 
0.5 4.5 4.5 1 -0.0448529 0.0344847 
0.5 2.5 4.5 1 0.00955718 0.0417228 
