-0.581259 -0.365213 -0.526653 0.00953088 
-0.113848 -0.325432 -0.0932893 -0.0542615 
0.251887 -0.422922 0.259688 -0.0355285 
-0.305922 -0.558472 -0.241021 0.0820519 
-0.581259 -0.365213 -0.113848 -0.325432 
-0.113848 -0.325432 0.251887 -0.422922 
0.251887 -0.422922 -0.305922 -0.558472 
-0.305922 -0.558472 -0.581259 -0.365213 
-0.526653 0.00953088 -0.38986 0.264802 
-0.38986 0.264802 -0.241021 0.0820519 
-0.0932893 -0.0542615 0.0617133 0.11293 
0.0617133 0.11293 0.259688 -0.0355285 
-0.38986 0.264802 0.0617133 0.11293 
-0.526653 0.00953088 -0.0932893 -0.0542615 
-0.241021 0.0820519 0.259688 -0.0355285 
-0.453363 -0.454983 -0.389026 -0.500141 
-0.389026 -0.500141 -0.33868 -0.0602683 
-0.33868 -0.0602683 -0.404641 -0.0645153 
-0.404641 -0.0645153 -0.453363 -0.454983 
-0.52362 -0.226294 -0.480654 -0.238743 
-0.480654 -0.238743 -0.45792 -0.0679457 
-0.45792 -0.0679457 -0.501852 -0.0707743 
-0.501852 -0.0707743 -0.52362 -0.226294 
