0 0 0 1 0.106065 -0.263996 
0 0 6.5 1 0.104177 0.396368 
10 0 0 1 -0.2458 -0.0692896 
10 0 6.5 1 -0.272381 0.294898 
10 10 0 1 0.153492 -0.000129161 
10 10 6.5 1 0.155346 0.279711 
0 10 0 1 0.586975 -0.0921542 
0 10 6.5 1 0.626955 0.334627 
0 5 10 1 0.444509 0.685494 
10 5 10 1 -0.0342697 0.473685 
0 6 0 1 0.441015 -0.14431 
0 8 0 1 0.519427 -0.116291 
0 8 5 1 0.547278 0.229592 
0 6 5 1 0.465337 0.22937 
0 2 2.5 1 0.244333 -0.00358087 
0 4 2.5 1 0.358007 0.0178527 
0 4 5 1 0.367879 0.229105 
0 2 5 1 0.250034 0.228786 
0.5 0.5 -0.5 1 0.11128 -0.277209 
0.5 0.5 6 1 0.110199 0.329748 
10.5 0.5 -0.5 1 -0.228593 -0.0847962 
10.5 0.5 6 1 -0.252831 0.262611 
10.5 10.5 -0.5 1 0.154355 -0.014358 
10.5 10.5 6 1 0.156195 0.255483 
0.5 10.5 -0.5 1 0.568064 -0.109009 
0.5 10.5 6 1 0.604493 0.294904 
0.5 5.5 9.5 1 0.427444 0.611692 
10.5 5.5 9.5 1 -0.0259468 0.437825 
0.5 6.5 -0.5 1 0.42706 -0.160931 
0.5 8.5 -0.5 1 0.502548 -0.133134 
0.5 8.5 4.5 1 0.527804 0.193246 
0.5 6.5 4.5 1 0.448988 0.190073 
0.5 2.5 2 1 0.240162 -0.033261 
0.5 4.5 2 1 0.347341 -0.0105834 
0.5 4.5 4.5 1 0.35618 0.186338 
0.5 2.5 4.5 1 0.245293 0.181874 
