0 0 0 1 -0.0373073 -0.250241 
0 0 6.5 1 0.00103124 0.446632 
10 0 0 1 -0.252496 -0.0409617 
10 0 6.5 1 -0.246117 0.319366 
10 10 0 1 0.184579 -0.0250065 
10 10 6.5 1 0.210449 0.264341 
0 10 0 1 0.604655 -0.159934 
0 10 6.5 1 0.68116 0.312459 
0 5 10 1 0.450386 0.716106 
10 5 10 1 0.0181445 0.47607 
0 6 0 1 0.401987 -0.188444 
0 8 0 1 0.509973 -0.173253 
0 8 5 1 0.565733 0.207666 
0 6 5 1 0.454494 0.220032 
0 2 2.5 1 0.152273 0.0032187 
0 4 2.5 1 0.300585 0.00633124 
0 4 5 1 0.325193 0.234406 
0 2 5 1 0.173042 0.251319 
0.5 0.5 -0.5 1 -0.0155989 -0.270278 
0.5 0.5 6 1 0.0221413 0.37029 
10.5 0.5 -0.5 1 -0.232446 -0.0598745 
10.5 0.5 6 1 -0.225183 0.284843 
10.5 10.5 -0.5 1 0.187329 -0.0409334 
10.5 10.5 6 1 0.212483 0.238259 
0.5 10.5 -0.5 1 0.588236 -0.178575 
0.5 10.5 6 1 0.659437 0.267283 
0.5 5.5 9.5 1 0.438614 0.633018 
10.5 5.5 9.5 1 0.0275833 0.438553 
0.5 6.5 -0.5 1 0.394751 -0.207959 
0.5 8.5 -0.5 1 0.49751 -0.192353 
0.5 8.5 4.5 1 0.549407 0.166173 
0.5 6.5 4.5 1 0.443655 0.174871 
0.5 2.5 2 1 0.160353 -0.032935 
0.5 4.5 2 1 0.298868 -0.0273614 
0.5 4.5 4.5 1 0.321835 0.184891 
0.5 2.5 4.5 1 0.179983 0.196558 
