0.313662 -0.436829 0.361397 0.0415084 
-0.329649 -0.305288 -0.289441 0.0936641 
-0.103294 -0.202443 -0.0781525 0.0478238 
0.298674 -0.267314 0.326564 0.0120351 
0.313662 -0.436829 -0.329649 -0.305288 
-0.329649 -0.305288 -0.103294 -0.202443 
-0.103294 -0.202443 0.298674 -0.267314 
0.298674 -0.267314 0.313662 -0.436829 
0.361397 0.0415084 0.358352 0.21267 
0.358352 0.21267 0.326564 0.0120351 
-0.289441 0.0936641 -0.142963 0.231 
-0.142963 0.231 -0.0781525 0.0478238 
0.358352 0.21267 -0.142963 0.231 
0.361397 0.0415084 -0.289441 0.0936641 
0.326564 0.0120351 -0.0781525 0.0478238 
0.302874 -0.314816 0.300583 -0.288909 
0.300583 -0.288909 0.323986 -0.0544998 
0.323986 -0.0544998 0.32861 -0.0570075 
0.32861 -0.0570075 0.302874 -0.314816 
0.325248 -0.224917 0.319969 -0.203238 
0.319969 -0.203238 0.33426 -0.060071 
0.33426 -0.060071 0.341318 -0.0638984 
0.341318 -0.0638984 0.325248 -0.224917 
