0 0 0 1 0.318973 -0.192618 
0 0 6.5 1 0.360237 0.238471 
10 0 0 1 -0.310335 -0.156646 
10 0 6.5 1 -0.322763 0.256695 
10 10 0 1 -0.163025 -0.0259154 
10 10 6.5 1 -0.163221 0.230443 
0 10 0 1 0.226615 -0.0442294 
0 10 6.5 1 0.246347 0.218857 
0 5 10 1 0.304774 0.42011 
10 5 10 1 -0.225545 0.427515 
0 6 0 1 0.253393 -0.0872532 
0 8 0 1 0.23888 -0.0639341 
0 8 5 1 0.255713 0.15276 
0 6 5 1 0.272515 0.149155 
0 2 2.5 1 0.304787 -0.00914344 
0 4 2.5 1 0.281586 0.0115013 
0 4 5 1 0.292884 0.144786 
0 2 5 1 0.318092 0.139378 
0.5 0.5 -0.5 1 0.277256 -0.208512 
0.5 0.5 6 1 0.313349 0.203282 
10.5 0.5 -0.5 1 -0.327062 -0.173187 
10.5 0.5 6 1 -0.340315 0.222404 
10.5 10.5 -0.5 1 -0.177029 -0.0394158 
10.5 10.5 6 1 -0.177899 0.210024 
0.5 10.5 -0.5 1 0.202889 -0.0576661 
0.5 10.5 6 1 0.220941 0.198134 
0.5 5.5 9.5 1 0.270078 0.386824 
10.5 5.5 9.5 1 -0.242389 0.395204 
0.5 6.5 -0.5 1 0.224682 -0.101871 
0.5 8.5 -0.5 1 0.212894 -0.0779597 
0.5 8.5 4.5 1 0.228203 0.13231 
0.5 6.5 4.5 1 0.241948 0.126908 
0.5 2.5 2 1 0.267094 -0.0301653 
0.5 4.5 2 1 0.248408 -0.00806897 
0.5 4.5 4.5 1 0.258516 0.120395 
0.5 2.5 4.5 1 0.278876 0.112392 
