-0.525524 -0.708567 -0.508094 -0.0193393 
-0.234077 -0.427582 -0.24031 -0.0889024 
0.290619 -0.401144 0.256559 -0.0585946 
0.563508 -0.662853 0.467507 0.0428153 
-0.525524 -0.708567 -0.234077 -0.427582 
-0.234077 -0.427582 0.290619 -0.401144 
0.290619 -0.401144 0.563508 -0.662853 
0.563508 -0.662853 -0.525524 -0.708567 
-0.508094 -0.0193393 -0.0448385 0.33036 
-0.0448385 0.33036 0.467507 0.0428153 
-0.24031 -0.0889024 -0.00368059 0.0951461 
-0.00368059 0.0951461 0.256559 -0.0585946 
-0.0448385 0.33036 -0.00368059 0.0951461 
-0.508094 -0.0193393 -0.24031 -0.0889024 
0.467507 0.0428153 0.256559 -0.0585946 
0.119027 -0.681511 0.339749 -0.672246 
0.339749 -0.672246 0.282892 -0.118709 
0.282892 -0.118709 0.0805058 -0.130669 
0.0805058 -0.130669 0.119027 -0.681511 
-0.315239 -0.415475 -0.109482 -0.405003 
-0.109482 -0.405003 -0.119373 -0.142482 
-0.119373 -0.142482 -0.316792 -0.154148 
-0.316792 -0.154148 -0.315239 -0.415475 
