0 0 0 1 -0.328945 -0.175844 
0 0 6.5 1 -0.363158 0.107856 
10 0 0 1 0.0698896 -0.11075 
10 0 6.5 1 0.0485066 0.138123 
10 10 0 1 0.308107 -0.201914 
10 10 6.5 1 0.282333 0.18789 
0 10 0 1 -0.310373 -0.334345 
0 10 6.5 1 -0.368596 0.148252 
0 5 10 1 -0.38948 0.324362 
10 5 10 1 0.125874 0.327632 
0 6 0 1 -0.320227 -0.25025 
0 8 0 1 -0.315902 -0.287164 
0 8 5 1 -0.354846 0.0356805 
0 6 5 1 -0.354936 0.0375116 
0 2 2.5 1 -0.340669 -0.0792083 
0 4 2.5 1 -0.339183 -0.0922361 
0 4 5 1 -0.355008 0.0389753 
0 2 5 1 -0.355067 0.0401721 
0.5 0.5 -0.5 1 -0.302735 -0.198363 
0.5 0.5 6 1 -0.336713 0.0881757 
10.5 0.5 -0.5 1 0.0968582 -0.129763 
10.5 0.5 6 1 0.0758307 0.121295 
10.5 10.5 -0.5 1 0.354226 -0.233199 
10.5 10.5 6 1 0.329596 0.16199 
0.5 10.5 -0.5 1 -0.265205 -0.375999 
0.5 10.5 6 1 -0.322705 0.114856 
0.5 5.5 9.5 1 -0.355727 0.302286 
10.5 5.5 9.5 1 0.160893 0.309142 
0.5 6.5 -0.5 1 -0.285193 -0.281391 
0.5 8.5 -0.5 1 -0.276441 -0.322819 
0.5 8.5 4.5 1 -0.314963 0.00481314 
0.5 6.5 4.5 1 -0.319572 0.0101702 
0.5 2.5 2 1 -0.311948 -0.102773 
0.5 4.5 2 1 -0.30755 -0.118356 
0.5 4.5 4.5 1 -0.323244 0.0144371 
0.5 2.5 4.5 1 -0.326237 0.0179158 
