0.317436 -0.218092 0.362909 0.213946 
-0.310728 -0.169044 -0.316513 0.240338 
-0.155074 -0.03866 -0.151295 0.215918 
0.234281 -0.0638176 0.257146 0.199357 
0.317436 -0.218092 -0.310728 -0.169044 
-0.310728 -0.169044 -0.155074 -0.03866 
-0.155074 -0.03866 0.234281 -0.0638176 
0.234281 -0.0638176 0.317436 -0.218092 
0.362909 0.213946 0.314578 0.398033 
0.314578 0.398033 0.257146 0.199357 
-0.316513 0.240338 -0.212983 0.409829 
-0.212983 0.409829 -0.151295 0.215918 
0.314578 0.398033 -0.212983 0.409829 
0.362909 0.213946 -0.316513 0.240338 
0.257146 0.199357 -0.151295 0.215918 
0.258341 -0.108455 0.245296 -0.0842521 
0.245296 -0.0842521 0.26466 0.132703 
0.26466 0.132703 0.280146 0.128322 
0.280146 0.128322 0.258341 -0.108455 
0.307356 -0.0322823 0.286188 -0.0103901 
0.286188 -0.0103901 0.298932 0.123006 
0.298932 0.123006 0.322198 0.116423 
0.322198 0.116423 0.307356 -0.0322823 
