0 0 0 1 -0.264494 0.0336736 
0 0 6.5 1 -0.279396 0.311234 
10 0 0 1 0.132004 0.0438353 
10 0 6.5 1 0.138808 0.304659 
10 10 0 1 0.30693 -0.050746 
10 10 6.5 1 0.333233 0.370667 
0 10 0 1 -0.332098 -0.0774417 
0 10 6.5 1 -0.364244 0.389519 
0 5 10 1 -0.322956 0.548661 
10 5 10 1 0.219905 0.521128 
0 6 0 1 -0.296609 -0.0191106 
0 8 0 1 -0.312291 -0.044886 
0 8 5 1 -0.332235 0.265144 
0 6 5 1 -0.313474 0.258268 
0 2 2.5 1 -0.279583 0.131083 
0 4 2.5 1 -0.290977 0.124167 
0 4 5 1 -0.298431 0.252754 
0 2 5 1 -0.286101 0.248235 
0.5 0.5 -0.5 1 -0.24412 0.0103467 
0.5 0.5 6 1 -0.258069 0.290336 
10.5 0.5 -0.5 1 0.155925 0.0220262 
10.5 0.5 6 1 0.164085 0.284994 
10.5 10.5 -0.5 1 0.348753 -0.0876225 
10.5 10.5 6 1 0.379295 0.339399 
0.5 10.5 -0.5 1 -0.299484 -0.118812 
0.5 10.5 6 1 -0.329175 0.35504 
0.5 5.5 9.5 1 -0.295568 0.525298 
10.5 5.5 9.5 1 0.253953 0.49922 
0.5 6.5 -0.5 1 -0.270303 -0.0507368 
0.5 8.5 -0.5 1 -0.283166 -0.0807433 
0.5 8.5 4.5 1 -0.301626 0.233186 
0.5 6.5 4.5 1 -0.285958 0.229766 
0.5 2.5 2 1 -0.257135 0.106521 
0.5 4.5 2 1 -0.266504 0.0970867 
0.5 4.5 4.5 1 -0.273445 0.227034 
0.5 2.5 4.5 1 -0.263221 0.224802 
