0 0 0 1 0.327403 -0.584111 
0 0 6.5 1 0.292945 -0.153905 
10 0 0 1 -0.367497 -0.746233 
10 0 6.5 1 -0.343383 -0.158384 
10 10 0 1 -0.409226 -0.50726 
10 10 6.5 1 -0.392742 -0.178989 
0 10 0 1 0.036431 -0.445286 
0 10 6.5 1 0.0283605 -0.172772 
0 5 10 1 0.12443 -0.00164521 
10 5 10 1 -0.365117 0.0305882 
0 6 0 1 0.122607 -0.486401 
0 8 0 1 0.0760876 -0.464207 
0 8 5 1 0.0676962 -0.235205 
0 6 5 1 0.111448 -0.237479 
0 2 2.5 1 0.23463 -0.389918 
0 4 2.5 1 0.170328 -0.373087 
0 4 5 1 0.163087 -0.240162 
0 2 5 1 0.224955 -0.243377 
0.5 0.5 -0.5 1 0.282203 -0.614564 
0.5 0.5 6 1 0.251438 -0.185832 
10.5 0.5 -0.5 1 -0.420062 -0.785583 
10.5 0.5 6 1 -0.391001 -0.200627 
10.5 10.5 -0.5 1 -0.438333 -0.530992 
10.5 10.5 6 1 -0.420267 -0.203564 
0.5 10.5 -0.5 1 0.00954301 -0.465406 
0.5 10.5 6 1 0.0028327 -0.193459 
0.5 5.5 9.5 1 0.093825 -0.02707 
10.5 5.5 9.5 1 -0.398755 -0.000964745 
0.5 6.5 -0.5 1 0.0904942 -0.50969 
0.5 8.5 -0.5 1 0.046816 -0.485796 
0.5 8.5 4.5 1 0.0396742 -0.25733 
0.5 6.5 4.5 1 0.0808322 -0.261405 
0.5 2.5 2 1 0.195986 -0.418068 
0.5 4.5 2 1 0.135708 -0.398783 
0.5 4.5 4.5 1 0.129354 -0.266209 
0.5 2.5 4.5 1 0.187412 -0.271957 
