0.362001 -0.571083 0.337166 -0.00275737 
-0.305474 -0.450507 -0.274373 -0.0427968 
-0.0091818 -0.36479 -0.00308283 -0.0990885 
0.434547 -0.413175 0.4156 -0.0875705 
0.362001 -0.571083 -0.305474 -0.450507 
-0.305474 -0.450507 -0.0091818 -0.36479 
-0.0091818 -0.36479 0.434547 -0.413175 
0.434547 -0.413175 0.362001 -0.571083 
0.337166 -0.00275737 0.37603 0.142148 
0.37603 0.142148 0.4156 -0.0875705 
-0.274373 -0.0427968 -0.104177 0.0813648 
-0.104177 0.0813648 -0.00308283 -0.0990885 
0.37603 0.142148 -0.104177 0.0813648 
0.337166 -0.00275737 -0.274373 -0.0427968 
0.4156 -0.0875705 -0.00308283 -0.0990885 
0.414737 -0.456296 0.425589 -0.432673 
0.425589 -0.432673 0.409922 -0.154679 
0.409922 -0.154679 0.398108 -0.149221 
0.398108 -0.149221 0.414737 -0.456296 
0.374627 -0.321399 0.392213 -0.308566 
0.392213 -0.308566 0.383671 -0.14255 
0.383671 -0.14255 0.36563 -0.134215 
0.36563 -0.134215 0.374627 -0.321399 
