0 0 0 1 -0.415427 -0.464972 
0 0 6.5 1 -0.422465 -0.134919 
10 0 0 1 0.0203886 -0.37179 
10 0 6.5 1 0.000424402 -0.107753 
10 10 0 1 0.331128 -0.479043 
10 10 6.5 1 0.285564 -0.0745429 
0 10 0 1 -0.306263 -0.690993 
0 10 6.5 1 -0.325959 -0.10779 
0 5 10 1 -0.392404 0.0846508 
10 5 10 1 0.0993252 0.0672967 
0 6 0 1 -0.3654 -0.568552 
0 8 0 1 -0.339791 -0.621574 
0 8 5 1 -0.351634 -0.227093 
0 6 5 1 -0.374825 -0.220932 
0 2 2.5 1 -0.40521 -0.350009 
0 4 2.5 1 -0.389524 -0.368384 
0 4 5 1 -0.393302 -0.216023 
0 2 5 1 -0.40837 -0.212019 
0.5 0.5 -0.5 1 -0.384242 -0.49235 
0.5 0.5 6 1 -0.392645 -0.157084 
10.5 0.5 -0.5 1 0.0498697 -0.392748 
10.5 0.5 6 1 0.0287309 -0.125376 
10.5 10.5 -0.5 1 0.381716 -0.513186 
10.5 10.5 6 1 0.332917 -0.100818 
0.5 10.5 -0.5 1 -0.247882 -0.745261 
0.5 10.5 6 1 -0.27215 -0.14566 
0.5 5.5 9.5 1 -0.355141 0.0606541 
10.5 5.5 9.5 1 0.133921 0.048555 
0.5 6.5 -0.5 1 -0.322091 -0.607623 
0.5 8.5 -0.5 1 -0.290055 -0.667041 
0.5 8.5 4.5 1 -0.304528 -0.262859 
0.5 6.5 4.5 1 -0.333529 -0.252479 
0.5 2.5 2 1 -0.371466 -0.377907 
0.5 4.5 2 1 -0.35199 -0.3995 
0.5 4.5 4.5 1 -0.356545 -0.244241 
0.5 2.5 4.5 1 -0.375257 -0.237544 
