0 0 0 1 0.327132 -0.166743 
0 0 6.5 1 0.295028 0.241001 
10 0 0 1 -0.317327 -0.2603 
10 0 6.5 1 -0.370263 0.196786 
10 10 0 1 -0.263308 -0.138646 
10 10 6.5 1 -0.293521 0.131201 
0 10 0 1 0.132797 -0.088919 
0 10 6.5 1 0.110296 0.162936 
0 5 10 1 0.165951 0.364903 
10 5 10 1 -0.343223 0.343628 
0 6 0 1 0.189654 -0.111688 
0 8 0 1 0.158889 -0.0993682 
0 8 5 1 0.140511 0.109665 
0 6 5 1 0.170004 0.11614 
0 2 2.5 1 0.26004 -0.0065789 
0 4 2.5 1 0.215998 -0.0021401 
0 4 5 1 0.20538 0.123907 
0 2 5 1 0.248591 0.133395 
0.5 0.5 -0.5 1 0.286303 -0.194545 
0.5 0.5 6 1 0.25414 0.201683 
10.5 0.5 -0.5 1 -0.344201 -0.288705 
10.5 0.5 6 1 -0.396226 0.153952 
10.5 10.5 -0.5 1 -0.280371 -0.157814 
10.5 10.5 6 1 -0.310301 0.10694 
0.5 10.5 -0.5 1 0.110396 -0.107613 
0.5 10.5 6 1 0.0879568 0.139801 
0.5 5.5 9.5 1 0.136986 0.331924 
10.5 5.5 9.5 1 -0.363375 0.308073 
0.5 6.5 -0.5 1 0.162225 -0.133227 
0.5 8.5 -0.5 1 0.134219 -0.119386 
0.5 8.5 4.5 1 0.115884 0.0856747 
0.5 6.5 4.5 1 0.142613 0.0898911 
0.5 2.5 2 1 0.22486 -0.035376 
0.5 4.5 2 1 0.185163 -0.0282407 
0.5 4.5 4.5 1 0.174559 0.0949303 
0.5 2.5 4.5 1 0.213414 0.101059 
