0 0 0 1 -0.0969431 -0.409541 
0 0 6.5 1 -0.0838942 -0.141067 
10 0 0 1 0.334539 -0.4523 
10 0 6.5 1 0.326228 -0.149401 
10 10 0 1 0.369559 -0.64659 
10 10 6.5 1 0.352252 -0.113691 
0 10 0 1 -0.340137 -0.541337 
0 10 6.5 1 -0.301225 -0.106546 
0 5 10 1 -0.157536 0.0355394 
10 5 10 1 0.330374 0.0511225 
0 6 0 1 -0.213492 -0.472703 
0 8 0 1 -0.26973 -0.50318 
0 8 5 1 -0.246198 -0.200914 
0 6 5 1 -0.194888 -0.200857 
0 2 2.5 1 -0.123032 -0.311617 
0 4 2.5 1 -0.15988 -0.321568 
0 4 5 1 -0.152554 -0.20081 
0 2 5 1 -0.11703 -0.20077 
0.5 0.5 -0.5 1 -0.0859903 -0.43798 
0.5 0.5 6 1 -0.073108 -0.160555 
10.5 0.5 -0.5 1 0.361376 -0.485889 
10.5 0.5 6 1 0.35133 -0.17156 
10.5 10.5 -0.5 1 0.42048 -0.719486 
10.5 10.5 6 1 0.397364 -0.150281 
0.5 10.5 -0.5 1 -0.333911 -0.595057 
0.5 10.5 6 1 -0.293722 -0.136337 
0.5 5.5 9.5 1 -0.147129 0.0182022 
10.5 5.5 9.5 1 0.361265 0.0317669 
0.5 6.5 -0.5 1 -0.20364 -0.51252 
0.5 8.5 -0.5 1 -0.26117 -0.548971 
0.5 8.5 4.5 1 -0.23714 -0.231783 
0.5 6.5 4.5 1 -0.184832 -0.228655 
0.5 2.5 2 1 -0.112204 -0.338782 
0.5 4.5 2 1 -0.149319 -0.351588 
0.5 4.5 4.5 1 -0.141983 -0.226093 
0.5 2.5 4.5 1 -0.106239 -0.223956 
