0 0 0 1 0.279782 -0.422946 
0 0 6.5 1 0.257008 -0.0688888 
10 0 0 1 0.436147 -0.678042 
10 0 6.5 1 0.37044 0.0597677 
10 10 0 1 -0.626682 -0.627329 
10 10 6.5 1 -0.562505 0.0165642 
0 10 0 1 -0.245074 -0.414732 
0 10 6.5 1 -0.234197 -0.0837638 
0 5 10 1 0.00096827 0.0902818 
10 5 10 1 -0.122077 0.341794 
0 6 0 1 -0.0439319 -0.41788 
0 8 0 1 -0.145889 -0.416284 
0 8 5 1 -0.1421 -0.154576 
0 6 5 1 -0.0451031 -0.152617 
0 2 2.5 1 0.16265 -0.281343 
0 4 2.5 1 0.0576285 -0.281629 
0 4 5 1 0.0545061 -0.150604 
0 2 5 1 0.156834 -0.148537 
0.5 0.5 -0.5 1 0.256496 -0.458627 
0.5 0.5 6 1 0.234669 -0.0925277 
10.5 0.5 -0.5 1 0.394739 -0.773437 
10.5 0.5 6 1 0.331073 0.0185893 
10.5 10.5 -0.5 1 -0.721056 -0.706334 
10.5 10.5 6 1 -0.642388 -0.0215625 
0.5 10.5 -0.5 1 -0.280988 -0.447699 
0.5 10.5 6 1 -0.267574 -0.106235 
0.5 5.5 9.5 1 -0.0263928 0.0722608 
10.5 5.5 9.5 1 -0.180376 0.31956 
0.5 6.5 -0.5 1 -0.0752578 -0.451882 
0.5 8.5 -0.5 1 -0.179579 -0.449761 
0.5 8.5 4.5 1 -0.174015 -0.179538 
0.5 6.5 4.5 1 -0.0748799 -0.177867 
0.5 2.5 2 1 0.13704 -0.311596 
0.5 4.5 2 1 0.0294832 -0.311461 
0.5 4.5 4.5 1 0.0269965 -0.17615 
0.5 2.5 4.5 1 0.131729 -0.174384 
