0 0 0 1 -0.00855962 -0.346809 
0 0 6.5 1 -0.0205055 -0.0843426 
10 0 0 1 0.428511 -0.358099 
10 0 6.5 1 0.391918 -0.0469043 
10 10 0 1 0.404202 -0.515913 
10 10 6.5 1 0.34409 0.0271387 
0 10 0 1 -0.276775 -0.457958 
0 10 6.5 1 -0.277237 -0.047903 
0 5 10 1 -0.126272 0.0888223 
10 5 10 1 0.352056 0.173048 
0 6 0 1 -0.139515 -0.401077 
0 8 0 1 -0.201097 -0.426597 
0 8 5 1 -0.204976 -0.139071 
0 6 5 1 -0.14568 -0.140275 
0 2 2.5 1 -0.0497621 -0.250065 
0 4 2.5 1 -0.0923354 -0.258205 
0 4 5 1 -0.0960919 -0.141281 
0 2 5 1 -0.0540067 -0.142135 
0.5 0.5 -0.5 1 0.00251335 -0.372694 
0.5 0.5 6 1 -0.0102778 -0.101372 
10.5 0.5 -0.5 1 0.457916 -0.38959 
10.5 0.5 6 1 0.418482 -0.0658596 
10.5 10.5 -0.5 1 0.456069 -0.58379 
10.5 10.5 6 1 0.387491 -0.00140224 
0.5 10.5 -0.5 1 -0.272235 -0.504844 
0.5 10.5 6 1 -0.273034 -0.0727773 
0.5 5.5 9.5 1 -0.117839 0.0746789 
10.5 5.5 9.5 1 0.382926 0.159217 
0.5 6.5 -0.5 1 -0.130415 -0.436631 
0.5 8.5 -0.5 1 -0.193724 -0.467081 
0.5 8.5 4.5 1 -0.198124 -0.165579 
0.5 6.5 4.5 1 -0.137218 -0.164375 
0.5 2.5 2 1 -0.039361 -0.274365 
0.5 4.5 2 1 -0.0825415 -0.284893 
0.5 4.5 4.5 1 -0.086627 -0.163375 
0.5 2.5 4.5 1 -0.0439361 -0.162531 
