0 0 0 1 0.297656 -0.35347 
0 0 6.5 1 0.258799 -0.000945286 
10 0 0 1 0.330627 -0.624976 
10 0 6.5 1 0.249424 0.109294 
10 10 0 1 -0.611125 -0.581459 
10 10 6.5 1 -0.609544 -0.00201035 
0 10 0 1 -0.203171 -0.362492 
0 10 6.5 1 -0.218134 -0.0499835 
0 5 10 1 -0.00704527 0.140388 
10 5 10 1 -0.244061 0.355757 
0 6 0 1 -0.0178766 -0.359154 
0 8 0 1 -0.112785 -0.360863 
0 8 5 1 -0.127462 -0.112612 
0 6 5 1 -0.0359078 -0.104941 
0 2 2.5 1 0.173846 -0.219693 
0 4 2.5 1 0.0708696 -0.22498 
0 4 5 1 0.0601933 -0.09689 
0 2 5 1 0.161188 -0.0884288 
0.5 0.5 -0.5 1 0.272554 -0.389602 
0.5 0.5 6 1 0.233945 -0.0274934 
10.5 0.5 -0.5 1 0.27784 -0.717331 
10.5 0.5 6 1 0.197734 0.0596835 
10.5 10.5 -0.5 1 -0.688886 -0.650758 
10.5 10.5 6 1 -0.681599 -0.045065 
0.5 10.5 -0.5 1 -0.235625 -0.394417 
0.5 10.5 6 1 -0.249602 -0.0744093 
0.5 5.5 9.5 1 -0.0353502 0.118966 
10.5 5.5 9.5 1 -0.307021 0.323611 
0.5 6.5 -0.5 1 -0.0479435 -0.392639 
0.5 8.5 -0.5 1 -0.144124 -0.39355 
0.5 8.5 4.5 1 -0.158117 -0.139149 
0.5 6.5 4.5 1 -0.0653857 -0.131974 
0.5 2.5 2 1 0.147042 -0.251218 
0.5 4.5 2 1 0.0424881 -0.255809 
0.5 4.5 4.5 1 0.03205 -0.124434 
0.5 2.5 4.5 1 0.134558 -0.116501 
