0 0 0 1 -0.205712 -0.468872 
0 0 6.5 1 -0.139839 0.2266 
10 0 0 1 -0.275102 -0.201932 
10 0 6.5 1 -0.243326 0.143449 
10 10 0 1 0.191799 -0.209933 
10 10 6.5 1 0.222734 0.0835352 
0 10 0 1 0.591729 -0.413442 
0 10 6.5 1 0.652016 0.0993551 
0 5 10 1 0.351448 0.479585 
10 5 10 1 0.0258096 0.284327 
0 6 0 1 0.328288 -0.431753 
0 8 0 1 0.467233 -0.422095 
0 8 5 1 0.514526 -0.00726035 
0 6 5 1 0.376599 0.00733918 
0 2 2.5 1 0.0204682 -0.208023 
0 4 2.5 1 0.19667 -0.210979 
0 4 5 1 0.221448 0.0237619 
0 2 5 1 0.0456314 0.0423721 
0.5 0.5 -0.5 1 -0.166495 -0.489335 
0.5 0.5 6 1 -0.104249 0.159694 
10.5 0.5 -0.5 1 -0.2526 -0.221392 
10.5 0.5 6 1 -0.221682 0.112139 
10.5 10.5 -0.5 1 0.197687 -0.22635 
10.5 10.5 6 1 0.227778 0.0585179 
0.5 10.5 -0.5 1 0.582228 -0.431557 
0.5 10.5 6 1 0.63939 0.0555396 
0.5 5.5 9.5 1 0.354087 0.407291 
10.5 5.5 9.5 1 0.0374325 0.250936 
0.5 6.5 -0.5 1 0.33205 -0.450863 
0.5 8.5 -0.5 1 0.463647 -0.440708 
0.5 8.5 4.5 1 0.508436 -0.0476816 
0.5 6.5 4.5 1 0.377751 -0.0361294 
0.5 2.5 2 1 0.0436246 -0.243372 
0.5 4.5 2 1 0.208285 -0.244091 
0.5 4.5 4.5 1 0.231695 -0.0232185 
0.5 2.5 4.5 1 0.0673881 -0.00869424 
