0 0 0 1 0.249666 -0.0822941 
0 0 6.5 1 0.283162 0.285161 
10 0 0 1 -0.167534 -0.245082 
10 0 6.5 1 -0.157964 0.398837 
10 10 0 1 -0.564177 -0.0678429 
10 10 6.5 1 -0.587684 0.334786 
0 10 0 1 -0.128603 -0.00160133 
0 10 6.5 1 -0.122779 0.272295 
0 5 10 1 0.0585039 0.462094 
10 5 10 1 -0.435087 0.665436 
0 6 0 1 -0.00284515 -0.0284281 
0 8 0 1 -0.0690747 -0.0143 
0 8 5 1 -0.0620281 0.205039 
0 6 5 1 0.00740861 0.203182 
0 2 2.5 1 0.164171 0.0652893 
0 4 2.5 1 0.0782364 0.0757372 
0 4 5 1 0.0854995 0.201093 
0 2 5 1 0.17397 0.198726 
0.5 0.5 -0.5 1 0.209833 -0.108082 
0.5 0.5 6 1 0.240608 0.257281 
10.5 0.5 -0.5 1 -0.235313 -0.289127 
10.5 0.5 6 1 -0.23402 0.348318 
10.5 10.5 -0.5 1 -0.606661 -0.0958719 
10.5 10.5 6 1 -0.633279 0.30427 
0.5 10.5 -0.5 1 -0.158114 -0.0209243 
0.5 10.5 6 1 -0.153759 0.251822 
0.5 5.5 9.5 1 0.0215 0.437582 
10.5 5.5 9.5 1 -0.495055 0.624988 
0.5 6.5 -0.5 1 -0.0357696 -0.0499048 
0.5 8.5 -0.5 1 -0.100199 -0.034643 
0.5 8.5 4.5 1 -0.0943973 0.183726 
0.5 6.5 4.5 1 -0.0269116 0.180621 
0.5 2.5 2 1 0.126065 0.0404462 
0.5 4.5 2 1 0.0425207 0.0523987 
0.5 4.5 4.5 1 0.0489783 0.177129 
0.5 2.5 4.5 1 0.134946 0.173173 
