0 0 0 1 0.323142 -0.115183 
0 0 6.5 1 0.304494 0.301103 
10 0 0 1 -0.31893 -0.189492 
10 0 6.5 1 -0.37358 0.25983 
10 10 0 1 -0.245774 -0.0714563 
10 10 6.5 1 -0.275556 0.195994 
0 10 0 1 0.148044 -0.0311556 
0 10 6.5 1 0.13149 0.224232 
0 5 10 1 0.186549 0.433671 
10 5 10 1 -0.3339 0.411385 
0 6 0 1 0.199184 -0.0556971 
0 8 0 1 0.171504 -0.0424137 
0 8 5 1 0.158368 0.168915 
0 6 5 1 0.185583 0.174795 
0 2 2.5 1 0.265752 0.0474786 
0 4 2.5 1 0.225439 0.0532741 
0 4 5 1 0.218337 0.181871 
0 2 5 1 0.258513 0.19055 
0.5 0.5 -0.5 1 0.282012 -0.141539 
0.5 0.5 6 1 0.261984 0.260582 
10.5 0.5 -0.5 1 -0.34286 -0.215621 
10.5 0.5 6 1 -0.396907 0.217219 
10.5 10.5 -0.5 1 -0.261731 -0.0896215 
10.5 10.5 6 1 -0.291407 0.171909 
0.5 10.5 -0.5 1 0.125544 -0.0492088 
0.5 10.5 6 1 0.108648 0.20078 
0.5 5.5 9.5 1 0.156371 0.399004 
10.5 5.5 9.5 1 -0.352696 0.37502 
0.5 6.5 -0.5 1 0.171611 -0.0763924 
0.5 8.5 -0.5 1 0.146715 -0.0617014 
0.5 8.5 4.5 1 0.133249 0.144826 
0.5 6.5 4.5 1 0.157586 0.148398 
0.5 2.5 2 1 0.229973 0.0191942 
0.5 4.5 2 1 0.194137 0.027617 
0.5 4.5 4.5 1 0.186755 0.15268 
0.5 2.5 4.5 1 0.222355 0.157905 
