0 0 0 1 -0.140151 -0.36959 
0 0 6.5 1 -0.117033 -0.105965 
10 0 0 1 0.278589 -0.421958 
10 0 6.5 1 0.287885 -0.133297 
10 10 0 1 0.334333 -0.622463 
10 10 6.5 1 0.346543 -0.119111 
0 10 0 1 -0.362021 -0.508853 
0 10 6.5 1 -0.312415 -0.07698 
0 5 10 1 -0.175756 0.070059 
10 5 10 1 0.314985 0.055406 
0 6 0 1 -0.24598 -0.436017 
0 8 0 1 -0.297373 -0.468275 
0 8 5 1 -0.26547 -0.170242 
0 6 5 1 -0.219031 -0.168595 
0 2 2.5 1 -0.159144 -0.275396 
0 4 2.5 1 -0.19236 -0.286539 
0 4 5 1 -0.180952 -0.167244 
0 2 5 1 -0.149163 -0.166116 
0.5 0.5 -0.5 1 -0.129256 -0.397987 
0.5 0.5 6 1 -0.10592 -0.126418 
10.5 0.5 -0.5 1 0.302988 -0.454575 
10.5 0.5 6 1 0.3116 -0.156373 
10.5 10.5 -0.5 1 0.380901 -0.691428 
10.5 10.5 6 1 0.390575 -0.158416 
0.5 10.5 -0.5 1 -0.353908 -0.562751 
0.5 10.5 6 1 -0.302644 -0.109171 
0.5 5.5 9.5 1 -0.164158 0.0508784 
10.5 5.5 9.5 1 0.345247 0.0335746 
0.5 6.5 -0.5 1 -0.235419 -0.475849 
0.5 8.5 -0.5 1 -0.287625 -0.514137 
0.5 8.5 4.5 1 -0.254883 -0.202751 
0.5 6.5 4.5 1 -0.207919 -0.19772 
0.5 2.5 2 1 -0.148031 -0.30306 
0.5 4.5 2 1 -0.181259 -0.317169 
0.5 4.5 4.5 1 -0.169675 -0.193622 
0.5 2.5 4.5 1 -0.13793 -0.190221 
