0.241229 -0.393392 0.267793 -0.00934232 
-0.355279 -0.50008 -0.28642 0.0934544 
-0.529418 -0.293485 -0.484113 0.0496526 
-0.0818417 -0.271318 -0.0567917 -0.0104294 
0.241229 -0.393392 -0.355279 -0.50008 
-0.355279 -0.50008 -0.529418 -0.293485 
-0.529418 -0.293485 -0.0818417 -0.271318 
-0.0818417 -0.271318 0.241229 -0.393392 
0.267793 -0.00934232 0.0889731 0.150952 
0.0889731 0.150952 -0.0567917 -0.0104294 
-0.28642 0.0934544 -0.382956 0.287668 
-0.382956 0.287668 -0.484113 0.0496526 
0.0889731 0.150952 -0.382956 0.287668 
0.267793 -0.00934232 -0.28642 0.0934544 
-0.0567917 -0.0104294 -0.484113 0.0496526 
0.0188562 -0.309367 -0.034944 -0.289039 
-0.034944 -0.289039 -0.0150938 -0.0734799 
-0.0150938 -0.0734799 0.0391342 -0.0778616 
0.0391342 -0.0778616 0.0188562 -0.309367 
0.164797 -0.223197 0.0916088 -0.206654 
0.0916088 -0.206654 0.101804 -0.0829255 
0.101804 -0.0829255 0.175054 -0.0888442 
0.175054 -0.0888442 0.164797 -0.223197 
