0.34535 -0.445847 0.297998 -0.0323753 
-0.328779 -0.586323 -0.344292 -0.0616406 
-0.33377 -0.401755 -0.342657 -0.10177 
0.0882505 -0.338051 0.0665543 -0.078048 
0.34535 -0.445847 -0.328779 -0.586323 
-0.328779 -0.586323 -0.33377 -0.401755 
-0.33377 -0.401755 0.0882505 -0.338051 
0.0882505 -0.338051 0.34535 -0.445847 
0.297998 -0.0323753 0.141233 0.101196 
0.141233 0.101196 0.0665543 -0.078048 
-0.344292 -0.0616406 -0.34891 0.103881 
-0.34891 0.103881 -0.342657 -0.10177 
0.141233 0.101196 -0.34891 0.103881 
0.297998 -0.0323753 -0.344292 -0.0616406 
0.0665543 -0.078048 -0.342657 -0.10177 
0.163873 -0.369757 0.122996 -0.352619 
0.122996 -0.352619 0.103894 -0.134792 
0.103894 -0.134792 0.141911 -0.132777 
0.141911 -0.132777 0.163873 -0.369757 
0.256416 -0.268626 0.199638 -0.258134 
0.199638 -0.258134 0.187043 -0.130384 
0.187043 -0.130384 0.241495 -0.127497 
0.241495 -0.127497 0.256416 -0.268626 
