-0.550379 -0.456948 -0.598555 0.134279 
-0.212314 -0.246437 -0.240939 0.0643372 
0.282062 -0.213298 0.246162 0.122198 
0.410579 -0.424022 0.334829 0.263611 
-0.550379 -0.456948 -0.212314 -0.246437 
-0.212314 -0.246437 0.282062 -0.213298 
0.282062 -0.213298 0.410579 -0.424022 
0.410579 -0.424022 -0.550379 -0.456948 
-0.598555 0.134279 -0.198761 0.526532 
-0.198761 0.526532 0.334829 0.263611 
-0.240939 0.0643372 -0.023817 0.26332 
-0.023817 0.26332 0.246162 0.122198 
-0.198761 0.526532 -0.023817 0.26332 
-0.598555 0.134279 -0.240939 0.0643372 
0.334829 0.263611 0.246162 0.122198 
-0.0100357 -0.438434 0.193449 -0.431462 
0.193449 -0.431462 0.140098 0.0831344 
0.140098 0.0831344 -0.0587165 0.0603373 
-0.0587165 0.0603373 -0.0100357 -0.438434 
-0.401387 -0.214553 -0.223519 -0.201283 
-0.223519 -0.201283 -0.245593 0.0389091 
-0.245593 0.0389091 -0.421575 0.0187301 
-0.421575 0.0187301 -0.401387 -0.214553 
