0.273805 -0.2095 0.24981 0.137367 
0.110171 -0.520587 0.0528929 0.149236 
-0.576446 -0.39958 -0.643904 0.0671333 
-0.171419 -0.192447 -0.20178 0.0906467 
0.273805 -0.2095 0.110171 -0.520587 
0.110171 -0.520587 -0.576446 -0.39958 
-0.576446 -0.39958 -0.171419 -0.192447 
-0.171419 -0.192447 0.273805 -0.2095 
0.24981 0.137367 -0.0147663 0.2865 
-0.0147663 0.2865 -0.20178 0.0906467 
0.0528929 0.149236 -0.397923 0.419413 
-0.397923 0.419413 -0.643904 0.0671333 
-0.0147663 0.2865 -0.397923 0.419413 
0.24981 0.137367 0.0528929 0.149236 
-0.20178 0.0906467 -0.643904 0.0671333 
-0.0141376 -0.198472 -0.0957264 -0.195347 
-0.0957264 -0.195347 -0.11838 0.0294238 
-0.11838 0.0294238 -0.0360557 0.0351658 
-0.0360557 0.0351658 -0.0141376 -0.198472 
0.159919 -0.0800541 0.0636803 -0.0814894 
0.0636803 -0.0814894 0.0530799 0.0413829 
0.0530799 0.0413829 0.149909 0.0481367 
0.149909 0.0481367 0.159919 -0.0800541 
