0.296571 -0.368041 0.259198 -0.0148348 
0.352694 -0.632079 0.271913 0.104558 
-0.615734 -0.591664 -0.602217 0.000573841 
-0.209862 -0.375794 -0.220605 -0.0594819 
0.296571 -0.368041 0.352694 -0.632079 
0.352694 -0.632079 -0.615734 -0.591664 
-0.615734 -0.591664 -0.209862 -0.375794 
-0.209862 -0.375794 0.296571 -0.368041 
0.259198 -0.0148348 -0.00536946 0.128556 
-0.00536946 0.128556 -0.220605 -0.0594819 
0.271913 0.104558 -0.222461 0.353904 
-0.222461 0.353904 -0.602217 0.000573841 
-0.00536946 0.128556 -0.222461 0.353904 
0.259198 -0.0148348 0.271913 0.104558 
-0.220605 -0.0594819 -0.602217 0.000573841 
-0.0213249 -0.372907 -0.117721 -0.374383 
-0.117721 -0.374383 -0.129532 -0.123222 
-0.129532 -0.123222 -0.0369047 -0.11621 
-0.0369047 -0.11621 -0.0213249 -0.372907 
0.17315 -0.232869 0.0695981 -0.237633 
0.0695981 -0.237633 0.0599397 -0.108879 
0.0599397 -0.108879 0.161296 -0.101206 
0.161296 -0.101206 0.17315 -0.232869 
