-0.249827 0.0344044 -0.258073 0.309108 
0.145829 0.0347594 0.158381 0.295749 
0.309184 -0.0656691 0.343882 0.357654 
-0.331414 -0.0745424 -0.35313 0.386131 
-0.249827 0.0344044 0.145829 0.0347594 
0.145829 0.0347594 0.309184 -0.0656691 
0.309184 -0.0656691 -0.331414 -0.0745424 
-0.331414 -0.0745424 -0.249827 0.0344044 
-0.258073 0.309108 -0.30058 0.543077 
-0.30058 0.543077 -0.35313 0.386131 
0.158381 0.295749 0.239935 0.510724 
0.239935 0.510724 0.343882 0.357654 
-0.30058 0.543077 0.239935 0.510724 
-0.258073 0.309108 0.158381 0.295749 
-0.35313 0.386131 0.343882 0.357654 
-0.288639 -0.0174233 -0.307555 -0.0426832 
-0.307555 -0.0426832 -0.320439 0.263653 
-0.320439 0.263653 -0.29908 0.256831 
-0.29908 0.256831 -0.288639 -0.0174233 
-0.264118 0.130986 -0.277497 0.124237 
-0.277497 0.124237 -0.281929 0.251354 
-0.281929 0.251354 -0.267852 0.246858 
-0.267852 0.246858 -0.264118 0.130986 
