0 0 0 1 0.241229 -0.393392 
0 0 6.5 1 0.267793 -0.00934232 
10 0 0 1 -0.355279 -0.50008 
10 0 6.5 1 -0.28642 0.0934544 
10 10 0 1 -0.529418 -0.293485 
10 10 6.5 1 -0.484113 0.0496526 
0 10 0 1 -0.0818417 -0.271318 
0 10 6.5 1 -0.0567917 -0.0104294 
0 5 10 1 0.0889731 0.150952 
10 5 10 1 -0.382956 0.287668 
0 6 0 1 0.0188562 -0.309367 
0 8 0 1 -0.034944 -0.289039 
0 8 5 1 -0.0150938 -0.0734799 
0 6 5 1 0.0391342 -0.0778616 
0 2 2.5 1 0.164797 -0.223197 
0 4 2.5 1 0.0916088 -0.206654 
0 4 5 1 0.101804 -0.0829255 
0 2 5 1 0.175054 -0.0888442 
0.5 0.5 -0.5 1 0.19635 -0.418229 
0.5 0.5 6 1 0.224209 -0.0346202 
10.5 0.5 -0.5 1 -0.422106 -0.538187 
10.5 0.5 6 1 -0.350438 0.0542915 
10.5 10.5 -0.5 1 -0.567488 -0.316083 
10.5 10.5 6 1 -0.521258 0.0267114 
0.5 10.5 -0.5 1 -0.111647 -0.288475 
0.5 10.5 6 1 -0.0860224 -0.0277854 
0.5 5.5 9.5 1 0.0544063 0.130239 
10.5 5.5 9.5 1 -0.429203 0.258493 
0.5 6.5 -0.5 1 -0.0155788 -0.328947 
0.5 8.5 -0.5 1 -0.0668977 -0.307327 
0.5 8.5 4.5 1 -0.0465375 -0.0919473 
0.5 6.5 4.5 1 0.00529118 -0.0976485 
0.5 2.5 2 1 0.124455 -0.246144 
0.5 4.5 2 1 0.0546271 -0.227846 
0.5 4.5 4.5 1 0.0651668 -0.104235 
0.5 2.5 4.5 1 0.135121 -0.11193 
