0 0 0 1 0.374023 -0.593903 
0 0 6.5 1 0.328985 -0.00565301 
10 0 0 1 -0.286795 -0.475878 
10 0 6.5 1 -0.269116 -0.0679579 
10 10 0 1 0.023344 -0.378357 
10 10 6.5 1 0.0195969 -0.110022 
0 10 0 1 0.47524 -0.419495 
0 10 6.5 1 0.442359 -0.083486 
0 5 10 1 0.381973 0.148957 
10 5 10 1 -0.0948027 0.0655191 
0 6 0 1 0.447639 -0.467054 
0 8 0 1 0.462764 -0.440994 
0 8 5 1 0.435433 -0.153785 
0 6 5 1 0.418463 -0.149632 
0 2 2.5 1 0.38786 -0.3316 
0 4 2.5 1 0.412803 -0.315973 
0 4 5 1 0.397727 -0.144558 
0 2 5 1 0.371815 -0.138216 
0.5 0.5 -0.5 1 0.340425 -0.619062 
0.5 0.5 6 1 0.300816 -0.0547869 
10.5 0.5 -0.5 1 -0.287111 -0.497504 
10.5 0.5 6 1 -0.269981 -0.101216 
10.5 10.5 -0.5 1 0.0159874 -0.394886 
10.5 10.5 6 1 0.0126842 -0.131619 
0.5 10.5 -0.5 1 0.453002 -0.438992 
0.5 10.5 6 1 0.422363 -0.110899 
0.5 5.5 9.5 1 0.359936 0.108497 
10.5 5.5 9.5 1 -0.0998962 0.0361053 
0.5 6.5 -0.5 1 0.421806 -0.488891 
0.5 8.5 -0.5 1 0.438853 -0.461624 
0.5 8.5 4.5 1 0.413573 -0.181936 
0.5 6.5 4.5 1 0.395048 -0.180639 
0.5 2.5 2 1 0.35907 -0.363767 
0.5 4.5 2 1 0.386257 -0.345174 
0.5 4.5 4.5 1 0.37256 -0.179065 
0.5 2.5 4.5 1 0.344686 -0.177114 
