0 0 0 1 0.357821 -0.601441 
0 0 6.5 1 0.286432 0.0157751 
10 0 0 1 -0.231868 -0.448889 
10 0 6.5 1 -0.257296 -0.062453 
10 10 0 1 0.103042 -0.313023 
10 10 6.5 1 0.0775844 -0.0481972 
0 10 0 1 0.560222 -0.35328 
0 10 6.5 1 0.51181 0.00275403 
0 5 10 1 0.398851 0.236314 
10 5 10 1 -0.0731254 0.108114 
0 6 0 1 0.504053 -0.422147 
0 8 0 1 0.534739 -0.384524 
0 8 5 1 0.494519 -0.0829588 
0 6 5 1 0.460739 -0.089601 
0 2 2.5 1 0.393127 -0.313217 
0 4 2.5 1 0.442575 -0.279977 
0 4 5 1 0.419527 -0.0977047 
0 2 5 1 0.368126 -0.107812 
0.5 0.5 -0.5 1 0.335181 -0.616809 
0.5 0.5 6 1 0.26894 -0.0335165 
10.5 0.5 -0.5 1 -0.224075 -0.464402 
10.5 0.5 6 1 -0.24883 -0.0915325 
10.5 10.5 -0.5 1 0.0997029 -0.327346 
10.5 10.5 6 1 0.074971 -0.0689559 
0.5 10.5 -0.5 1 0.539765 -0.37104 
0.5 10.5 6 1 0.493613 -0.0265442 
0.5 5.5 9.5 1 0.381287 0.190811 
10.5 5.5 9.5 1 -0.0716943 0.0794327 
0.5 6.5 -0.5 1 0.481943 -0.440503 
0.5 8.5 -0.5 1 0.51343 -0.402677 
0.5 8.5 4.5 1 0.475245 -0.111843 
0.5 6.5 4.5 1 0.441005 -0.120962 
0.5 2.5 2 1 0.371786 -0.3412 
0.5 4.5 2 1 0.421255 -0.30649 
0.5 4.5 4.5 1 0.399571 -0.131996 
0.5 2.5 4.5 1 0.348406 -0.145622 
