0 0 0 1 -0.589061 -0.228408 
0 0 6.5 1 -0.653876 0.245026 
10 0 0 1 -0.189 -0.0591556 
10 0 6.5 1 -0.203625 0.229156 
10 10 0 1 0.250532 -0.1061 
10 10 6.5 1 0.264135 0.241414 
0 10 0 1 0.0848055 -0.381068 
0 10 6.5 1 0.0883431 0.276519 
0 5 10 1 -0.37677 0.611676 
10 5 10 1 0.00546878 0.421815 
0 6 0 1 -0.238166 -0.307901 
0 8 0 1 -0.0881041 -0.341896 
0 8 5 1 -0.10269 0.113557 
0 6 5 1 -0.265402 0.117818 
0 2 2.5 1 -0.506692 -0.0707656 
0 4 2.5 1 -0.387181 -0.0864676 
0 4 5 1 -0.406229 0.121506 
0 2 5 1 -0.529308 0.124729 
0.5 0.5 -0.5 1 -0.528884 -0.252588 
0.5 0.5 6 1 -0.586114 0.205801 
10.5 0.5 -0.5 1 -0.157919 -0.076619 
10.5 0.5 6 1 -0.170515 0.206087 
10.5 10.5 -0.5 1 0.279851 -0.126188 
10.5 10.5 6 1 0.295246 0.2132 
0.5 10.5 -0.5 1 0.144593 -0.409041 
0.5 10.5 6 1 0.156237 0.219675 
0.5 5.5 9.5 1 -0.301369 0.550365 
10.5 5.5 9.5 1 0.0392605 0.39215 
0.5 6.5 -0.5 1 -0.176636 -0.334418 
0.5 8.5 -0.5 1 -0.0270301 -0.369172 
0.5 8.5 4.5 1 -0.0353134 0.0681569 
0.5 6.5 4.5 1 -0.197568 0.0754525 
0.5 2.5 2 1 -0.442927 -0.101499 
0.5 4.5 2 1 -0.322823 -0.11868 
0.5 4.5 4.5 1 -0.338647 0.0817959 
0.5 2.5 4.5 1 -0.46244 0.0873621 
