0 0 0 1 0.245824 -0.151047 
0 0 6.5 1 0.287554 0.217097 
10 0 0 1 -0.244765 -0.258499 
10 0 6.5 1 -0.204389 0.361244 
10 10 0 1 -0.546723 -0.0835722 
10 10 6.5 1 -0.533966 0.290251 
0 10 0 1 -0.107212 -0.0563128 
0 10 6.5 1 -0.0867135 0.208418 
0 5 10 1 0.0850391 0.385789 
10 5 10 1 -0.398991 0.58619 
0 6 0 1 0.00725348 -0.0870288 
0 8 0 1 -0.0533783 -0.0707587 
0 8 5 1 -0.0356129 0.14363 
0 6 5 1 0.0275343 0.140835 
0 2 2.5 1 0.168189 0.00202167 
0 4 2.5 1 0.0875891 0.0146318 
0 4 5 1 0.0993985 0.137654 
0 2 5 1 0.181919 0.134001 
0.5 0.5 -0.5 1 0.203525 -0.174963 
0.5 0.5 6 1 0.243607 0.191427 
10.5 0.5 -0.5 1 -0.313017 -0.297737 
10.5 0.5 6 1 -0.277049 0.31705 
10.5 10.5 -0.5 1 -0.587531 -0.107843 
10.5 10.5 6 1 -0.576312 0.264183 
0.5 10.5 -0.5 1 -0.137088 -0.0736929 
0.5 10.5 6 1 -0.117404 0.190134 
0.5 5.5 9.5 1 0.0482588 0.363725 
10.5 5.5 9.5 1 -0.45391 0.551722 
0.5 6.5 -0.5 1 -0.026602 -0.106542 
0.5 8.5 -0.5 1 -0.0851201 -0.0891438 
0.5 8.5 4.5 1 -0.0680583 0.124471 
0.5 6.5 4.5 1 -0.00712262 0.120446 
0.5 2.5 2 1 0.128608 -0.0207838 
0.5 4.5 2 1 0.0508645 -0.006647 
0.5 4.5 4.5 1 0.0622077 0.115867 
0.5 2.5 4.5 1 0.141795 0.110611 
