0.379582 -0.608779 0.321346 -0.0066939 
-0.270276 -0.486913 -0.264761 -0.0810255 
0.0488834 -0.377196 0.037477 -0.108138 
0.505298 -0.41466 0.463435 -0.0715757 
0.379582 -0.608779 -0.270276 -0.486913 
-0.270276 -0.486913 0.0488834 -0.377196 
0.0488834 -0.377196 0.505298 -0.41466 
0.505298 -0.41466 0.379582 -0.608779 
0.321346 -0.0066939 0.387194 0.16152 
0.387194 0.16152 0.463435 -0.0715757 
-0.264761 -0.0810255 -0.0875689 0.0623165 
-0.0875689 0.0623165 0.037477 -0.108138 
0.387194 0.16152 -0.0875689 0.0623165 
0.321346 -0.0066939 -0.264761 -0.0810255 
0.463435 -0.0715757 0.037477 -0.108138 
0.470993 -0.467632 0.489789 -0.438609 
0.489789 -0.438609 0.454958 -0.145441 
0.454958 -0.145441 0.433737 -0.143522 
0.433737 -0.143522 0.470993 -0.467632 
0.396033 -0.336184 0.427128 -0.316513 
0.427128 -0.316513 0.407801 -0.141177 
0.407801 -0.141177 0.375383 -0.138246 
0.375383 -0.138246 0.396033 -0.336184 
