0.320269 -0.168936 0.356639 0.261698 
-0.310554 -0.14618 -0.329569 0.271495 
-0.171482 -0.0157681 -0.175747 0.242418 
0.218602 -0.0271008 0.234826 0.235984 
0.320269 -0.168936 -0.310554 -0.14618 
-0.310554 -0.14618 -0.171482 -0.0157681 
-0.171482 -0.0157681 0.218602 -0.0271008 
0.218602 -0.0271008 0.320269 -0.168936 
0.356639 0.261698 0.293844 0.440009 
0.293844 0.440009 0.234826 0.235984 
-0.329569 0.271495 -0.238754 0.442829 
-0.238754 0.442829 -0.175747 0.242418 
0.293844 0.440009 -0.238754 0.442829 
0.356639 0.261698 -0.329569 0.271495 
0.234826 0.235984 -0.175747 0.242418 
0.248127 -0.0682921 0.232129 -0.0459731 
0.232129 -0.0459731 0.246126 0.170603 
0.246126 0.170603 0.264227 0.16794 
0.264227 0.16794 0.248127 -0.0682921 
0.301743 0.0122763 0.276508 0.0314658 
0.276508 0.0314658 0.286159 0.164714 
0.286159 0.164714 0.313282 0.160724 
0.313282 0.160724 0.301743 0.0122763 
