0 0 0 1 -0.42843 -0.84913 
0 0 6.5 1 -0.338836 -0.0762309 
10 0 0 1 -0.301275 -0.468525 
10 0 6.5 1 -0.263837 -0.108822 
10 10 0 1 0.218572 -0.473023 
10 10 6.5 1 0.228448 -0.143309 
0 10 0 1 0.612001 -0.792252 
0 10 6.5 1 0.595867 -0.146013 
0 5 10 1 0.181182 0.211911 
10 5 10 1 0.00429892 0.0448246 
0 6 0 1 0.242122 -0.812472 
0 8 0 1 0.433674 -0.802 
0 8 5 1 0.433326 -0.277039 
0 6 5 1 0.255917 -0.268711 
0 2 2.5 1 -0.161569 -0.530972 
0 4 2.5 1 0.0514533 -0.530551 
0 4 5 1 0.0658915 -0.259789 
0 2 5 1 -0.138147 -0.25021 
0.5 0.5 -0.5 1 -0.36339 -0.869767 
0.5 0.5 6 1 -0.284776 -0.133866 
10.5 0.5 -0.5 1 -0.273624 -0.488572 
10.5 0.5 6 1 -0.23852 -0.137019 
10.5 10.5 -0.5 1 0.231122 -0.491237 
10.5 10.5 6 1 0.240191 -0.168388 
0.5 10.5 -0.5 1 0.617589 -0.812159 
0.5 10.5 6 1 0.601677 -0.191972 
0.5 5.5 9.5 1 0.205514 0.148702 
10.5 5.5 9.5 1 0.0215588 0.0148636 
0.5 6.5 -0.5 1 0.266657 -0.832768 
0.5 8.5 -0.5 1 0.448093 -0.822113 
0.5 8.5 4.5 1 0.446777 -0.31948 
0.5 6.5 4.5 1 0.27808 -0.312929 
0.5 2.5 2 1 -0.115279 -0.566545 
0.5 4.5 2 1 0.0854607 -0.564896 
0.5 4.5 4.5 1 0.0979645 -0.305935 
0.5 2.5 4.5 1 -0.0947708 -0.29845 
