-0.557988 -0.428033 -0.510296 -0.0575728 
-0.0893293 -0.37529 -0.0766869 -0.101443 
0.269262 -0.473008 0.26224 -0.0747592 
-0.324746 -0.628165 -0.270537 0.0138585 
-0.557988 -0.428033 -0.0893293 -0.37529 
-0.0893293 -0.37529 0.269262 -0.473008 
0.269262 -0.473008 -0.324746 -0.628165 
-0.324746 -0.628165 -0.557988 -0.428033 
-0.510296 -0.0575728 -0.395652 0.191484 
-0.395652 0.191484 -0.270537 0.0138585 
-0.0766869 -0.101443 0.0660205 0.0692656 
0.0660205 0.0692656 0.26224 -0.0747592 
-0.395652 0.191484 0.0660205 0.0692656 
-0.510296 -0.0575728 -0.0766869 -0.101443 
-0.270537 0.0138585 0.26224 -0.0747592 
-0.450563 -0.520208 -0.395925 -0.56709 
-0.395925 -0.56709 -0.352918 -0.126578 
-0.352918 -0.126578 -0.408504 -0.130587 
-0.408504 -0.130587 -0.450563 -0.520208 
-0.5089 -0.290172 -0.472885 -0.302932 
-0.472885 -0.302932 -0.453227 -0.133813 
-0.453227 -0.133813 -0.489987 -0.136465 
-0.489987 -0.136465 -0.5089 -0.290172 
