0 0 0 1 0.13713 -0.297738 
0 0 6.5 1 0.125316 0.347217 
10 0 0 1 -0.242793 -0.104368 
10 0 6.5 1 -0.274858 0.257359 
10 10 0 1 0.146164 -0.0217975 
10 10 6.5 1 0.141834 0.253589 
0 10 0 1 0.581159 -0.106375 
0 10 6.5 1 0.608178 0.307164 
0 5 10 1 0.434117 0.635852 
10 5 10 1 -0.0453524 0.439072 
0 6 0 1 0.447546 -0.163958 
0 8 0 1 0.519448 -0.132971 
0 8 5 1 0.537626 0.203226 
0 6 5 1 0.462386 0.199778 
0 2 2.5 1 0.26225 -0.0355414 
0 4 2.5 1 0.367461 -0.00962573 
0 4 5 1 0.372581 0.195663 
0 2 5 1 0.263529 0.190666 
0.5 0.5 -0.5 1 0.138852 -0.309199 
0.5 0.5 6 1 0.128141 0.285014 
10.5 0.5 -0.5 1 -0.226462 -0.118894 
10.5 0.5 6 1 -0.256094 0.226363 
10.5 10.5 -0.5 1 0.146661 -0.035532 
10.5 10.5 6 1 0.142496 0.23022 
0.5 10.5 -0.5 1 0.562113 -0.122659 
0.5 10.5 6 1 0.586413 0.269502 
0.5 5.5 9.5 1 0.417079 0.566902 
10.5 5.5 9.5 1 -0.0374312 0.404582 
0.5 6.5 -0.5 1 0.432545 -0.179763 
0.5 8.5 -0.5 1 0.50203 -0.149139 
0.5 8.5 4.5 1 0.518225 0.168716 
0.5 6.5 4.5 1 0.445581 0.162586 
0.5 2.5 2 1 0.255781 -0.0632825 
0.5 4.5 2 1 0.355354 -0.0364604 
0.5 4.5 4.5 1 0.359733 0.155342 
0.5 2.5 4.5 1 0.256721 0.146649 
