0 0 0 1 -0.535767 -0.573044 
0 0 6.5 1 -0.553094 0.0610934 
10 0 0 1 -0.219112 -0.337057 
10 0 6.5 1 -0.238538 -0.0144042 
10 10 0 1 0.290205 -0.304002 
10 10 6.5 1 0.252341 0.0328145 
0 10 0 1 0.491962 -0.528364 
0 10 6.5 1 0.402053 0.163035 
0 5 10 1 -0.121656 0.431094 
10 5 10 1 -0.01321 0.177117 
0 6 0 1 0.0566482 -0.547289 
0 8 0 1 0.269945 -0.538016 
0 8 5 1 0.212749 -0.00730589 
0 6 5 1 0.0115966 -0.025979 
0 2 2.5 1 -0.357699 -0.306584 
0 4 2.5 1 -0.165758 -0.293386 
0 4 5 1 -0.182202 -0.0439695 
0 2 5 1 -0.369042 -0.0613141 
0.5 0.5 -0.5 1 -0.459356 -0.598695 
0.5 0.5 6 1 -0.480713 0.0145099 
10.5 0.5 -0.5 1 -0.185959 -0.354836 
10.5 0.5 6 1 -0.206087 -0.0376757 
10.5 10.5 -0.5 1 0.314584 -0.323309 
10.5 10.5 6 1 0.276643 0.00753231 
0.5 10.5 -0.5 1 0.533247 -0.558382 
0.5 10.5 6 1 0.44408 0.108244 
0.5 5.5 9.5 1 -0.0640489 0.370834 
10.5 5.5 9.5 1 0.0151428 0.150114 
0.5 6.5 -0.5 1 0.113745 -0.575419 
0.5 8.5 -0.5 1 0.319465 -0.567064 
0.5 8.5 4.5 1 0.261957 -0.0553595 
0.5 6.5 4.5 1 0.0675478 -0.072464 
0.5 2.5 2 1 -0.2885 -0.342048 
0.5 4.5 2 1 -0.102638 -0.329994 
0.5 4.5 4.5 1 -0.120018 -0.0889664 
0.5 2.5 4.5 1 -0.301097 -0.104898 
