0 0 0 1 0.287037 -0.263688 
0 0 6.5 1 0.252745 0.0841488 
10 0 0 1 0.192092 -0.574371 
10 0 6.5 1 0.122667 0.124033 
10 10 0 1 -0.584485 -0.484906 
10 10 6.5 1 -0.637036 0.0184087 
0 10 0 1 -0.178111 -0.262047 
0 10 6.5 1 -0.207736 0.029507 
0 5 10 1 -0.0149393 0.225776 
10 5 10 1 -0.351377 0.379497 
0 6 0 1 -0.0113276 -0.262635 
0 8 0 1 -0.0975029 -0.262331 
0 8 5 1 -0.120922 -0.0306634 
0 6 5 1 -0.035422 -0.0229552 
0 2 2.5 1 0.167432 -0.134674 
0 4 2.5 1 0.0686182 -0.138928 
0 4 5 1 0.0562041 -0.0146947 
0 2 5 1 0.154639 -0.00582033 
0.5 0.5 -0.5 1 0.25914 -0.298558 
0.5 0.5 6 1 0.22425 0.0546106 
10.5 0.5 -0.5 1 0.132198 -0.655314 
10.5 0.5 6 1 0.0602842 0.0649222 
10.5 10.5 -0.5 1 -0.644873 -0.540744 
10.5 10.5 6 1 -0.698819 -0.0261881 
0.5 10.5 -0.5 1 -0.207483 -0.291191 
0.5 10.5 6 1 -0.23755 0.00409997 
0.5 5.5 9.5 1 -0.0447165 0.200854 
10.5 5.5 9.5 1 -0.416043 0.336933 
0.5 6.5 -0.5 1 -0.0404394 -0.293828 
0.5 8.5 -0.5 1 -0.126787 -0.292465 
0.5 8.5 4.5 1 -0.150565 -0.0577284 
0.5 6.5 4.5 1 -0.064915 -0.0508621 
0.5 2.5 2 1 0.138774 -0.16633 
0.5 4.5 2 1 0.0395775 -0.169497 
0.5 4.5 4.5 1 0.0269605 -0.0434967 
0.5 2.5 4.5 1 0.125766 -0.0355758 
