0.275022 -0.224731 0.242657 0.0978391 
0.548675 -0.448344 0.484107 0.195191 
-0.441378 -0.54768 -0.505947 0.0958546 
-0.22124 -0.274523 -0.253605 0.0480468 
0.275022 -0.224731 0.548675 -0.448344 
0.548675 -0.448344 -0.441378 -0.54768 
-0.441378 -0.54768 -0.22124 -0.274523 
-0.22124 -0.274523 0.275022 -0.224731 
0.242657 0.0978391 -0.0229011 0.246634 
-0.0229011 0.246634 -0.253605 0.0480468 
0.484107 0.195191 -0.0456883 0.492042 
-0.0456883 0.492042 -0.505947 0.0958546 
-0.0229011 0.246634 -0.0456883 0.492042 
0.242657 0.0978391 0.484107 0.195191 
-0.253605 0.0480468 -0.505947 0.0958546 
-0.022735 -0.254606 -0.121987 -0.264565 
-0.121987 -0.264565 -0.146883 -0.0164339 
-0.146883 -0.0164339 -0.0476311 -0.00647548 
-0.0476311 -0.00647548 -0.022735 -0.254606 
0.163321 -0.110624 0.0640692 -0.120582 
0.0640692 -0.120582 0.0516212 0.00348296 
0.0516212 0.00348296 0.150873 0.0134414 
0.150873 0.0134414 0.163321 -0.110624 
