0.25025 -0.0848839 0.268721 0.276643 
-0.0993454 -0.304316 -0.113539 0.340516 
-0.573307 -0.129029 -0.623339 0.288371 
-0.146899 -0.0185957 -0.155322 0.258408 
0.25025 -0.0848839 -0.0993454 -0.304316 
-0.0993454 -0.304316 -0.573307 -0.129029 
-0.573307 -0.129029 -0.146899 -0.0185957 
-0.146899 -0.0185957 0.25025 -0.0848839 
0.268721 0.276643 0.0281049 0.452435 
0.0281049 0.452435 -0.155322 0.258408 
-0.113539 0.340516 -0.453814 0.628923 
-0.453814 0.628923 -0.623339 0.288371 
0.0281049 0.452435 -0.453814 0.628923 
0.268721 0.276643 -0.113539 0.340516 
-0.155322 0.258408 -0.623339 0.288371 
-0.0123105 -0.0410599 -0.0828656 -0.0292835 
-0.0828656 -0.0292835 -0.0867062 0.191232 
-0.0867062 0.191232 -0.013014 0.19066 
-0.013014 0.19066 -0.0123105 -0.0410599 
0.156685 0.0570155 0.0673611 0.0649828 
0.0673611 0.0649828 0.0689827 0.190024 
0.0689827 0.190024 0.160772 0.189312 
0.160772 0.189312 0.156685 0.0570155 
