0 0 0 1 -0.283277 0.013166 
0 0 6.5 1 -0.306168 0.29278 
10 0 0 1 0.113579 0.0367851 
10 0 6.5 1 0.112392 0.295717 
10 10 0 1 0.303407 -0.0526708 
10 10 6.5 1 0.31703 0.362986 
0 10 0 1 -0.331543 -0.103949 
0 10 6.5 1 -0.375597 0.367767 
0 5 10 1 -0.349709 0.530151 
10 5 10 1 0.191929 0.510093 
0 6 0 1 -0.306159 -0.0423566 
0 8 0 1 -0.317363 -0.0695428 
0 8 5 1 -0.345524 0.243531 
0 6 5 1 -0.330585 0.237554 
0 2 2.5 1 -0.298994 0.110813 
0 4 2.5 1 -0.307593 0.103155 
0 4 5 1 -0.318624 0.232769 
0 2 5 1 -0.308832 0.228851 
0.5 0.5 -0.5 1 -0.261356 -0.00974946 
0.5 0.5 6 1 -0.28333 0.272171 
10.5 0.5 -0.5 1 0.13829 0.0158595 
10.5 0.5 6 1 0.138345 0.276774 
10.5 10.5 -0.5 1 0.346239 -0.0876669 
10.5 10.5 6 1 0.363704 0.33311 
0.5 10.5 -0.5 1 -0.29575 -0.144767 
0.5 10.5 6 1 -0.337347 0.333525 
0.5 5.5 9.5 1 -0.320285 0.506939 
10.5 5.5 9.5 1 0.226558 0.488942 
0.5 6.5 -0.5 1 -0.277593 -0.0734877 
0.5 8.5 -0.5 1 -0.285588 -0.104875 
0.5 8.5 4.5 1 -0.312279 0.211919 
0.5 6.5 4.5 1 -0.300831 0.209401 
0.5 2.5 2 1 -0.274825 0.086641 
0.5 4.5 2 1 -0.281166 0.0764841 
0.5 4.5 4.5 1 -0.291699 0.207392 
0.5 2.5 4.5 1 -0.284246 0.205752 
