0.329687 -0.195522 0.293262 0.209674 
-0.316439 -0.295848 -0.367029 0.16561 
-0.270179 -0.17049 -0.299463 0.101091 
0.127542 -0.117767 0.103505 0.133298 
0.329687 -0.195522 -0.316439 -0.295848 
-0.316439 -0.295848 -0.270179 -0.17049 
-0.270179 -0.17049 0.127542 -0.117767 
0.127542 -0.117767 0.329687 -0.195522 
0.293262 0.209674 0.160161 0.331814 
0.160161 0.331814 0.103505 0.133298 
-0.367029 0.16561 -0.34473 0.311979 
-0.34473 0.311979 -0.299463 0.101091 
0.160161 0.331814 -0.34473 0.311979 
0.293262 0.209674 -0.367029 0.16561 
0.103505 0.133298 -0.299463 0.101091 
0.186729 -0.140533 0.154709 -0.128216 
0.154709 -0.128216 0.134897 0.0804205 
0.134897 0.0804205 0.165353 0.0867864 
0.165353 0.0867864 0.186729 -0.140533 
0.259041 -0.0353217 0.213474 -0.0308936 
0.213474 -0.0308936 0.20183 0.0944107 
0.20183 0.0944107 0.246309 0.103707 
0.246309 0.103707 0.259041 -0.0353217 
