0.33747 -0.283409 0.293174 0.119609 
-0.315862 -0.399432 -0.356842 0.0786033 
-0.289226 -0.258302 -0.313527 0.0205676 
0.114966 -0.199742 0.0892802 0.0518134 
0.33747 -0.283409 -0.315862 -0.399432 
-0.315862 -0.399432 -0.289226 -0.258302 
-0.289226 -0.258302 0.114966 -0.199742 
0.114966 -0.199742 0.33747 -0.283409 
0.293174 0.119609 0.150557 0.241826 
0.150557 0.241826 0.0892802 0.0518134 
-0.356842 0.0786033 -0.345645 0.227973 
-0.345645 0.227973 -0.313527 0.0205676 
0.150557 0.241826 -0.345645 0.227973 
0.293174 0.119609 -0.356842 0.0786033 
0.0892802 0.0518134 -0.313527 0.0205676 
0.180232 -0.224283 0.144935 -0.211011 
0.144935 -0.211011 0.123301 -0.00129912 
0.123301 -0.00129912 0.156396 0.00402598 
0.156396 0.00402598 0.180232 -0.224283 
0.258705 -0.119965 0.209093 -0.114307 
0.209093 -0.114307 0.19589 0.0103807 
0.19589 0.0103807 0.243839 0.0180957 
0.243839 0.0180957 0.258705 -0.119965 
