0 0 0 1 0.0859549 -0.0708612 
0 0 6.5 1 0.072848 0.187675 
10 0 0 1 0.513276 -0.123707 
10 0 6.5 1 0.519182 0.225828 
10 10 0 1 0.27803 -0.338766 
10 10 6.5 1 0.265812 0.235471 
0 10 0 1 -0.239314 -0.186678 
0 10 6.5 1 -0.277126 0.177103 
0 5 10 1 -0.0836862 0.358444 
10 5 10 1 0.426096 0.489606 
0 6 0 1 -0.0817477 -0.130574 
0 8 0 1 -0.154569 -0.156503 
0 8 5 1 -0.177542 0.099087 
0 6 5 1 -0.100282 0.107337 
0 2 2.5 1 0.0309258 0.014486 
0 4 2.5 1 -0.0258872 0.00127396 
0 4 5 1 -0.0335368 0.114464 
0 2 5 1 0.0247033 0.120683 
0.5 0.5 -0.5 1 0.0914114 -0.0966708 
0.5 0.5 6 1 0.0781927 0.167496 
10.5 0.5 -0.5 1 0.535109 -0.160486 
10.5 0.5 6 1 0.542485 0.199418 
10.5 10.5 -0.5 1 0.301314 -0.412616 
10.5 10.5 6 1 0.290676 0.189991 
0.5 10.5 -0.5 1 -0.243084 -0.227535 
0.5 10.5 6 1 -0.282548 0.147453 
0.5 5.5 9.5 1 -0.082128 0.339297 
10.5 5.5 9.5 1 0.452536 0.467123 
0.5 6.5 -0.5 1 -0.0801915 -0.163807 
0.5 8.5 -0.5 1 -0.155273 -0.193181 
0.5 8.5 4.5 1 -0.179058 0.0695697 
0.5 6.5 4.5 1 -0.099249 0.0803029 
0.5 2.5 2 1 0.0353425 -0.0111173 
0.5 4.5 2 1 -0.0228022 -0.0264709 
0.5 4.5 4.5 1 -0.0306199 0.0895324 
0.5 2.5 4.5 1 0.0290246 0.0975537 
