0 0 0 1 0.369698 -0.585097 
0 0 6.5 1 0.332376 -0.00459871 
10 0 0 1 -0.294652 -0.466949 
10 0 6.5 1 -0.271277 -0.0588299 
10 10 0 1 0.0102517 -0.3748 
10 10 6.5 1 0.0104792 -0.107315 
0 10 0 1 0.459177 -0.418566 
0 10 6.5 1 0.431616 -0.0865391 
0 5 10 1 0.379479 0.145099 
10 5 10 1 -0.0985472 0.0704153 
0 6 0 1 0.434769 -0.463992 
0 8 0 1 0.448143 -0.439102 
0 8 5 1 0.425264 -0.155377 
0 6 5 1 0.410382 -0.150488 
0 2 2.5 1 0.382828 -0.327988 
0 4 2.5 1 0.404777 -0.313813 
0 4 5 1 0.392199 -0.144514 
0 2 5 1 0.369476 -0.137049 
0.5 0.5 -0.5 1 0.334892 -0.610396 
0.5 0.5 6 1 0.302719 -0.0530361 
10.5 0.5 -0.5 1 -0.296157 -0.488911 
10.5 0.5 6 1 -0.273424 -0.0923221 
10.5 10.5 -0.5 1 0.00230617 -0.391334 
10.5 10.5 6 1 0.00292025 -0.128837 
0.5 10.5 -0.5 1 0.436632 -0.437822 
0.5 10.5 6 1 0.411166 -0.113456 
0.5 5.5 9.5 1 0.356587 0.105388 
10.5 5.5 9.5 1 -0.104562 0.0410273 
0.5 6.5 -0.5 1 0.408439 -0.485644 
0.5 8.5 -0.5 1 0.423845 -0.459512 
0.5 8.5 4.5 1 0.402883 -0.183062 
0.5 6.5 4.5 1 0.386316 -0.181005 
0.5 2.5 2 1 0.353057 -0.359853 
0.5 4.5 2 1 0.377487 -0.342679 
0.5 4.5 4.5 1 0.366205 -0.178509 
0.5 2.5 4.5 1 0.341274 -0.175415 
