-0.211179 -0.0327329 -0.200198 0.22927 
0.18082 -0.0584833 0.206055 0.199276 
0.308338 -0.185286 0.358255 0.237032 
-0.33302 -0.145547 -0.322164 0.288321 
-0.211179 -0.0327329 0.18082 -0.0584833 
0.18082 -0.0584833 0.308338 -0.185286 
0.308338 -0.185286 -0.33302 -0.145547 
-0.33302 -0.145547 -0.211179 -0.0327329 
-0.200198 0.22927 -0.238938 0.440146 
-0.238938 0.440146 -0.322164 0.288321 
0.206055 0.199276 0.282598 0.398282 
0.282598 0.398282 0.358255 0.237032 
-0.238938 0.440146 0.282598 0.398282 
-0.200198 0.22927 0.206055 0.199276 
-0.322164 0.288321 0.358255 0.237032 
-0.269334 -0.0865787 -0.29755 -0.112705 
-0.29755 -0.112705 -0.288812 0.178624 
-0.288812 0.178624 -0.260467 0.174824 
-0.260467 0.174824 -0.269334 -0.0865787 
-0.223032 0.0591461 -0.242029 0.0512568 
-0.242029 0.0512568 -0.23756 0.171753 
-0.23756 0.171753 -0.218661 0.169219 
-0.218661 0.169219 -0.223032 0.0591461 
