0 0 0 1 0.255082 -0.123813 
0 0 6.5 1 0.255261 0.229256 
10 0 0 1 -0.0200384 -0.394025 
10 0 6.5 1 -0.0540483 0.249535 
10 10 0 1 -0.57503 -0.232585 
10 10 6.5 1 -0.64198 0.197544 
0 10 0 1 -0.160615 -0.0764364 
0 10 6.5 1 -0.181563 0.201136 
0 5 10 1 0.00208303 0.395952 
10 5 10 1 -0.447813 0.539903 
0 6 0 1 -0.0172063 -0.0927804 
0 8 0 1 -0.0920538 -0.0842502 
0 8 5 1 -0.105943 0.136106 
0 6 5 1 -0.0285964 0.137745 
0 2 2.5 1 0.152938 0.0116604 
0 4 2.5 1 0.060764 0.0160861 
0 4 5 1 0.0565133 0.139549 
0 2 5 1 0.150616 0.141543 
0.5 0.5 -0.5 1 0.221034 -0.153887 
0.5 0.5 6 1 0.218987 0.198909 
10.5 0.5 -0.5 1 -0.0843694 -0.451071 
10.5 0.5 6 1 -0.126801 0.191249 
10.5 10.5 -0.5 1 -0.621363 -0.270063 
10.5 10.5 6 1 -0.692485 0.159583 
0.5 10.5 -0.5 1 -0.188965 -0.100004 
0.5 10.5 6 1 -0.211435 0.177405 
0.5 5.5 9.5 1 -0.0317817 0.36926 
10.5 5.5 9.5 1 -0.511146 0.493805 
0.5 6.5 -0.5 1 -0.0476098 -0.118581 
0.5 8.5 -0.5 1 -0.121397 -0.108884 
0.5 8.5 4.5 1 -0.136528 0.111326 
0.5 6.5 4.5 1 -0.060336 0.111782 
0.5 2.5 2 1 0.119428 -0.0169513 
0.5 4.5 2 1 0.028523 -0.0110968 
0.5 4.5 4.5 1 0.0235357 0.112285 
0.5 2.5 4.5 1 0.11631 0.112841 
