0 0 0 1 0.367265 -0.580507 
0 0 6.5 1 0.334004 -0.00400971 
10 0 0 1 -0.298406 -0.461823 
10 0 6.5 1 -0.272333 -0.0537606 
10 10 0 1 0.0037211 -0.372062 
10 10 6.5 1 0.00592957 -0.105109 
0 10 0 1 0.451005 -0.417294 
0 10 6.5 1 0.42625 -0.0873531 
0 5 10 1 0.378286 0.143743 
10 5 10 1 -0.100427 0.0736069 
0 6 0 1 0.428156 -0.461828 
0 8 0 1 0.440675 -0.437428 
0 8 5 1 0.420145 -0.155552 
0 6 5 1 0.406296 -0.1504 
0 2 2.5 1 0.380161 -0.325936 
0 4 2.5 1 0.400637 -0.312321 
0 4 5 1 0.389373 -0.144105 
0 2 5 1 0.368226 -0.136239 
0.5 0.5 -0.5 1 0.331879 -0.605747 
0.5 0.5 6 1 0.303601 -0.0520394 
10.5 0.5 -0.5 1 -0.300496 -0.483888 
10.5 0.5 6 1 -0.275109 -0.0873303 
10.5 10.5 -0.5 1 -0.00451521 -0.388566 
10.5 10.5 6 1 -0.00195077 -0.126574 
0.5 10.5 -0.5 1 0.428307 -0.436385 
0.5 10.5 6 1 0.405561 -0.113999 
0.5 5.5 9.5 1 0.354952 0.104417 
10.5 5.5 9.5 1 -0.106898 0.0442469 
0.5 6.5 -0.5 1 0.401582 -0.483324 
0.5 8.5 -0.5 1 0.416186 -0.457675 
0.5 8.5 4.5 1 0.397495 -0.182969 
0.5 6.5 4.5 1 0.381897 -0.180632 
0.5 2.5 2 1 0.349904 -0.357566 
0.5 4.5 2 1 0.372975 -0.340954 
0.5 4.5 4.5 1 0.362961 -0.177795 
0.5 2.5 4.5 1 0.339485 -0.174278 
