0.369698 -0.585097 0.332376 -0.00459871 
-0.294652 -0.466949 -0.271277 -0.0588299 
0.0102517 -0.3748 0.0104792 -0.107315 
0.459177 -0.418566 0.431616 -0.0865391 
0.369698 -0.585097 -0.294652 -0.466949 
-0.294652 -0.466949 0.0102517 -0.3748 
0.0102517 -0.3748 0.459177 -0.418566 
0.459177 -0.418566 0.369698 -0.585097 
0.332376 -0.00459871 0.379479 0.145099 
0.379479 0.145099 0.431616 -0.0865391 
-0.271277 -0.0588299 -0.0985472 0.0704153 
-0.0985472 0.0704153 0.0104792 -0.107315 
0.379479 0.145099 -0.0985472 0.0704153 
0.332376 -0.00459871 -0.271277 -0.0588299 
0.431616 -0.0865391 0.0104792 -0.107315 
0.434769 -0.463992 0.448143 -0.439102 
0.448143 -0.439102 0.425264 -0.155377 
0.425264 -0.155377 0.410382 -0.150488 
0.410382 -0.150488 0.434769 -0.463992 
0.382828 -0.327988 0.404777 -0.313813 
0.404777 -0.313813 0.392199 -0.144514 
0.392199 -0.144514 0.369476 -0.137049 
0.369476 -0.137049 0.382828 -0.327988 
