0 0 0 1 0.350561 -0.551463 
0 0 6.5 1 0.343189 6.10004e-05 
10 0 0 1 -0.317466 -0.424824 
10 0 6.5 1 -0.278116 -0.0184552 
10 10 0 1 -0.0337369 -0.34379 
10 10 6.5 1 -0.0204509 -0.0811558 
0 10 0 1 0.401992 -0.398823 
0 10 6.5 1 0.394952 -0.0824115 
0 5 10 1 0.372074 0.143358 
10 5 10 1 -0.11156 0.101788 
0 6 0 1 0.387912 -0.440608 
0 8 0 1 0.395622 -0.417726 
0 8 5 1 0.389927 -0.148095 
0 6 5 1 0.382026 -0.142879 
0 2 2.5 1 0.363217 -0.310642 
0 4 2.5 1 0.375295 -0.298025 
0 4 5 1 0.372368 -0.136503 
0 2 5 1 0.360295 -0.128532 
0.5 0.5 -0.5 1 0.312132 -0.574787 
0.5 0.5 6 1 0.308362 -0.0448133 
10.5 0.5 -0.5 1 -0.322852 -0.446564 
10.5 0.5 6 1 -0.284429 -0.0519715 
10.5 10.5 -0.5 1 -0.043599 -0.359684 
10.5 10.5 6 1 -0.0301739 -0.102012 
0.5 10.5 -0.5 1 0.378428 -0.416396 
0.5 10.5 6 1 0.372775 -0.107173 
0.5 5.5 9.5 1 0.345963 0.106437 
10.5 5.5 9.5 1 -0.120647 0.0727751 
0.5 6.5 -0.5 1 0.360008 -0.460404 
0.5 8.5 -0.5 1 0.370069 -0.436367 
0.5 8.5 4.5 1 0.365642 -0.173518 
0.5 6.5 4.5 1 0.355631 -0.170927 
0.5 2.5 2 1 0.33022 -0.339873 
0.5 4.5 2 1 0.345512 -0.324476 
0.5 4.5 4.5 1 0.34347 -0.167781 
0.5 2.5 4.5 1 0.328384 -0.163877 
