0 0 0 1 -0.17731 -0.233955 
0 0 6.5 1 -0.151145 0.0207513 
10 0 0 1 0.221822 -0.283854 
10 0 6.5 1 0.247168 -0.0180191 
10 10 0 1 0.304074 -0.46021 
10 10 6.5 1 0.346117 -0.010749 
0 10 0 1 -0.357746 -0.366226 
0 10 6.5 1 -0.313477 0.0523179 
0 5 10 1 -0.195094 0.201724 
10 5 10 1 0.300887 0.162896 
0 6 0 1 -0.26339 -0.297057 
0 8 0 1 -0.305183 -0.327694 
0 8 5 1 -0.275217 -0.0419896 
0 6 5 1 -0.236675 -0.0406271 
0 2 2.5 1 -0.190129 -0.144796 
0 4 2.5 1 -0.217289 -0.155568 
0 4 5 1 -0.205266 -0.0395168 
0 2 5 1 -0.179177 -0.0385946 
0.5 0.5 -0.5 1 -0.165423 -0.260641 
0.5 0.5 6 1 -0.138728 -0.000103334 
10.5 0.5 -0.5 1 0.243609 -0.312886 
10.5 0.5 6 1 0.269439 -0.0406922 
10.5 10.5 -0.5 1 0.344844 -0.517233 
10.5 10.5 6 1 0.388223 -0.0492917 
0.5 10.5 -0.5 1 -0.344688 -0.415715 
0.5 10.5 6 1 -0.298873 0.0188105 
0.5 5.5 9.5 1 -0.180861 0.180806 
10.5 5.5 9.5 1 0.330496 0.139684 
0.5 6.5 -0.5 1 -0.250292 -0.334058 
0.5 8.5 -0.5 1 -0.291924 -0.370072 
0.5 8.5 4.5 1 -0.261043 -0.0747279 
0.5 6.5 4.5 1 -0.222852 -0.0698888 
0.5 2.5 2 1 -0.177545 -0.171572 
0.5 4.5 2 1 -0.204234 -0.185181 
0.5 4.5 4.5 1 -0.191918 -0.0659691 
0.5 2.5 4.5 1 -0.166351 -0.0627295 
