0.24914 -0.0957573 0.287001 0.272543 
-0.194098 -0.236463 -0.173817 0.402137 
-0.558406 -0.0604154 -0.569354 0.333522 
-0.120718 -0.0101008 -0.109237 0.261138 
0.24914 -0.0957573 -0.194098 -0.236463 
-0.194098 -0.236463 -0.558406 -0.0604154 
-0.558406 -0.0604154 -0.120718 -0.0101008 
-0.120718 -0.0101008 0.24914 -0.0957573 
0.287001 0.272543 0.0697921 0.4475 
0.0697921 0.4475 -0.109237 0.261138 
-0.173817 0.402137 -0.422698 0.655039 
-0.422698 0.655039 -0.569354 0.333522 
0.0697921 0.4475 -0.422698 0.655039 
0.287001 0.272543 -0.173817 0.402137 
-0.109237 0.261138 -0.569354 0.333522 
0.00121771 -0.0383403 -0.063125 -0.0234389 
-0.063125 -0.0234389 -0.0518709 0.19451 
-0.0518709 0.19451 0.0155363 0.192301 
0.0155363 0.192301 0.00121771 -0.0383403 
0.166693 0.0537527 0.0824433 0.0649896 
0.0824433 0.0649896 0.0916656 0.189806 
0.0916656 0.189806 0.178327 0.186967 
0.178327 0.186967 0.166693 0.0537527 
