0 0 0 1 0.314929 -0.258447 
0 0 6.5 1 0.365326 0.176446 
10 0 0 1 -0.312495 -0.190409 
10 0 6.5 1 -0.308438 0.214023 
10 10 0 1 -0.144184 -0.0618494 
10 10 6.5 1 -0.134783 0.19034 
0 10 0 1 0.245212 -0.0967944 
0 10 6.5 1 0.271947 0.166932 
0 5 10 1 0.327113 0.362507 
10 5 10 1 -0.195742 0.380112 
0 6 0 1 0.265304 -0.143382 
0 8 0 1 0.254402 -0.118103 
0 8 5 1 0.276891 0.0997268 
0 6 5 1 0.2904 0.0945467 
0 2 2.5 1 0.310488 -0.0689006 
0 4 2.5 1 0.292324 -0.045593 
0 4 5 1 0.306806 0.0882558 
0 2 5 1 0.327152 0.0804539 
0.5 0.5 -0.5 1 0.273375 -0.272061 
0.5 0.5 6 1 0.3187 0.143263 
10.5 0.5 -0.5 1 -0.327757 -0.205556 
10.5 0.5 6 1 -0.324847 0.181924 
10.5 10.5 -0.5 1 -0.157832 -0.0744896 
10.5 10.5 6 1 -0.149209 0.171018 
0.5 10.5 -0.5 1 0.221294 -0.109184 
0.5 10.5 6 1 0.246333 0.147237 
0.5 5.5 9.5 1 0.292354 0.330717 
10.5 5.5 9.5 1 -0.212147 0.34971 
0.5 6.5 -0.5 1 0.236473 -0.156655 
0.5 8.5 -0.5 1 0.228254 -0.13095 
0.5 8.5 4.5 1 0.249209 0.0804066 
0.5 6.5 4.5 1 0.25971 0.073569 
0.5 2.5 2 1 0.272837 -0.0881875 
0.5 4.5 2 1 0.259089 -0.0636845 
0.5 4.5 4.5 1 0.272387 0.0653141 
0.5 2.5 4.5 1 0.287996 0.0551504 
