-0.0471983 -0.39419 -0.047827 -0.127015 
0.390161 -0.420174 0.364317 -0.110608 
0.396686 -0.593487 0.352126 -0.0504388 
-0.305317 -0.513081 -0.286301 -0.0883763 
-0.0471983 -0.39419 0.390161 -0.420174 
0.390161 -0.420174 0.396686 -0.593487 
0.396686 -0.593487 -0.305317 -0.513081 
-0.305317 -0.513081 -0.0471983 -0.39419 
-0.047827 -0.127015 -0.138586 0.0487656 
-0.138586 0.0487656 -0.286301 -0.0883763 
0.364317 -0.110608 0.344074 0.101262 
0.344074 0.101262 0.352126 -0.0504388 
-0.138586 0.0487656 0.344074 0.101262 
-0.047827 -0.127015 0.364317 -0.110608 
-0.286301 -0.0883763 0.352126 -0.0504388 
-0.172024 -0.451685 -0.231511 -0.479085 
-0.231511 -0.479085 -0.222153 -0.182082 
-0.222153 -0.182082 -0.166472 -0.183422 
-0.166472 -0.183422 -0.172024 -0.451685 
-0.081572 -0.295461 -0.121591 -0.303999 
-0.121591 -0.303999 -0.120192 -0.184536 
-0.120192 -0.184536 -0.0811176 -0.185476 
-0.0811176 -0.185476 -0.081572 -0.295461 
