-0.586523 -0.243575 -0.66008 0.242314 
-0.193945 -0.0646211 -0.21424 0.226453 
0.253344 -0.0975495 0.259395 0.249642 
0.123913 -0.370074 0.118341 0.295732 
-0.586523 -0.243575 -0.193945 -0.0646211 
-0.193945 -0.0646211 0.253344 -0.0975495 
0.253344 -0.0975495 0.123913 -0.370074 
0.123913 -0.370074 -0.586523 -0.243575 
-0.66008 0.242314 -0.369479 0.623784 
-0.369479 0.623784 0.118341 0.295732 
-0.21424 0.226453 -0.00462214 0.424272 
-0.00462214 0.424272 0.259395 0.249642 
-0.369479 0.623784 -0.00462214 0.424272 
-0.66008 0.242314 -0.21424 0.226453 
0.118341 0.295732 0.259395 0.249642 
-0.213522 -0.309991 -0.0560479 -0.338031 
-0.0560479 -0.338031 -0.0770307 0.125173 
-0.0770307 0.125173 -0.24705 0.124195 
-0.24705 0.124195 -0.213522 -0.309991 
-0.500066 -0.0775831 -0.37309 -0.0891014 
-0.37309 -0.0891014 -0.395414 0.123341 
-0.395414 0.123341 -0.526012 0.12259 
-0.526012 0.12259 -0.500066 -0.0775831 
