0.24984 -0.0783998 0.275414 0.286285 
-0.129819 -0.273402 -0.134222 0.37253 
-0.570347 -0.0960803 -0.60983 0.315817 
-0.139345 -0.00537478 -0.141651 0.27082 
0.24984 -0.0783998 -0.129819 -0.273402 
-0.129819 -0.273402 -0.570347 -0.0960803 
-0.570347 -0.0960803 -0.139345 -0.00537478 
-0.139345 -0.00537478 0.24984 -0.0783998 
0.275414 0.286285 0.0412939 0.46365 
0.0412939 0.46365 -0.141651 0.27082 
-0.134222 0.37253 -0.448297 0.653868 
-0.448297 0.653868 -0.60983 0.315817 
0.0412939 0.46365 -0.448297 0.653868 
0.275414 0.286285 -0.134222 0.37253 
-0.141651 0.27082 -0.60983 0.315817 
-0.00851875 -0.0299224 -0.0772362 -0.0170286 
-0.0772362 -0.0170286 -0.07635 0.203319 
-0.07635 0.203319 -0.00439444 0.202095 
-0.00439444 0.202095 -0.00851875 -0.0299224 
0.159848 0.0661329 0.0718863 0.0752926 
0.0718863 0.0752926 0.0760455 0.200726 
0.0760455 0.200726 0.166565 0.199185 
0.166565 0.199185 0.159848 0.0661329 
