0 0 0 1 0.280788 -0.28111 
0 0 6.5 1 0.245808 0.0418148 
10 0 0 1 0.588728 -0.519378 
10 0 6.5 1 0.511924 0.124076 
10 10 0 1 -0.419727 -0.63595 
10 10 6.5 1 -0.472761 0.0308495 
0 10 0 1 -0.220522 -0.334688 
0 10 6.5 1 -0.249557 -0.0059832 
0 5 10 1 -0.0168609 0.190082 
10 5 10 1 -0.00656794 0.417151 
0 6 0 1 -0.0180902 -0.313053 
0 8 0 1 -0.118984 -0.323836 
0 8 5 1 -0.142327 -0.0711347 
0 6 5 1 -0.0423622 -0.061252 
0 2 2.5 1 0.168678 -0.166061 
0 4 2.5 1 0.0695087 -0.17626 
0 4 5 1 0.0569769 -0.0514312 
0 2 5 1 0.155696 -0.0416716 
0.5 0.5 -0.5 1 0.266152 -0.315795 
0.5 0.5 6 1 0.230414 0.0163491 
10.5 0.5 -0.5 1 0.576052 -0.604152 
10.5 0.5 6 1 0.495358 0.0769686 
10.5 10.5 -0.5 1 -0.491814 -0.73045 
10.5 10.5 6 1 -0.545885 -0.0231318 
0.5 10.5 -0.5 1 -0.249413 -0.371441 
0.5 10.5 6 1 -0.278864 -0.0331795 
0.5 5.5 9.5 1 -0.0394056 0.168621 
10.5 5.5 9.5 1 -0.0517549 0.386118 
0.5 6.5 -0.5 1 -0.0411707 -0.348965 
0.5 8.5 -0.5 1 -0.144951 -0.360166 
0.5 8.5 4.5 1 -0.168672 -0.100123 
0.5 6.5 4.5 1 -0.0658744 -0.0898755 
0.5 2.5 2 1 0.150992 -0.197523 
0.5 4.5 2 1 0.0490334 -0.208105 
0.5 4.5 4.5 1 0.0362624 -0.0796935 
0.5 2.5 4.5 1 0.137744 -0.0695768 
