0 0 0 1 0.333466 -0.518293 
0 0 6.5 1 0.351361 0.00683092 
10 0 0 1 -0.328951 -0.382223 
10 0 6.5 1 -0.282856 0.021426 
10 10 0 1 -0.0655593 -0.299209 
10 10 6.5 1 -0.0440945 -0.0418147 
0 10 0 1 0.356909 -0.362653 
0 10 6.5 1 0.366538 -0.0607357 
0 5 10 1 0.367217 0.156451 
10 5 10 1 -0.122409 0.142525 
0 6 0 1 0.350453 -0.405516 
0 8 0 1 0.353985 -0.382068 
0 8 5 1 0.362225 -0.125908 
0 6 5 1 0.35964 -0.122863 
0 2 2.5 1 0.346696 -0.288808 
0 4 2.5 1 0.35139 -0.273745 
0 4 5 1 0.356478 -0.119138 
0 2 5 1 0.352522 -0.114479 
0.5 0.5 -0.5 1 0.292971 -0.537941 
0.5 0.5 6 1 0.312507 -0.0340664 
10.5 0.5 -0.5 1 -0.337069 -0.402318 
10.5 0.5 6 1 -0.292145 -0.011317 
10.5 10.5 -0.5 1 -0.0767248 -0.313969 
10.5 10.5 6 1 -0.05539 -0.0617721 
0.5 10.5 -0.5 1 0.332745 -0.378184 
0.5 10.5 6 1 0.342985 -0.0834015 
0.5 5.5 9.5 1 0.338374 0.12195 
10.5 5.5 9.5 1 -0.133778 0.114032 
0.5 6.5 -0.5 1 0.321634 -0.422811 
0.5 8.5 -0.5 1 0.327697 -0.398459 
0.5 8.5 4.5 1 0.336494 -0.148965 
0.5 6.5 4.5 1 0.331485 -0.148256 
0.5 2.5 2 1 0.311519 -0.314541 
0.5 4.5 2 1 0.31991 -0.297175 
0.5 4.5 4.5 1 0.325398 -0.147393 
0.5 2.5 4.5 1 0.31784 -0.146322 
