0 0 0 1 -0.13479 -0.378655 
0 0 6.5 1 -0.112753 -0.114057 
10 0 0 1 0.286039 -0.430237 
10 0 6.5 1 0.293032 -0.139196 
10 10 0 1 0.339134 -0.631171 
10 10 6.5 1 0.347359 -0.122585 
0 10 0 1 -0.360163 -0.517488 
0 10 6.5 1 -0.311349 -0.0844798 
0 5 10 1 -0.173409 0.0620067 
10 5 10 1 0.317043 0.0510559 
0 6 0 1 -0.24233 -0.444901 
0 8 0 1 -0.294528 -0.477056 
0 8 5 1 -0.263336 -0.177918 
0 6 5 1 -0.216161 -0.176441 
0 2 2.5 1 -0.154674 -0.283836 
0 4 2.5 1 -0.188444 -0.294868 
0 4 5 1 -0.177449 -0.175229 
0 2 5 1 -0.145111 -0.174216 
0.5 0.5 -0.5 1 -0.123914 -0.407138 
0.5 0.5 6 1 -0.101705 -0.134412 
10.5 0.5 -0.5 1 0.310784 -0.463104 
10.5 0.5 6 1 0.316948 -0.162211 
10.5 10.5 -0.5 1 0.386386 -0.70104 
10.5 10.5 6 1 0.391604 -0.161682 
0.5 10.5 -0.5 1 -0.352398 -0.571577 
0.5 10.5 6 1 -0.301948 -0.116404 
0.5 5.5 9.5 1 -0.162002 0.0430596 
10.5 5.5 9.5 1 0.347408 0.0295015 
0.5 6.5 -0.5 1 -0.231915 -0.484866 
0.5 8.5 -0.5 1 -0.285007 -0.523076 
0.5 8.5 4.5 1 -0.253006 -0.210276 
0.5 6.5 4.5 1 -0.205231 -0.205447 
0.5 2.5 2 1 -0.143628 -0.311499 
0.5 4.5 2 1 -0.177451 -0.325496 
0.5 4.5 4.5 1 -0.166299 -0.201512 
0.5 2.5 4.5 1 -0.133964 -0.198244 
