0 0 0 1 -0.590918 -0.327034 
0 0 6.5 1 -0.535222 0.0510564 
10 0 0 1 -0.125368 -0.291802 
10 0 6.5 1 -0.101323 -0.0220728 
10 10 0 1 0.2443 -0.390607 
10 10 6.5 1 0.260276 -0.00949234 
0 10 0 1 -0.289348 -0.521034 
0 10 6.5 1 -0.220933 0.11972 
0 5 10 1 -0.385975 0.310355 
10 5 10 1 0.0607314 0.1431 
0 6 0 1 -0.450007 -0.417682 
0 8 0 1 -0.379669 -0.462931 
0 8 5 1 -0.32746 -0.0231304 
0 6 5 1 -0.39987 -0.0263663 
0 2 2.5 1 -0.52922 -0.188175 
0 4 2.5 1 -0.481874 -0.201249 
0 4 5 1 -0.45849 -0.0289859 
0 2 5 1 -0.506918 -0.0311501 
0.5 0.5 -0.5 1 -0.553512 -0.360879 
0.5 0.5 6 1 -0.499396 0.0202154 
10.5 0.5 -0.5 1 -0.0977009 -0.315593 
10.5 0.5 6 1 -0.0745374 -0.0443419 
10.5 10.5 -0.5 1 0.284926 -0.424697 
10.5 10.5 6 1 0.299022 -0.0405557 
0.5 10.5 -0.5 1 -0.223205 -0.580358 
0.5 10.5 6 1 -0.159609 0.0689939 
0.5 5.5 9.5 1 -0.342004 0.274222 
10.5 5.5 9.5 1 0.0917833 0.118184 
0.5 6.5 -0.5 1 -0.399399 -0.463282 
0.5 8.5 -0.5 1 -0.322323 -0.514497 
0.5 8.5 4.5 1 -0.272965 -0.0694716 
0.5 6.5 4.5 1 -0.351492 -0.0678227 
0.5 2.5 2 1 -0.488998 -0.223765 
0.5 4.5 2 1 -0.437504 -0.24038 
0.5 4.5 4.5 1 -0.414998 -0.0664892 
0.5 2.5 4.5 1 -0.467418 -0.0653885 
