0.341884 -0.343497 0.294987 0.0616058 
-0.318127 -0.468666 -0.35095 0.0240405 
-0.30335 -0.313558 -0.3229 -0.0280273 
0.106544 -0.252484 0.0813933 0.00124923 
0.341884 -0.343497 -0.318127 -0.468666 
-0.318127 -0.468666 -0.30335 -0.313558 
-0.30335 -0.313558 0.106544 -0.252484 
0.106544 -0.252484 0.341884 -0.343497 
0.294987 0.0616058 0.146881 0.186722 
0.146881 0.186722 0.0813933 0.00124923 
-0.35095 0.0240405 -0.345931 0.178054 
-0.345931 0.178054 -0.3229 -0.0280273 
0.146881 0.186722 -0.345931 0.178054 
0.294987 0.0616058 -0.35095 0.0240405 
0.0813933 0.00124923 -0.3229 -0.0280273 
0.175644 -0.279207 0.13828 -0.264758 
0.13828 -0.264758 0.116794 -0.0528227 
0.116794 -0.0528227 0.151649 -0.0485573 
0.151649 -0.0485573 0.175644 -0.279207 
0.258815 -0.175927 0.206589 -0.168781 
0.206589 -0.168781 0.193157 -0.0434777 
0.193157 -0.0434777 0.243427 -0.0373258 
0.243427 -0.0373258 0.258815 -0.175927 
