0 0 0 1 0.267114 -0.182227 
0 0 6.5 1 0.249699 0.165372 
10 0 0 1 0.0696265 -0.486068 
10 0 6.5 1 0.0189627 0.171862 
10 10 0 1 -0.574929 -0.350808 
10 10 6.5 1 -0.645434 0.101568 
0 10 0 1 -0.168705 -0.15623 
0 10 6.5 1 -0.19754 0.124112 
0 5 10 1 -0.0122563 0.319523 
10 5 10 1 -0.41705 0.449523 
0 6 0 1 -0.0158343 -0.165348 
0 8 0 1 -0.0952821 -0.160609 
0 8 5 1 -0.116196 0.0618995 
0 6 5 1 -0.0353927 0.0664132 
0 2 2.5 1 0.156579 -0.0516194 
0 4 2.5 1 0.0615995 -0.0513365 
0 4 5 1 0.0525282 0.0713244 
0 2 5 1 0.14855 0.0766881 
0.5 0.5 -0.5 1 0.236018 -0.21459 
0.5 0.5 6 1 0.217114 0.134822 
10.5 0.5 -0.5 1 0.00702627 -0.552874 
10.5 0.5 6 1 -0.0498655 0.111396 
10.5 10.5 -0.5 1 -0.62558 -0.395315 
10.5 10.5 6 1 -0.699833 0.0600715 
0.5 10.5 -0.5 1 -0.196974 -0.182229 
0.5 10.5 6 1 -0.226991 0.0992906 
0.5 5.5 9.5 1 -0.0440679 0.293041 
10.5 5.5 9.5 1 -0.48112 0.403292 
0.5 6.5 -0.5 1 -0.0452594 -0.193568 
0.5 8.5 -0.5 1 -0.124128 -0.187673 
0.5 8.5 4.5 1 -0.145988 0.0357947 
0.5 6.5 4.5 1 -0.0658087 0.0392343 
0.5 2.5 2 1 0.125485 -0.0818798 
0.5 4.5 2 1 0.0310901 -0.0802705 
0.5 4.5 4.5 1 0.0214912 0.0429793 
0.5 2.5 4.5 1 0.116905 0.0470724 
