0.281513 -0.501575 0.227356 0.107591 
-0.224272 -0.323016 -0.263805 0.0408018 
0.124755 -0.192577 0.100151 0.0689148 
0.571361 -0.24763 0.543264 0.120394 
0.281513 -0.501575 -0.224272 -0.323016 
-0.224272 -0.323016 0.124755 -0.192577 
0.124755 -0.192577 0.571361 -0.24763 
0.571361 -0.24763 0.281513 -0.501575 
0.227356 0.107591 0.40445 0.369783 
0.40445 0.369783 0.543264 0.120394 
-0.263805 0.0408018 -0.0683055 0.224143 
-0.0683055 0.224143 0.100151 0.0689148 
0.40445 0.369783 -0.0683055 0.224143 
0.227356 0.107591 -0.263805 0.0408018 
0.543264 0.120394 0.100151 0.0689148 
0.488169 -0.320517 0.533344 -0.280938 
0.533344 -0.280938 0.50946 0.0253611 
0.50946 0.0253611 0.461396 0.0144755 
0.461396 0.0144755 0.488169 -0.320517 
0.348964 -0.222816 0.41851 -0.184885 
0.41851 -0.184885 0.403191 0.00129315 
0.403191 0.00129315 0.331258 -0.0149984 
0.331258 -0.0149984 0.348964 -0.222816 
