0.241553 -0.44346 0.198442 0.16756 
-0.228361 -0.258554 -0.268906 0.100651 
0.129612 -0.138118 0.108864 0.125049 
0.571775 -0.200814 0.557241 0.176159 
0.241553 -0.44346 -0.228361 -0.258554 
-0.228361 -0.258554 0.129612 -0.138118 
0.129612 -0.138118 0.571775 -0.200814 
0.571775 -0.200814 0.241553 -0.44346 
0.198442 0.16756 0.408681 0.441132 
0.408681 0.441132 0.557241 0.176159 
-0.268906 0.100651 -0.0657493 0.285515 
-0.0657493 0.285515 0.108864 0.125049 
0.408681 0.441132 -0.0657493 0.285515 
0.198442 0.16756 -0.268906 0.100651 
0.557241 0.176159 0.108864 0.125049 
0.475589 -0.271491 0.527677 -0.233217 
0.527677 -0.233217 0.51437 0.0781104 
0.51437 0.0781104 0.459399 0.0677262 
0.459399 0.0677262 0.475589 -0.271491 
0.32443 -0.170749 0.403279 -0.134273 
0.403279 -0.134273 0.393095 0.055201 
0.393095 0.055201 0.31155 0.0397966 
0.31155 0.0397966 0.32443 -0.170749 
