-0.517315 -0.485168 -0.485015 -0.121586 
-0.0525802 -0.413299 -0.0516694 -0.138108 
0.295045 -0.514955 0.270362 -0.106381 
-0.330875 -0.701812 -0.297343 -0.0621228 
-0.517315 -0.485168 -0.0525802 -0.413299 
-0.0525802 -0.413299 0.295045 -0.514955 
0.295045 -0.514955 -0.330875 -0.701812 
-0.330875 -0.701812 -0.517315 -0.485168 
-0.485015 -0.121586 -0.398805 0.119212 
-0.398805 0.119212 -0.297343 -0.0621228 
-0.0516694 -0.138108 0.075767 0.0358194 
0.075767 0.0358194 0.270362 -0.106381 
-0.398805 0.119212 0.075767 0.0358194 
-0.485015 -0.121586 -0.0516694 -0.138108 
-0.297343 -0.0621228 0.270362 -0.106381 
-0.432061 -0.584234 -0.388298 -0.635087 
-0.388298 -0.635087 -0.360609 -0.197903 
-0.360609 -0.197903 -0.404387 -0.198968 
-0.404387 -0.198968 -0.432061 -0.584234 
-0.480867 -0.351611 -0.452543 -0.366431 
-0.452543 -0.366431 -0.439442 -0.199821 
-0.439442 -0.199821 -0.468145 -0.200519 
-0.468145 -0.200519 -0.480867 -0.351611 
