0 0 0 1 0.249648 -0.442917 
0 0 6.5 1 0.249503 -0.0955228 
10 0 0 1 0.487907 -0.731186 
10 0 6.5 1 0.460162 -0.0102682 
10 10 0 1 -0.608266 -0.658722 
10 10 6.5 1 -0.513572 0.0257517 
0 10 0 1 -0.277834 -0.413917 
0 10 6.5 1 -0.247892 -0.0752333 
0 5 10 1 0.00574344 0.0835319 
10 5 10 1 -0.0202363 0.324304 
0 6 0 1 -0.0695919 -0.425366 
0 8 0 1 -0.174164 -0.419616 
0 8 5 1 -0.155356 -0.15427 
0 6 5 1 -0.0553935 -0.15866 
0 2 2.5 1 0.144726 -0.299167 
0 4 2.5 1 0.0407567 -0.29404 
0 4 5 1 0.045402 -0.163087 
0 2 5 1 0.147041 -0.167551 
0.5 0.5 -0.5 1 0.227702 -0.47769 
0.5 0.5 6 1 0.228867 -0.118138 
10.5 0.5 -0.5 1 0.456062 -0.826453 
10.5 0.5 6 1 0.430565 -0.0513091 
10.5 10.5 -0.5 1 -0.708903 -0.744846 
10.5 10.5 6 1 -0.597075 -0.0115397 
0.5 10.5 -0.5 1 -0.315204 -0.447044 
0.5 10.5 6 1 -0.282221 -0.0968003 
0.5 5.5 9.5 1 -0.0208213 0.0668263 
10.5 5.5 9.5 1 -0.0735565 0.304744 
0.5 6.5 -0.5 1 -0.100959 -0.459138 
0.5 8.5 -0.5 1 -0.208559 -0.453064 
0.5 8.5 4.5 1 -0.187628 -0.178511 
0.5 6.5 4.5 1 -0.0849017 -0.183132 
0.5 2.5 2 1 0.120254 -0.32865 
0.5 4.5 2 1 0.013289 -0.32324 
0.5 4.5 4.5 1 0.0187059 -0.187793 
0.5 2.5 4.5 1 0.123206 -0.192493 
