-0.580771 -0.281887 -0.663494 0.231606 
-0.202334 -0.0904649 -0.231403 0.205667 
0.259505 -0.0961834 0.250126 0.249078 
0.203867 -0.352298 0.178496 0.329795 
-0.580771 -0.281887 -0.202334 -0.0904649 
-0.202334 -0.0904649 0.259505 -0.0961834 
0.259505 -0.0961834 0.203867 -0.352298 
0.203867 -0.352298 -0.580771 -0.281887 
-0.663494 0.231606 -0.343324 0.636649 
-0.343324 0.636649 0.178496 0.329795 
-0.231403 0.205667 -0.021263 0.410674 
-0.021263 0.410674 0.250126 0.249078 
-0.343324 0.636649 -0.021263 0.410674 
-0.663494 0.231606 -0.231403 0.205667 
0.178496 0.329795 0.250126 0.249078 
-0.16185 -0.31948 0.0103492 -0.334932 
0.0103492 -0.334932 -0.0223648 0.146057 
-0.0223648 0.146057 -0.205085 0.134218 
-0.205085 0.134218 -0.16185 -0.31948 
-0.482897 -0.0958231 -0.3409 -0.0980577 
-0.3409 -0.0980577 -0.367424 0.123699 
-0.367424 0.123699 -0.512613 0.114292 
-0.512613 0.114292 -0.482897 -0.0958231 
