0.248811 -0.102351 0.28778 0.266031 
-0.202714 -0.236364 -0.178907 0.399728 
-0.556388 -0.0607437 -0.563177 0.330011 
-0.118219 -0.0151415 -0.104995 0.255073 
0.248811 -0.102351 -0.202714 -0.236364 
-0.202714 -0.236364 -0.556388 -0.0607437 
-0.556388 -0.0607437 -0.118219 -0.0151415 
-0.118219 -0.0151415 0.248811 -0.102351 
0.28778 0.266031 0.0730729 0.440092 
0.0730729 0.440092 -0.104995 0.255073 
-0.178907 0.399728 -0.418442 0.64784 
-0.418442 0.64784 -0.563177 0.330011 
0.0730729 0.440092 -0.418442 0.64784 
0.28778 0.266031 -0.178907 0.399728 
-0.104995 0.255073 -0.563177 0.330011 
0.00244685 -0.0438129 -0.0612671 -0.0286739 
-0.0612671 -0.0286739 -0.0487317 0.188717 
-0.0487317 0.188717 0.0179781 0.186405 
0.0179781 0.186405 0.00244685 -0.0438129 
0.167297 0.0477517 0.0836365 0.0592288 
0.0836365 0.0592288 0.0934214 0.18379 
0.0934214 0.18379 0.179433 0.180809 
0.179433 0.180809 0.167297 0.0477517 
