0 0 0 1 0.316258 -0.456677 
0 0 6.5 1 0.359778 0.0308974 
10 0 0 1 -0.331155 -0.321291 
10 0 6.5 1 -0.2881 0.0784629 
10 10 0 1 -0.0970473 -0.223209 
10 10 6.5 1 -0.0715562 0.0280974 
0 10 0 1 0.308499 -0.2894 
0 10 6.5 1 0.333974 -0.00600469 
0 5 10 1 0.360527 0.197652 
10 5 10 1 -0.138252 0.211543 
0 6 0 1 0.310664 -0.336081 
0 8 0 1 0.309482 -0.310604 
0 8 5 1 0.330893 -0.0722045 
0 6 5 1 0.334208 -0.0736455 
0 2 2.5 1 0.328692 -0.241212 
0 4 2.5 1 0.325239 -0.220741 
0 4 5 1 0.338261 -0.0754069 
0 2 5 1 0.343326 -0.0776088 
0.5 0.5 -0.5 1 0.274678 -0.471374 
0.5 0.5 6 1 0.316851 -0.00475252 
10.5 0.5 -0.5 1 -0.342024 -0.338375 
10.5 0.5 6 1 -0.3004 0.0471857 
10.5 10.5 -0.5 1 -0.10938 -0.23635 
10.5 10.5 6 1 -0.0843901 0.00927247 
0.5 10.5 -0.5 1 0.284104 -0.302441 
0.5 10.5 6 1 0.309111 -0.0262536 
0.5 5.5 9.5 1 0.328653 0.165835 
10.5 5.5 9.5 1 -0.151982 0.183553 
0.5 6.5 -0.5 1 0.281438 -0.350219 
0.5 8.5 -0.5 1 0.28289 -0.324205 
0.5 8.5 4.5 1 0.303872 -0.092421 
0.5 6.5 4.5 1 0.304464 -0.0957776 
0.5 2.5 2 1 0.291842 -0.26235 
0.5 4.5 2 1 0.292479 -0.240302 
0.5 4.5 4.5 1 0.305185 -0.099855 
0.5 2.5 4.5 1 0.306078 -0.104913 
