0.267632 -0.551663 0.269825 -0.138086 
-0.394879 -0.695277 -0.329398 -0.0853686 
-0.501655 -0.450561 -0.457563 -0.107934 
-0.0454178 -0.409117 -0.0302857 -0.138582 
0.267632 -0.551663 -0.394879 -0.695277 
-0.394879 -0.695277 -0.501655 -0.450561 
-0.501655 -0.450561 -0.0454178 -0.409117 
-0.0454178 -0.409117 0.267632 -0.551663 
0.269825 -0.138086 0.0958148 0.0239638 
0.0958148 0.0239638 -0.0302857 -0.138582 
-0.329398 -0.0853686 -0.384706 0.112337 
-0.384706 0.112337 -0.457563 -0.107934 
0.0958148 0.0239638 -0.384706 0.112337 
0.269825 -0.138086 -0.329398 -0.0853686 
-0.0302857 -0.138582 -0.457563 -0.107934 
0.0496387 -0.452401 -0.0014222 -0.42915 
-0.0014222 -0.42915 0.00957936 -0.203144 
0.00957936 -0.203144 0.0594898 -0.208047 
0.0594898 -0.208047 0.0496387 -0.452401 
0.183914 -0.362936 0.113768 -0.343859 
0.113768 -0.343859 0.117745 -0.213771 
0.117745 -0.213771 0.18663 -0.220538 
0.18663 -0.220538 0.183914 -0.362936 
