0.0715814 -0.110921 0.050387 0.144593 
0.500874 -0.138894 0.486548 0.19838 
0.31989 -0.34276 0.285391 0.224606 
-0.237792 -0.232081 -0.279648 0.136714 
0.0715814 -0.110921 0.500874 -0.138894 
0.500874 -0.138894 0.31989 -0.34276 
0.31989 -0.34276 -0.237792 -0.232081 
-0.237792 -0.232081 0.0715814 -0.110921 
0.050387 0.144593 -0.099965 0.311223 
-0.099965 0.311223 -0.279648 0.136714 
0.486548 0.19838 0.400538 0.450307 
0.400538 0.450307 0.285391 0.224606 
-0.099965 0.311223 0.400538 0.450307 
0.050387 0.144593 0.486548 0.19838 
-0.279648 0.136714 0.285391 0.224606 
-0.0860263 -0.172645 -0.155715 -0.199937 
-0.155715 -0.199937 -0.182957 0.0587184 
-0.182957 0.0587184 -0.10958 0.0666682 
-0.10958 0.0666682 -0.0860263 -0.172645 
0.0169252 -0.0257253 -0.0363101 -0.0390157 
-0.0363101 -0.0390157 -0.046718 0.0734788 
-0.046718 0.0734788 0.00773801 0.0793787 
0.00773801 0.0793787 0.0169252 -0.0257253 
