0 0 0 1 0.33266 -0.228261 
0 0 6.5 1 0.292573 0.175263 
10 0 0 1 -0.315777 -0.335011 
10 0 6.5 1 -0.363145 0.131993 
10 10 0 1 -0.277334 -0.204487 
10 10 6.5 1 -0.305075 0.06946 
0 10 0 1 0.122532 -0.149162 
0 10 6.5 1 0.0974565 0.101641 
0 5 10 1 0.155595 0.296675 
10 5 10 1 -0.345412 0.278831 
0 6 0 1 0.184102 -0.172339 
0 8 0 1 0.150797 -0.159802 
0 8 5 1 0.129951 0.0488809 
0 6 5 1 0.161419 0.0549538 
0 2 2.5 1 0.258634 -0.0673197 
0 4 2.5 1 0.211495 -0.0626063 
0 4 5 1 0.199054 0.0622165 
0 2 5 1 0.244862 0.0710567 
0.5 0.5 -0.5 1 0.291798 -0.256833 
0.5 0.5 6 1 0.25259 0.137292 
10.5 0.5 -0.5 1 -0.345572 -0.36511 
10.5 0.5 6 1 -0.391714 0.0893517 
10.5 10.5 -0.5 1 -0.29562 -0.224414 
10.5 10.5 6 1 -0.322937 0.0451694 
0.5 10.5 -0.5 1 0.0999586 -0.168232 
0.5 10.5 6 1 0.07523 0.078908 
0.5 5.5 9.5 1 0.127217 0.265225 
10.5 5.5 9.5 1 -0.367046 0.244141 
0.5 6.5 -0.5 1 0.15652 -0.194355 
0.5 8.5 -0.5 1 0.125961 -0.180241 
0.5 8.5 4.5 1 0.105426 0.0251491 
0.5 6.5 4.5 1 0.134206 0.0290371 
0.5 2.5 2 1 0.223633 -0.0962019 
0.5 4.5 2 1 0.18074 -0.0888015 
0.5 4.5 4.5 1 0.168519 0.0336724 
0.5 2.5 4.5 1 0.210131 0.0392937 
