0 0 0 1 -0.254711 0.0355608 
0 0 6.5 1 -0.265209 0.311341 
10 0 0 1 0.141279 0.0391429 
10 0 6.5 1 0.151964 0.300194 
10 10 0 1 0.308529 -0.0591502 
10 10 6.5 1 0.340573 0.363761 
0 10 0 1 -0.331683 -0.0738911 
0 10 6.5 1 -0.356975 0.389132 
0 5 10 1 -0.308135 0.546787 
10 5 10 1 0.233461 0.515955 
0 6 0 1 -0.291311 -0.016483 
0 8 0 1 -0.30916 -0.0418641 
0 8 5 1 -0.324454 0.265836 
0 6 5 1 -0.303938 0.258929 
0 2 2.5 1 -0.269288 0.13248 
0 4 2.5 1 -0.282015 0.125712 
0 4 5 1 -0.287472 0.253385 
0 2 5 1 -0.273965 0.248837 
0.5 0.5 -0.5 1 -0.235143 0.0120276 
0.5 0.5 6 1 -0.244696 0.290347 
10.5 0.5 -0.5 1 0.164795 0.0168797 
10.5 0.5 6 1 0.176862 0.280204 
10.5 10.5 -0.5 1 0.349841 -0.097047 
10.5 10.5 6 1 0.386223 0.33184 
0.5 10.5 -0.5 1 -0.300724 -0.115587 
0.5 10.5 6 1 -0.323632 0.354617 
0.5 5.5 9.5 1 -0.281876 0.52344 
10.5 5.5 9.5 1 0.267124 0.493739 
0.5 6.5 -0.5 1 -0.266184 -0.0483755 
0.5 8.5 -0.5 1 -0.281416 -0.078015 
0.5 8.5 4.5 1 -0.29526 0.233759 
0.5 6.5 4.5 1 -0.277623 0.230302 
0.5 2.5 2 1 -0.247749 0.107743 
0.5 4.5 2 1 -0.258573 0.0984456 
0.5 4.5 4.5 1 -0.263525 0.227538 
0.5 2.5 4.5 1 -0.251998 0.225279 
