-0.571743 -0.334849 -0.650205 0.207905 
-0.207657 -0.137493 -0.240681 0.163289 
0.267246 -0.121118 0.244171 0.219994 
0.285702 -0.352872 0.239192 0.337229 
-0.571743 -0.334849 -0.207657 -0.137493 
-0.207657 -0.137493 0.267246 -0.121118 
0.267246 -0.121118 0.285702 -0.352872 
0.285702 -0.352872 -0.571743 -0.334849 
-0.650205 0.207905 -0.298274 0.620389 
-0.298274 0.620389 0.239192 0.337229 
-0.240681 0.163289 -0.0294848 0.369623 
-0.0294848 0.369623 0.244171 0.219994 
-0.298274 0.620389 -0.0294848 0.369623 
-0.650205 0.207905 -0.240681 0.163289 
0.239192 0.337229 0.244171 0.219994 
-0.105319 -0.344653 0.0806156 -0.348561 
0.0806156 -0.348561 0.0379583 0.148175 
0.0379583 0.148175 -0.153828 0.128067 
-0.153828 0.128067 -0.105319 -0.344653 
-0.457408 -0.126425 -0.300707 -0.120126 
-0.300707 -0.120126 -0.327808 0.109826 
-0.327808 0.109826 -0.486351 0.0932038 
-0.486351 0.0932038 -0.457408 -0.126425 
