0.380119 -0.61159 0.319169 -0.0065588 
-0.266124 -0.48793 -0.263714 -0.0829622 
0.0549711 -0.375082 0.0417801 -0.106061 
0.512184 -0.41201 0.468522 -0.0673644 
0.380119 -0.61159 -0.266124 -0.48793 
-0.266124 -0.48793 0.0549711 -0.375082 
0.0549711 -0.375082 0.512184 -0.41201 
0.512184 -0.41201 0.380119 -0.61159 
0.319169 -0.0065588 0.388495 0.16574 
0.388495 0.16574 0.468522 -0.0673644 
-0.263714 -0.0829622 -0.0858607 0.0630202 
-0.0858607 0.0630202 0.0417801 -0.106061 
0.388495 0.16574 -0.0858607 0.0630202 
0.319169 -0.0065588 -0.263714 -0.0829622 
0.468522 -0.0673644 0.0417801 -0.106061 
0.476127 -0.466501 0.495881 -0.436649 
0.495881 -0.436649 0.459553 -0.14223 
0.459553 -0.14223 0.437253 -0.141002 
0.437253 -0.141002 0.476127 -0.466501 
0.397524 -0.336592 0.430191 -0.315726 
0.430191 -0.315726 0.409997 -0.139501 
0.409997 -0.139501 0.375929 -0.137625 
0.375929 -0.137625 0.397524 -0.336592 
