0 0 0 1 0.313331 -0.286015 
0 0 6.5 1 0.366027 0.151994 
10 0 0 1 -0.314394 -0.20597 
10 0 6.5 1 -0.303986 0.19594 
10 10 0 1 -0.137597 -0.0794917 
10 10 6.5 1 -0.124769 0.171404 
0 10 0 1 0.252246 -0.120503 
0 10 6.5 1 0.280936 0.144019 
0 5 10 1 0.334074 0.338247 
10 5 10 1 -0.185463 0.358942 
0 6 0 1 0.269794 -0.168051 
0 8 0 1 0.260267 -0.142236 
0 8 5 1 0.284337 0.0766188 
0 6 5 1 0.296541 0.0711771 
0 2 2.5 1 0.312258 -0.0937689 
0 4 2.5 1 0.296048 -0.0698529 
0 4 5 1 0.311374 0.0645629 
0 2 5 1 0.329789 0.0563518 
0.5 0.5 -0.5 1 0.271813 -0.299007 
0.5 0.5 6 1 0.31963 0.119308 
10.5 0.5 -0.5 1 -0.329094 -0.220831 
10.5 0.5 6 1 -0.319935 0.164459 
10.5 10.5 -0.5 1 -0.151102 -0.0919133 
10.5 10.5 6 1 -0.139068 0.152415 
0.5 10.5 -0.5 1 0.228258 -0.13261 
0.5 10.5 6 1 0.255302 0.124616 
0.5 5.5 9.5 1 0.299432 0.306919 
10.5 5.5 9.5 1 -0.201648 0.329182 
0.5 6.5 -0.5 1 0.240915 -0.180964 
0.5 8.5 -0.5 1 0.234057 -0.154767 
0.5 8.5 4.5 1 0.256639 0.0576025 
0.5 6.5 4.5 1 0.26586 0.0505336 
0.5 2.5 2 1 0.274649 -0.112619 
0.5 4.5 2 1 0.262816 -0.0875671 
0.5 4.5 4.5 1 0.277001 0.041993 
0.5 2.5 4.5 1 0.29073 0.0314676 
