0.276878 -0.427429 0.256373 -0.0736245 
0.443601 -0.6846 0.381 0.0525643 
-0.626464 -0.631083 -0.557558 0.0180347 
-0.249151 -0.416792 -0.235851 -0.0845493 
0.276878 -0.427429 0.443601 -0.6846 
0.443601 -0.6846 -0.626464 -0.631083 
-0.626464 -0.631083 -0.249151 -0.416792 
-0.249151 -0.416792 0.276878 -0.427429 
0.256373 -0.0736245 0.00153103 0.0877469 
0.00153103 0.0877469 -0.235851 -0.0845493 
0.381 0.0525643 -0.110789 0.33991 
-0.110789 0.33991 -0.557558 0.0180347 
0.00153103 0.0877469 -0.110789 0.33991 
0.256373 -0.0736245 0.381 0.0525643 
-0.235851 -0.0845493 -0.557558 0.0180347 
-0.0468961 -0.420882 -0.149314 -0.418811 
-0.149314 -0.418811 -0.143695 -0.156288 
-0.143695 -0.156288 -0.046282 -0.155032 
-0.046282 -0.155032 -0.0468961 -0.420882 
0.160863 -0.285253 0.0558182 -0.284913 
0.0558182 -0.284913 0.0535531 -0.153745 
0.0535531 -0.153745 0.155902 -0.152425 
0.155902 -0.152425 0.160863 -0.285253 
