0.250548 -0.0886059 0.266501 0.271733 
-0.0887258 -0.315979 -0.106011 0.328299 
-0.573956 -0.141865 -0.627119 0.27722 
-0.149231 -0.0247598 -0.159633 0.252382 
0.250548 -0.0886059 -0.0887258 -0.315979 
-0.0887258 -0.315979 -0.573956 -0.141865 
-0.573956 -0.141865 -0.149231 -0.0247598 
-0.149231 -0.0247598 0.250548 -0.0886059 
0.266501 0.271733 0.0238597 0.446648 
0.0238597 0.446648 -0.159633 0.252382 
-0.106011 0.328299 -0.454619 0.618204 
-0.454619 0.618204 -0.627119 0.27722 
0.0238597 0.446648 -0.454619 0.618204 
0.266501 0.271733 -0.106011 0.328299 
-0.159633 0.252382 -0.627119 0.27722 
-0.0133929 -0.0464536 -0.0845571 -0.0350884 
-0.0845571 -0.0350884 -0.0899471 0.185407 
-0.0899471 0.185407 -0.015703 0.185092 
-0.015703 0.185092 -0.0133929 -0.0464536 
0.155769 0.0523721 0.066016 0.0598957 
0.066016 0.0598957 0.0667773 0.184742 
0.0667773 0.184742 0.158945 0.184352 
0.158945 0.184352 0.155769 0.0523721 
