0.338971 -0.530148 0.348783 0.00397404 
-0.326058 -0.396768 -0.281384 0.00783749 
-0.0557301 -0.315553 -0.0365616 -0.0563939 
0.371233 -0.376608 0.37562 -0.0698222 
0.338971 -0.530148 -0.326058 -0.396768 
-0.326058 -0.396768 -0.0557301 -0.315553 
-0.0557301 -0.315553 0.371233 -0.376608 
0.371233 -0.376608 0.338971 -0.530148 
0.348783 0.00397404 0.368747 0.15052 
0.368747 0.15052 0.37562 -0.0698222 
-0.281384 0.00783749 -0.11879 0.127761 
-0.11879 0.127761 -0.0365616 -0.0563939 
0.368747 0.15052 -0.11879 0.127761 
0.348783 0.00397404 -0.281384 0.00783749 
0.37562 -0.0698222 -0.0365616 -0.0563939 
0.362369 -0.418793 0.36722 -0.395707 
0.36722 -0.395707 0.371083 -0.134984 
0.371083 -0.134984 0.366811 -0.13102 
0.366811 -0.13102 0.362369 -0.418793 
0.35202 -0.297068 0.359046 -0.283108 
0.359046 -0.283108 0.361587 -0.126174 
0.361587 -0.126174 0.355054 -0.120111 
0.355054 -0.120111 0.35202 -0.297068 
