0.246523 -0.451962 0.266043 -0.0588403 
-0.373492 -0.570014 -0.303282 0.0278306 
-0.523702 -0.350233 -0.476706 -0.00806874 
-0.0727555 -0.32252 -0.0499222 -0.0588913 
0.246523 -0.451962 -0.373492 -0.570014 
-0.373492 -0.570014 -0.523702 -0.350233 
-0.523702 -0.350233 -0.0727555 -0.32252 
-0.0727555 -0.32252 0.246523 -0.451962 
0.266043 -0.0588403 0.0895404 0.101939 
0.0895404 0.101939 -0.0499222 -0.0588913 
-0.303282 0.0278306 -0.384351 0.222413 
-0.384351 0.222413 -0.476706 -0.00806874 
0.0895404 0.101939 -0.384351 0.222413 
0.266043 -0.0588403 -0.303282 0.0278306 
-0.0499222 -0.0588913 -0.476706 -0.00806874 
0.0258844 -0.36251 -0.0269139 -0.341105 
-0.0269139 -0.341105 -0.00914655 -0.122399 
-0.00914655 -0.122399 0.04356 -0.127082 
0.04356 -0.127082 0.0258844 -0.36251 
0.16823 -0.275643 0.0961393 -0.258114 
0.0961393 -0.258114 0.104673 -0.132511 
0.104673 -0.132511 0.176379 -0.138882 
0.176379 -0.138882 0.16823 -0.275643 
