0 0 0 1 0.378667 -0.605539 
0 0 6.5 1 0.323399 -0.00663569 
10 0 0 1 -0.274446 -0.485145 
10 0 6.5 1 -0.265834 -0.0785135 
10 10 0 1 0.0426493 -0.378567 
10 10 6.5 1 0.0330913 -0.109561 
0 10 0 1 0.498128 -0.416726 
0 10 6.5 1 0.458259 -0.0752892 
0 5 10 1 0.385881 0.157745 
10 5 10 1 -0.0893258 0.0622365 
0 6 0 1 0.465542 -0.46823 
0 8 0 1 0.483397 -0.44001 
0 8 5 1 0.450228 -0.148192 
0 6 5 1 0.430079 -0.14563 
0 2 2.5 1 0.394292 -0.335444 
0 4 2.5 1 0.42383 -0.316906 
0 4 5 1 0.405454 -0.1425 
0 2 5 1 0.374677 -0.138586 
0.5 0.5 -0.5 1 0.346993 -0.62984 
0.5 0.5 6 1 0.297434 -0.0564961 
10.5 0.5 -0.5 1 -0.272974 -0.505951 
10.5 0.5 6 1 -0.264748 -0.111228 
10.5 10.5 -0.5 1 0.0361783 -0.394922 
10.5 10.5 6 1 0.0271408 -0.131162 
0.5 10.5 -0.5 1 0.476331 -0.436347 
0.5 10.5 6 1 0.438874 -0.103323 
0.5 5.5 9.5 1 0.365032 0.116213 
10.5 5.5 9.5 1 -0.0930317 0.0328613 
0.5 6.5 -0.5 1 0.440459 -0.490012 
0.5 8.5 -0.5 1 0.460058 -0.460691 
0.5 8.5 4.5 1 0.429092 -0.176863 
0.5 6.5 4.5 1 0.407585 -0.177156 
0.5 2.5 2 1 0.366985 -0.367634 
0.5 4.5 2 1 0.398389 -0.346265 
0.5 4.5 4.5 1 0.381481 -0.177513 
0.5 2.5 4.5 1 0.349129 -0.177954 
