0 0 0 1 0.269531 -0.489147 
0 0 6.5 1 0.242811 -0.154117 
10 0 0 1 0.712399 -0.773898 
10 0 6.5 1 0.614754 -0.118314 
10 10 0 1 -0.337461 -0.950636 
10 10 6.5 1 -0.318666 -0.142642 
0 10 0 1 -0.255798 -0.540342 
0 10 6.5 1 -0.251752 -0.169541 
0 5 10 1 0.000688367 0.0109694 
10 5 10 1 0.167247 0.194041 
0 6 0 1 -0.0331186 -0.518641 
0 8 0 1 -0.142197 -0.529272 
0 8 5 1 -0.144623 -0.245929 
0 6 5 1 -0.0407008 -0.241177 
0 2 2.5 1 0.163936 -0.362265 
0 4 2.5 1 0.0653806 -0.369257 
0 4 5 1 0.0593548 -0.236601 
0 2 5 1 0.155756 -0.232193 
0.5 0.5 -0.5 1 0.25879 -0.52735 
0.5 0.5 6 1 0.231826 -0.178936 
10.5 0.5 -0.5 1 0.722318 -0.872272 
10.5 0.5 6 1 0.617323 -0.16369 
10.5 10.5 -0.5 1 -0.419194 -1.08918 
10.5 10.5 6 1 -0.387566 -0.199554 
0.5 10.5 -0.5 1 -0.288201 -0.584658 
0.5 10.5 6 1 -0.281875 -0.197419 
0.5 5.5 9.5 1 -0.0185779 -0.00864494 
10.5 5.5 9.5 1 0.14066 0.167855 
0.5 6.5 -0.5 1 -0.0558509 -0.560315 
0.5 8.5 -0.5 1 -0.169577 -0.572229 
0.5 8.5 4.5 1 -0.170711 -0.276442 
0.5 6.5 4.5 1 -0.06258 -0.270922 
0.5 2.5 2 1 0.149546 -0.395828 
0.5 4.5 2 1 0.0471827 -0.403732 
0.5 4.5 4.5 1 0.0413874 -0.265614 
0.5 2.5 4.5 1 0.141427 -0.260507 
