0.296826 -0.322604 0.257171 0.0282647 
0.28323 -0.610973 0.203899 0.114841 
-0.600936 -0.555294 -0.622071 -0.00292636 
-0.191711 -0.331092 -0.213856 -0.0264345 
0.296826 -0.322604 0.28323 -0.610973 
0.28323 -0.610973 -0.600936 -0.555294 
-0.600936 -0.555294 -0.191711 -0.331092 
-0.191711 -0.331092 0.296826 -0.322604 
0.257171 0.0282647 -0.0104197 0.16743 
-0.0104197 0.16743 -0.213856 -0.0264345 
0.203899 0.114841 -0.285713 0.360258 
-0.285713 0.360258 -0.622071 -0.00292636 
-0.0104197 0.16743 -0.285713 0.360258 
0.257171 0.0282647 0.203899 0.114841 
-0.213856 -0.0264345 -0.622071 -0.00292636 
-0.0131226 -0.327989 -0.104908 -0.329584 
-0.104908 -0.329584 -0.124242 -0.0874509 
-0.124242 -0.0874509 -0.0348832 -0.0790818 
-0.0348832 -0.0790818 -0.0131226 -0.327989 
0.173361 -0.191229 0.0717362 -0.196898 
0.0717362 -0.196898 0.0596456 -0.0702284 
0.0596456 -0.0702284 0.159806 -0.0608477 
0.159806 -0.0608477 0.173361 -0.191229 
