0.247879 -0.118719 0.288513 0.249628 
-0.219693 -0.240619 -0.189002 0.389536 
-0.552365 -0.065672 -0.551025 0.318421 
-0.113498 -0.0284863 -0.0970551 0.239554 
0.247879 -0.118719 -0.219693 -0.240619 
-0.219693 -0.240619 -0.552365 -0.065672 
-0.552365 -0.065672 -0.113498 -0.0284863 
-0.113498 -0.0284863 0.247879 -0.118719 
0.288513 0.249628 0.0787778 0.421655 
0.0787778 0.421655 -0.0970551 0.239554 
-0.189002 0.389536 -0.410128 0.628069 
-0.410128 0.628069 -0.551025 0.318421 
0.0787778 0.421655 -0.410128 0.628069 
0.288513 0.249628 -0.189002 0.389536 
-0.0970551 0.239554 -0.551025 0.318421 
0.00464955 -0.0579866 -0.0578147 -0.04239 
-0.0578147 -0.04239 -0.0429373 0.173802 
-0.0429373 0.173802 0.0223563 0.171295 
0.0223563 0.171295 0.00464955 -0.0579866 
0.168086 0.0325411 0.0856331 0.0444783 
0.0856331 0.0444783 0.0963905 0.168451 
0.0963905 0.168451 0.181046 0.1652 
0.181046 0.1652 0.168086 0.0325411 
