-0.584806 -0.35233 -0.529572 0.0234251 
-0.117951 -0.314391 -0.0961132 -0.0437394 
0.249109 -0.412212 0.259717 -0.0269615 
-0.300799 -0.545417 -0.234491 0.0950391 
-0.584806 -0.35233 -0.117951 -0.314391 
-0.117951 -0.314391 0.249109 -0.412212 
0.249109 -0.412212 -0.300799 -0.545417 
-0.300799 -0.545417 -0.584806 -0.35233 
-0.529572 0.0234251 -0.388557 0.279994 
-0.388557 0.279994 -0.234491 0.0950391 
-0.0961132 -0.0437394 0.0612707 0.122755 
0.0612707 0.122755 0.259717 -0.0269615 
-0.388557 0.279994 0.0612707 0.122755 
-0.529572 0.0234251 -0.0961132 -0.0437394 
-0.234491 0.0950391 0.259717 -0.0269615 
-0.452632 -0.442191 -0.386307 -0.487283 
-0.386307 -0.487283 -0.33513 -0.0474997 
-0.33513 -0.0474997 -0.403221 -0.0515062 
-0.403221 -0.0515062 -0.452632 -0.442191 
-0.525723 -0.213389 -0.481314 -0.225977 
-0.481314 -0.225977 -0.458261 -0.0547448 
-0.458261 -0.0547448 -0.503675 -0.057417 
-0.503675 -0.057417 -0.525723 -0.213389 
