0 0 0 1 -0.593676 -0.208267 
0 0 6.5 1 -0.639527 0.247044 
10 0 0 1 -0.180499 -0.0601744 
10 0 6.5 1 -0.184718 0.223429 
10 10 0 1 0.245944 -0.128964 
10 10 6.5 1 0.270864 0.219079 
0 10 0 1 0.0211347 -0.398161 
0 10 6.5 1 0.0388909 0.249841 
0 5 10 1 -0.382845 0.589123 
10 5 10 1 0.0226473 0.406677 
0 6 0 1 -0.278114 -0.305733 
0 8 0 1 -0.140147 -0.348346 
0 8 5 1 -0.143364 0.0981194 
0 6 5 1 -0.293154 0.109369 
0 2 2.5 1 -0.516186 -0.0613159 
0 4 2.5 1 -0.408837 -0.0825046 
0 4 5 1 -0.421113 0.118978 
0 2 5 1 -0.531688 0.127282 
0.5 0.5 -0.5 1 -0.53705 -0.234549 
0.5 0.5 6 1 -0.576635 0.207797 
10.5 0.5 -0.5 1 -0.150315 -0.0787321 
10.5 0.5 6 1 -0.152783 0.199823 
10.5 10.5 -0.5 1 0.275915 -0.15056 
10.5 10.5 6 1 0.302482 0.189881 
0.5 10.5 -0.5 1 0.0825748 -0.429534 
0.5 10.5 6 1 0.108 0.19225 
0.5 5.5 9.5 1 -0.310929 0.529548 
10.5 5.5 9.5 1 0.0558705 0.376671 
0.5 6.5 -0.5 1 -0.217636 -0.335063 
0.5 8.5 -0.5 1 -0.0789018 -0.37872 
0.5 8.5 4.5 1 -0.0763793 0.0514658 
0.5 6.5 4.5 1 -0.227111 0.0659662 
0.5 2.5 2 1 -0.455733 -0.0936426 
0.5 4.5 2 1 -0.346931 -0.116511 
0.5 4.5 4.5 1 -0.356442 0.0784079 
0.5 2.5 4.5 1 -0.468629 0.0892002 
