0.242609 -0.413183 0.26696 -0.0262951 
-0.361777 -0.52339 -0.292232 0.0712581 
-0.527796 -0.312517 -0.481703 0.0301208 
-0.0791089 -0.288665 -0.0546722 -0.0269739 
0.242609 -0.413183 -0.361777 -0.52339 
-0.361777 -0.52339 -0.527796 -0.312517 
-0.527796 -0.312517 -0.0791089 -0.288665 
-0.0791089 -0.288665 0.242609 -0.413183 
0.26696 -0.0262951 0.0890145 0.134102 
0.0890145 0.134102 -0.0546722 -0.0269739 
-0.292232 0.0712581 -0.383413 0.265414 
-0.383413 0.265414 -0.481703 0.0301208 
0.0890145 0.134102 -0.383413 0.265414 
0.26696 -0.0262951 -0.292232 0.0712581 
-0.0546722 -0.0269739 -0.481703 0.0301208 
0.020873 -0.327362 -0.0325777 -0.306675 
-0.0325777 -0.306675 -0.0133218 -0.0901548 
-0.0133218 -0.0901548 0.0403852 -0.094645 
0.0403852 -0.094645 0.020873 -0.327362 
0.165636 -0.241013 0.0928305 -0.224137 
0.0928305 -0.224137 0.102521 -0.0998398 
0.102521 -0.0998398 0.175239 -0.105919 
0.175239 -0.105919 0.165636 -0.241013 
