-0.222531 -0.000113828 -0.217491 0.266311 
0.170542 -0.0178539 0.192542 0.241104 
0.31 -0.134613 0.356724 0.288124 
-0.331093 -0.110165 -0.330755 0.33288 
-0.222531 -0.000113828 0.170542 -0.0178539 
0.170542 -0.0178539 0.31 -0.134613 
0.31 -0.134613 -0.331093 -0.110165 
-0.331093 -0.110165 -0.222531 -0.000113828 
-0.217491 0.266311 -0.257165 0.486123 
-0.257165 0.486123 -0.330755 0.33288 
0.192542 0.241104 0.271914 0.446567 
0.271914 0.446567 0.356724 0.288124 
-0.257165 0.486123 0.271914 0.446567 
-0.217491 0.266311 0.192542 0.241104 
-0.330755 0.33288 0.356724 0.288124 
-0.274303 -0.0525962 -0.299452 -0.07809 
-0.299452 -0.07809 -0.297637 0.218269 
-0.297637 0.218269 -0.271554 0.213139 
-0.271554 0.213139 -0.274303 -0.0525962 
-0.23506 0.0934854 -0.252211 0.0861859 
-0.252211 0.0861859 -0.250522 0.209002 
-0.250522 0.209002 -0.233203 0.205595 
-0.233203 0.205595 -0.23506 0.0934854 
