0.311268 -0.403621 0.36347 0.0617078 
-0.326326 -0.280706 -0.291743 0.117465 
-0.111932 -0.170756 -0.088306 0.0784959 
0.285426 -0.232099 0.315686 0.0419095 
0.311268 -0.403621 -0.326326 -0.280706 
-0.326326 -0.280706 -0.111932 -0.170756 
-0.111932 -0.170756 0.285426 -0.232099 
0.285426 -0.232099 0.311268 -0.403621 
0.36347 0.0617078 0.35438 0.238801 
0.35438 0.238801 0.315686 0.0419095 
-0.291743 0.117465 -0.150999 0.261582 
-0.150999 0.261582 -0.088306 0.0784959 
0.35438 0.238801 -0.150999 0.261582 
0.36347 0.0617078 -0.291743 0.117465 
0.315686 0.0419095 -0.088306 0.0784959 
0.292715 -0.280478 0.288744 -0.254124 
0.288744 -0.254124 0.31409 -0.0250759 
0.31409 -0.0250759 0.320615 -0.0289551 
0.320615 -0.0289551 0.292715 -0.280478 
0.320936 -0.197012 0.312981 -0.173886 
0.312981 -0.173886 0.328578 -0.0336891 
0.328578 -0.0336891 0.338513 -0.0395954 
0.338513 -0.0395954 0.320936 -0.197012 
