0 0 0 1 -0.300374 -0.631548 
0 0 6.5 1 -0.222242 0.0860927 
10 0 0 1 -0.291484 -0.316954 
10 0 6.5 1 -0.253243 0.0302071 
10 10 0 1 0.195443 -0.327064 
10 10 6.5 1 0.221462 -0.0229149 
0 10 0 1 0.590662 -0.577476 
0 10 6.5 1 0.626644 -0.0222082 
0 5 10 1 0.282765 0.346351 
10 5 10 1 0.0163598 0.17212 
0 6 0 1 0.28856 -0.595809 
0 8 0 1 0.446913 -0.586199 
0 8 5 1 0.479307 -0.135818 
0 6 5 1 0.326286 -0.122863 
0 2 2.5 1 -0.0557454 -0.352003 
0 4 2.5 1 0.135552 -0.354381 
0 4 5 1 0.157294 -0.108556 
0 2 5 1 -0.0303085 -0.0926731 
0.5 0.5 -0.5 1 -0.25103 -0.651364 
0.5 0.5 6 1 -0.179214 0.024123 
10.5 0.5 -0.5 1 -0.26717 -0.336506 
10.5 0.5 6 1 -0.230498 0.000490229 
10.5 10.5 -0.5 1 0.203632 -0.34394 
10.5 10.5 6 1 0.228836 -0.047623 
0.5 10.5 -0.5 1 0.586242 -0.595549 
0.5 10.5 6 1 0.620652 -0.0658564 
0.5 5.5 9.5 1 0.293942 0.27919 
10.5 5.5 9.5 1 0.0298962 0.140572 
0.5 6.5 -0.5 1 0.299672 -0.614653 
0.5 8.5 -0.5 1 0.449534 -0.604662 
0.5 8.5 4.5 1 0.480275 -0.176103 
0.5 6.5 4.5 1 0.335202 -0.165712 
0.5 2.5 2 1 -0.0237305 -0.386665 
0.5 4.5 2 1 0.155478 -0.387182 
0.5 4.5 4.5 1 0.175808 -0.154295 
0.5 2.5 4.5 1 -0.000137932 -0.141692 
