0 0 0 1 0.0962596 -0.0524653 
0 0 6.5 1 0.090168 0.208678 
10 0 0 1 0.522123 -0.123333 
10 0 6.5 1 0.542507 0.235084 
10 10 0 1 0.247553 -0.337962 
10 10 6.5 1 0.250557 0.242519 
0 10 0 1 -0.241353 -0.15979 
0 10 6.5 1 -0.273236 0.202211 
0 5 10 1 -0.0692698 0.384178 
10 5 10 1 0.444108 0.509233 
0 6 0 1 -0.0791045 -0.108212 
0 8 0 1 -0.154389 -0.132145 
0 8 5 1 -0.172514 0.12261 
0 6 5 1 -0.0925803 0.129743 
0 2 2.5 1 0.0413195 0.0342365 
0 4 2.5 1 -0.0181096 0.0220333 
0 4 5 1 -0.0231273 0.135941 
0 2 5 1 0.0377794 0.141376 
0.5 0.5 -0.5 1 0.100224 -0.078705 
0.5 0.5 6 1 0.094175 0.187811 
10.5 0.5 -0.5 1 0.541898 -0.161883 
10.5 0.5 6 1 0.564403 0.206717 
10.5 10.5 -0.5 1 0.264977 -0.413546 
10.5 10.5 6 1 0.270284 0.193882 
0.5 10.5 -0.5 1 -0.247329 -0.200219 
0.5 10.5 6 1 -0.280806 0.172141 
0.5 5.5 9.5 1 -0.0693596 0.364277 
10.5 5.5 9.5 1 0.46855 0.48459 
0.5 6.5 -0.5 1 -0.079479 -0.141534 
0.5 8.5 -0.5 1 -0.157172 -0.168698 
0.5 8.5 4.5 1 -0.176037 0.0926919 
0.5 6.5 4.5 1 -0.093387 0.102208 
0.5 2.5 2 1 0.0441596 0.00813853 
0.5 4.5 2 1 -0.0167526 -0.00613065 
0.5 4.5 4.5 1 -0.0218852 0.110441 
0.5 2.5 4.5 1 0.0405816 0.117633 
