0.317348 -0.551415 0.253928 0.0605887 
-0.223734 -0.381534 -0.259629 -0.00987952 
0.118555 -0.245246 0.0920107 0.016602 
0.569925 -0.293478 0.531048 0.0685371 
0.317348 -0.551415 -0.223734 -0.381534 
-0.223734 -0.381534 0.118555 -0.245246 
0.118555 -0.245246 0.569925 -0.293478 
0.569925 -0.293478 0.317348 -0.551415 
0.253928 0.0605887 0.402106 0.308238 
0.402106 0.308238 0.531048 0.0685371 
-0.259629 -0.00987952 -0.0698284 0.170027 
-0.0698284 0.170027 0.0920107 0.016602 
0.402106 0.308238 -0.0698284 0.170027 
0.253928 0.0605887 -0.259629 -0.00987952 
0.531048 0.0685371 0.0920107 0.016602 
0.498486 -0.366434 0.537383 -0.326711 
0.537383 -0.326711 0.504924 -0.0230921 
0.504924 -0.0230921 0.463047 -0.0331261 
0.463047 -0.0331261 0.498486 -0.366434 
0.370618 -0.267047 0.431614 -0.229576 
0.431614 -0.229576 0.412153 -0.0453207 
0.412153 -0.0453207 0.34898 -0.0604577 
0.34898 -0.0604577 0.370618 -0.267047 
