0.339833 -0.535162 0.297421 -0.110977 
-0.348338 -0.689695 -0.342611 -0.128284 
-0.373281 -0.472755 -0.368661 -0.156372 
0.0624004 -0.408744 0.0472517 -0.141146 
0.339833 -0.535162 -0.348338 -0.689695 
-0.348338 -0.689695 -0.373281 -0.472755 
-0.373281 -0.472755 0.0624004 -0.408744 
0.0624004 -0.408744 0.339833 -0.535162 
0.297421 -0.110977 0.133283 0.0332802 
0.133283 0.0332802 0.0472517 -0.141146 
-0.342611 -0.128284 -0.356506 0.0508968 
-0.356506 0.0508968 -0.368661 -0.156372 
0.133283 0.0332802 -0.356506 0.0508968 
0.297421 -0.110977 -0.342611 -0.128284 
0.0472517 -0.141146 -0.368661 -0.156372 
0.144237 -0.446034 0.100026 -0.425888 
0.100026 -0.425888 0.0859602 -0.201191 
0.0859602 -0.201191 0.12723 -0.201652 
0.12723 -0.201652 0.144237 -0.446034 
0.247473 -0.347372 0.186269 -0.333148 
0.186269 -0.333148 0.176073 -0.202198 
0.176073 -0.202198 0.234784 -0.202855 
0.234784 -0.202855 0.247473 -0.347372 
