0.199833 -0.382391 0.168786 0.237346 
-0.234278 -0.193053 -0.273297 0.165148 
0.134893 -0.0859741 0.119694 0.180989 
0.573507 -0.15696 0.574665 0.232432 
0.199833 -0.382391 -0.234278 -0.193053 
-0.234278 -0.193053 0.134893 -0.0859741 
0.134893 -0.0859741 0.573507 -0.15696 
0.573507 -0.15696 0.199833 -0.382391 
0.168786 0.237346 0.416197 0.51925 
0.416197 0.51925 0.574665 0.232432 
-0.273297 0.165148 -0.0605714 0.349909 
-0.0605714 0.349909 0.119694 0.180989 
0.416197 0.51925 -0.0605714 0.349909 
0.168786 0.237346 -0.273297 0.165148 
0.574665 0.232432 0.119694 0.180989 
0.463141 -0.223541 0.52275 -0.18758 
0.52275 -0.18758 0.521461 0.131714 
0.521461 0.131714 0.458858 0.123206 
0.458858 0.123206 0.463141 -0.223541 
0.299097 -0.114891 0.38801 -0.0815998 
0.38801 -0.0815998 0.383658 0.112986 
0.383658 0.112986 0.291634 0.100479 
0.291634 0.100479 0.299097 -0.114891 
