0 0 0 1 0.25025 -0.0848839 
0 0 6.5 1 0.268721 0.276643 
10 0 0 1 -0.0993454 -0.304316 
10 0 6.5 1 -0.113539 0.340516 
10 10 0 1 -0.573307 -0.129029 
10 10 6.5 1 -0.623339 0.288371 
0 10 0 1 -0.146899 -0.0185957 
0 10 6.5 1 -0.155322 0.258408 
0 5 10 1 0.0281049 0.452435 
10 5 10 1 -0.453814 0.628923 
0 6 0 1 -0.0123105 -0.0410599 
0 8 0 1 -0.0828656 -0.0292835 
0 8 5 1 -0.0867062 0.191232 
0 6 5 1 -0.013014 0.19066 
0 2 2.5 1 0.156685 0.0570155 
0 4 2.5 1 0.0673611 0.0649828 
0 4 5 1 0.0689827 0.190024 
0 2 5 1 0.160772 0.189312 
0.5 0.5 -0.5 1 0.213135 -0.112715 
0.5 0.5 6 1 0.22886 0.247223 
10.5 0.5 -0.5 1 -0.165583 -0.35389 
10.5 0.5 6 1 -0.189063 0.285651 
10.5 10.5 -0.5 1 -0.617265 -0.161159 
10.5 10.5 6 1 -0.6712 0.254103 
0.5 10.5 -0.5 1 -0.175812 -0.0399245 
0.5 10.5 6 1 -0.185875 0.236159 
0.5 5.5 9.5 1 -0.00772824 0.426415 
10.5 5.5 9.5 1 -0.516055 0.584812 
0.5 6.5 -0.5 1 -0.0440289 -0.0645874 
0.5 8.5 -0.5 1 -0.113117 -0.0516578 
0.5 8.5 4.5 1 -0.118323 0.168084 
0.5 6.5 4.5 1 -0.0462372 0.166276 
0.5 2.5 2 1 0.120658 0.0302586 
0.5 4.5 2 1 0.0332138 0.0397075 
0.5 4.5 4.5 1 0.0339821 0.164263 
0.5 2.5 4.5 1 0.123793 0.16201 
