0.291396 -0.395037 0.25904 -0.0409036 
0.393187 -0.649176 0.31632 0.0895223 
-0.623013 -0.60857 -0.585749 0.00769729 
-0.224787 -0.397442 -0.226219 -0.0740154 
0.291396 -0.395037 0.393187 -0.649176 
0.393187 -0.649176 -0.623013 -0.60857 
-0.623013 -0.60857 -0.224787 -0.397442 
-0.224787 -0.397442 0.291396 -0.395037 
0.25904 -0.0409036 -0.00226234 0.108362 
-0.00226234 0.108362 -0.226219 -0.0740154 
0.31632 0.0895223 -0.178267 0.349589 
-0.178267 0.349589 -0.585749 0.00769729 
-0.00226234 0.108362 -0.178267 0.349589 
0.25904 -0.0409036 0.31632 0.0895223 
-0.226219 -0.0740154 -0.585749 0.00769729 
-0.0301596 -0.396535 -0.1293 -0.396997 
-0.1293 -0.396997 -0.134558 -0.140537 
-0.134558 -0.140537 -0.0398735 -0.135407 
-0.0398735 -0.135407 -0.0301596 -0.396535 
0.169883 -0.256895 0.0654258 -0.260024 
0.0654258 -0.260024 0.0583378 -0.130085 
0.0583378 -0.130085 0.160277 -0.124562 
0.160277 -0.124562 0.169883 -0.256895 
