0.0434146 -0.215836 0.0183909 0.0387357 
0.475639 -0.217528 0.437505 0.10138 
0.378062 -0.38438 0.315267 0.167247 
-0.244019 -0.330411 -0.276132 0.0534114 
0.0434146 -0.215836 0.475639 -0.217528 
0.475639 -0.217528 0.378062 -0.38438 
0.378062 -0.38438 -0.244019 -0.330411 
-0.244019 -0.330411 0.0434146 -0.215836 
0.0183909 0.0387357 -0.114341 0.205653 
-0.114341 0.205653 -0.276132 0.0534114 
0.437505 0.10138 0.367701 0.336685 
0.367701 0.336685 0.315267 0.167247 
-0.114341 0.205653 0.367701 0.336685 
0.0183909 0.0387357 0.437505 0.10138 
-0.276132 0.0534114 0.315267 0.167247 
-0.0998807 -0.272955 -0.165293 -0.29903 
-0.165293 -0.29903 -0.188881 -0.0299375 
-0.188881 -0.0299375 -0.12229 -0.0266565 
-0.12229 -0.0266565 -0.0998807 -0.272955 
-0.00762568 -0.126264 -0.0553765 -0.136777 
-0.0553765 -0.136777 -0.0659657 -0.0238814 
-0.0659657 -0.0238814 -0.0177044 -0.0215036 
-0.0177044 -0.0215036 -0.00762568 -0.126264 
