0 0 0 1 -0.158401 -0.323731 
0 0 6.5 1 -0.132362 -0.0642748 
10 0 0 1 0.251811 -0.377259 
10 0 6.5 1 0.269163 -0.0984461 
10 10 0 1 0.31782 -0.57185 
10 10 6.5 1 0.344362 -0.090939 
0 10 0 1 -0.364879 -0.462424 
0 10 6.5 1 -0.314645 -0.036317 
0 5 10 1 -0.184139 0.112274 
10 5 10 1 0.307851 0.0851588 
0 6 0 1 -0.256828 -0.389845 
0 8 0 1 -0.304666 -0.421979 
0 8 5 1 -0.271633 -0.129188 
0 6 5 1 -0.228259 -0.127189 
0 2 2.5 1 -0.174319 -0.232 
0 4 2.5 1 -0.205209 -0.243311 
0 4 5 1 -0.192791 -0.125555 
0 2 5 1 -0.163248 -0.124193 
0.5 0.5 -0.5 1 -0.147298 -0.35158 
0.5 0.5 6 1 -0.120885 -0.0849937 
10.5 0.5 -0.5 1 0.274939 -0.408607 
10.5 0.5 6 1 0.292145 -0.121549 
10.5 10.5 -0.5 1 0.361726 -0.636422 
10.5 10.5 6 1 0.387498 -0.130482 
0.5 10.5 -0.5 1 -0.355097 -0.514965 
0.5 10.5 6 1 -0.303203 -0.069297 
0.5 5.5 9.5 1 -0.171662 0.0922788 
10.5 5.5 9.5 1 0.337726 0.062495 
0.5 6.5 -0.5 1 -0.245494 -0.428788 
0.5 8.5 -0.5 1 -0.293784 -0.466757 
0.5 8.5 4.5 1 -0.259845 -0.162026 
0.5 6.5 4.5 1 -0.216271 -0.156561 
0.5 2.5 2 1 -0.162806 -0.259458 
0.5 4.5 2 1 -0.19353 -0.273715 
0.5 4.5 4.5 1 -0.180875 -0.152121 
0.5 2.5 4.5 1 -0.151553 -0.148443 
