0.34308 -0.364099 0.29569 0.0422474 
-0.319517 -0.492328 -0.349241 0.00608137 
-0.308696 -0.331868 -0.32638 -0.0437467 
0.103389 -0.27011 0.078673 -0.0153531 
0.34308 -0.364099 -0.319517 -0.492328 
-0.319517 -0.492328 -0.308696 -0.331868 
-0.308696 -0.331868 0.103389 -0.27011 
0.103389 -0.27011 0.34308 -0.364099 
0.29569 0.0422474 0.145793 0.168739 
0.145793 0.168739 0.078673 -0.0153531 
-0.349241 0.00608137 -0.346208 0.162066 
-0.346208 0.162066 -0.32638 -0.0437467 
0.145793 0.168739 -0.346208 0.162066 
0.29569 0.0422474 -0.349241 0.00608137 
0.078673 -0.0153531 -0.32638 -0.0437467 
0.173789 -0.297716 0.135725 -0.28279 
0.135725 -0.28279 0.1145 -0.0698657 
0.1145 -0.0698657 0.149968 -0.0660103 
0.149968 -0.0660103 0.173789 -0.297716 
0.258691 -0.194832 0.205567 -0.187089 
0.205567 -0.187089 0.192179 -0.0614218 
0.192179 -0.0614218 0.243259 -0.0558692 
0.243259 -0.0558692 0.258691 -0.194832 
