0.260363 -0.442027 0.252331 -0.0911926 
0.474546 -0.716806 0.431799 0.0131874 
-0.619032 -0.649545 -0.531171 0.0234685 
-0.268291 -0.419293 -0.243823 -0.0821631 
0.260363 -0.442027 0.474546 -0.716806 
0.474546 -0.716806 -0.619032 -0.649545 
-0.619032 -0.649545 -0.268291 -0.419293 
-0.268291 -0.419293 0.260363 -0.442027 
0.252331 -0.0911926 0.00413198 0.0814521 
0.00413198 0.0814521 -0.243823 -0.0821631 
0.431799 0.0131874 -0.0542507 0.32978 
-0.0542507 0.32978 -0.531171 0.0234685 
0.00413198 0.0814521 -0.0542507 0.32978 
0.252331 -0.0911926 0.431799 0.0131874 
-0.243823 -0.0821631 -0.531171 0.0234685 
-0.0616454 -0.428179 -0.165747 -0.423703 
-0.165747 -0.423703 -0.15143 -0.158575 
-0.15143 -0.158575 -0.0522471 -0.16092 
-0.0522471 -0.16092 -0.0616454 -0.428179 
0.150916 -0.298119 0.0462681 -0.294657 
0.0462681 -0.294657 0.0483798 -0.163299 
0.0483798 -0.163299 0.150482 -0.165713 
0.150482 -0.165713 0.150916 -0.298119 
