0.287037 -0.263688 0.252745 0.0841488 
0.192092 -0.574371 0.122667 0.124033 
-0.584485 -0.484906 -0.637036 0.0184087 
-0.178111 -0.262047 -0.207736 0.029507 
0.287037 -0.263688 0.192092 -0.574371 
0.192092 -0.574371 -0.584485 -0.484906 
-0.584485 -0.484906 -0.178111 -0.262047 
-0.178111 -0.262047 0.287037 -0.263688 
0.252745 0.0841488 -0.0149393 0.225776 
-0.0149393 0.225776 -0.207736 0.029507 
0.122667 0.124033 -0.351377 0.379497 
-0.351377 0.379497 -0.637036 0.0184087 
-0.0149393 0.225776 -0.351377 0.379497 
0.252745 0.0841488 0.122667 0.124033 
-0.207736 0.029507 -0.637036 0.0184087 
-0.0113276 -0.262635 -0.0975029 -0.262331 
-0.0975029 -0.262331 -0.120922 -0.0306634 
-0.120922 -0.0306634 -0.035422 -0.0229552 
-0.035422 -0.0229552 -0.0113276 -0.262635 
0.167432 -0.134674 0.0686182 -0.138928 
0.0686182 -0.138928 0.0562041 -0.0146947 
0.0562041 -0.0146947 0.154639 -0.00582033 
0.154639 -0.00582033 0.167432 -0.134674 
