0 0 0 1 -0.353761 -0.311279 
0 0 6.5 1 -0.382711 -0.0149171 
10 0 0 1 0.0547995 -0.228889 
10 0 6.5 1 0.0296086 0.0217852 
10 10 0 1 0.322471 -0.327749 
10 10 6.5 1 0.282703 0.0612498 
0 10 0 1 -0.298502 -0.500966 
0 10 6.5 1 -0.348575 0.0103565 
0 5 10 1 -0.389854 0.19563 
10 5 10 1 0.112274 0.200905 
0 6 0 1 -0.328064 -0.399489 
0 8 0 1 -0.315156 -0.443797 
0 8 5 1 -0.348792 -0.100063 
0 6 5 1 -0.357898 -0.0944286 
0 2 2.5 1 -0.358945 -0.210666 
0 4 2.5 1 -0.351776 -0.226909 
0 4 5 1 -0.365166 -0.0899316 
0 2 5 1 -0.371102 -0.086259 
0.5 0.5 -0.5 1 -0.325442 -0.335036 
0.5 0.5 6 1 -0.354801 -0.0350091 
10.5 0.5 -0.5 1 0.0829334 -0.2481 
10.5 0.5 6 1 0.0574347 0.00519136 
10.5 10.5 -0.5 1 0.370707 -0.359334 
10.5 10.5 6 1 0.330171 0.036004 
0.5 10.5 -0.5 1 -0.248018 -0.546367 
0.5 10.5 6 1 -0.299331 -0.0240366 
0.5 5.5 9.5 1 -0.354578 0.173413 
10.5 5.5 9.5 1 0.147184 0.182953 
0.5 6.5 -0.5 1 -0.289609 -0.432842 
0.5 8.5 -0.5 1 -0.271498 -0.482277 
0.5 8.5 4.5 1 -0.305859 -0.132094 
0.5 6.5 4.5 1 -0.320012 -0.122713 
0.5 2.5 2 1 -0.328086 -0.235268 
0.5 4.5 2 1 -0.317648 -0.254271 
0.5 4.5 4.5 1 -0.331267 -0.115253 
0.5 2.5 4.5 1 -0.340431 -0.10918 
