-0.595705 -0.202069 -0.632888 0.246863 
-0.177193 -0.0639037 -0.177162 0.217856 
0.24413 -0.140438 0.272916 0.208051 
-0.00374175 -0.403945 0.0194702 0.242177 
-0.595705 -0.202069 -0.177193 -0.0639037 
-0.177193 -0.0639037 0.24413 -0.140438 
0.24413 -0.140438 -0.00374175 -0.403945 
-0.00374175 -0.403945 -0.595705 -0.202069 
-0.632888 0.246863 -0.3837 0.579955 
-0.3837 0.579955 0.0194702 0.242177 
-0.177162 0.217856 0.0291376 0.397434 
0.0291376 0.397434 0.272916 0.208051 
-0.3837 0.579955 0.0291376 0.397434 
-0.632888 0.246863 -0.177162 0.217856 
0.0194702 0.242177 0.272916 0.208051 
-0.293731 -0.305051 -0.160475 -0.350495 
-0.160475 -0.350495 -0.158906 0.093951 
-0.158906 0.093951 -0.303401 0.10712 
-0.303401 0.10712 -0.293731 -0.305051 
-0.519602 -0.0582216 -0.416981 -0.0809474 
-0.416981 -0.0809474 -0.426206 0.118313 
-0.426206 0.118313 -0.531864 0.127943 
-0.531864 0.127943 -0.519602 -0.0582216 
