0 0 0 1 0.248392 -0.110007 
0 0 6.5 1 0.288286 0.258384 
10 0 0 1 -0.21124 -0.237738 
10 0 6.5 1 -0.183958 0.395525 
10 10 0 1 -0.554365 -0.0624964 
10 10 6.5 1 -0.557051 0.324967 
0 10 0 1 -0.115809 -0.0212756 
0 10 6.5 1 -0.100928 0.247867 
0 5 10 1 0.0760735 0.431462 
10 5 10 1 -0.414232 0.638828 
0 6 0 1 0.00359334 -0.0503659 
0 8 0 1 -0.059494 -0.0349958 
0 8 5 1 -0.0457489 0.181805 
0 6 5 1 0.0202557 0.179394 
0 2 2.5 1 0.167764 0.0406766 
0 4 2.5 1 0.0847026 0.0523863 
0 4 5 1 0.0949998 0.176664 
0 2 5 1 0.180342 0.173546 
0.5 0.5 -0.5 1 0.207044 -0.134597 
0.5 0.5 6 1 0.244679 0.231786 
10.5 0.5 -0.5 1 -0.279504 -0.278785 
10.5 0.5 6 1 -0.258616 0.348553 
10.5 10.5 -0.5 1 -0.595926 -0.0882153 
10.5 10.5 6 1 -0.600899 0.297049 
0.5 10.5 -0.5 1 -0.145587 -0.0393943 
0.5 10.5 6 1 -0.131861 0.228683 
0.5 5.5 9.5 1 0.0389712 0.40833 
10.5 5.5 9.5 1 -0.471625 0.601702 
0.5 6.5 -0.5 1 -0.0299393 -0.0706165 
0.5 8.5 -0.5 1 -0.0910382 -0.0541212 
0.5 8.5 4.5 1 -0.0782833 0.161775 
0.5 6.5 4.5 1 -0.0143981 0.158126 
0.5 2.5 2 1 0.128673 0.0170833 
0.5 4.5 2 1 0.0482859 0.0303067 
0.5 4.5 4.5 1 0.057932 0.153994 
0.5 2.5 4.5 1 0.1405 0.149278 
