0 0 0 1 -0.335164 -0.214403 
0 0 6.5 1 -0.368714 0.0717768 
10 0 0 1 0.0655382 -0.143839 
10 0 6.5 1 0.0424867 0.104738 
10 10 0 1 0.311872 -0.236989 
10 10 6.5 1 0.281434 0.151178 
0 10 0 1 -0.306117 -0.38151 
0 10 6.5 1 -0.363089 0.10686 
0 5 10 1 -0.39016 0.28557 
10 5 10 1 0.120826 0.29061 
0 6 0 1 -0.321561 -0.292662 
0 8 0 1 -0.314791 -0.33161 
0 8 5 1 -0.353017 -0.00441046 
0 6 5 1 -0.355638 -0.00131503 
0 2 2.5 1 -0.345345 -0.117161 
0 4 2.5 1 -0.342241 -0.131161 
0 4 5 1 -0.357732 0.0011585 
0 2 5 1 -0.359444 0.00318045 
0.5 0.5 -0.5 1 -0.308351 -0.237146 
0.5 0.5 6 1 -0.341836 0.0520732 
10.5 0.5 -0.5 1 0.0928392 -0.162804 
10.5 0.5 6 1 0.0699594 0.0880649 
10.5 10.5 -0.5 1 0.358571 -0.268181 
10.5 10.5 6 1 0.328744 0.125601 
0.5 10.5 -0.5 1 -0.259483 -0.423951 
0.5 10.5 6 1 -0.316232 0.0733289 
0.5 5.5 9.5 1 -0.35595 0.263548 
10.5 5.5 9.5 1 0.155814 0.27237 
0.5 6.5 -0.5 1 -0.285567 -0.324242 
0.5 8.5 -0.5 1 -0.274161 -0.367843 
0.5 8.5 4.5 1 -0.312259 -0.0354588 
0.5 6.5 4.5 1 -0.319546 -0.028791 
0.5 2.5 2 1 -0.316008 -0.140895 
0.5 4.5 2 1 -0.309894 -0.157494 
0.5 4.5 4.5 1 -0.325348 -0.0234821 
0.5 2.5 4.5 1 -0.330077 -0.0191551 
