0.126538 -0.0427875 0.141496 0.226286 
0.550567 -0.157851 0.605315 0.230004 
0.15743 -0.337043 0.197653 0.27863 
-0.249265 -0.109671 -0.255661 0.252242 
0.126538 -0.0427875 0.550567 -0.157851 
0.550567 -0.157851 0.15743 -0.337043 
0.15743 -0.337043 -0.249265 -0.109671 
-0.249265 -0.109671 0.126538 -0.0427875 
0.141496 0.226286 -0.0221334 0.419414 
-0.0221334 0.419414 -0.255661 0.252242 
0.605315 0.230004 0.484514 0.544493 
0.484514 0.544493 0.197653 0.27863 
-0.0221334 0.419414 0.484514 0.544493 
0.141496 0.226286 0.605315 0.230004 
-0.255661 0.252242 0.197653 0.27863 
-0.0720461 -0.0781306 -0.155035 -0.0929006 
-0.155035 -0.0929006 -0.15481 0.163587 
-0.15481 0.163587 -0.0679187 0.163034 
-0.0679187 0.163034 -0.0720461 -0.0781306 
0.0720599 0.0521867 0.00510078 0.0462892 
0.00510078 0.0462892 0.00875656 0.162546 
0.00875656 0.162546 0.0769172 0.162112 
0.0769172 0.162112 0.0720599 0.0521867 
