0.145584 -0.0799849 0.171739 0.193929 
0.572264 -0.215664 0.636895 0.198494 
0.0845736 -0.347982 0.143507 0.303107 
-0.257588 -0.112097 -0.242752 0.248546 
0.145584 -0.0799849 0.572264 -0.215664 
0.572264 -0.215664 0.0845736 -0.347982 
0.0845736 -0.347982 -0.257588 -0.112097 
-0.257588 -0.112097 0.145584 -0.0799849 
0.171739 0.193929 0.00613204 0.39623 
0.00613204 0.39623 -0.242752 0.248546 
0.636895 0.198494 0.486837 0.541921 
0.486837 0.541921 0.143507 0.303107 
0.00613204 0.39623 0.486837 0.541921 
0.171739 0.193929 0.636895 0.198494 
-0.242752 0.248546 0.143507 0.303107 
-0.069838 -0.0971432 -0.158277 -0.104187 
-0.158277 -0.104187 -0.14419 0.153966 
-0.14419 0.153966 -0.0536247 0.146646 
-0.0536247 0.146646 -0.069838 -0.0971432 
0.0902427 0.0229438 0.0181974 0.0228614 
0.0181974 0.0228614 0.027247 0.140109 
0.027247 0.140109 0.0999021 0.134236 
0.0999021 0.134236 0.0902427 0.0229438 
