0 0 0 1 0.310612 -0.366765 
0 0 6.5 1 0.365065 0.0871808 
10 0 0 1 -0.322249 -0.255628 
10 0 6.5 1 -0.294687 0.142569 
10 10 0 1 -0.120168 -0.139102 
10 10 6.5 1 -0.0991745 0.109889 
0 10 0 1 0.273611 -0.19516 
0 10 6.5 1 0.304751 0.074548 
0 5 10 1 0.349265 0.268975 
10 5 10 1 -0.160534 0.293524 
0 6 0 1 0.284116 -0.243881 
0 8 0 1 0.2784 -0.217372 
0 8 5 1 0.304462 0.00723276 
0 6 5 1 0.312858 0.00235944 
0 2 2.5 1 0.317534 -0.165291 
0 4 2.5 1 0.306904 -0.141269 
0 4 5 1 0.323091 -0.00358013 
0 2 5 1 0.335837 -0.0109788 
0.5 0.5 -0.5 1 0.269059 -0.379139 
0.5 0.5 6 1 0.319711 0.0545983 
10.5 0.5 -0.5 1 -0.335324 -0.270606 
10.5 0.5 6 1 -0.309206 0.111964 
10.5 10.5 -0.5 1 -0.133231 -0.151363 
10.5 10.5 6 1 -0.112988 0.0914298 
0.5 10.5 -0.5 1 0.249413 -0.207022 
0.5 10.5 6 1 0.279246 0.0554268 
0.5 5.5 9.5 1 0.315403 0.238268 
10.5 5.5 9.5 1 -0.175882 0.265098 
0.5 6.5 -0.5 1 0.25506 -0.256493 
0.5 8.5 -0.5 1 0.251995 -0.229636 
0.5 8.5 4.5 1 0.276871 -0.0115633 
0.5 6.5 4.5 1 0.282371 -0.0180826 
0.5 2.5 2 1 0.280099 -0.183955 
0.5 4.5 2 1 0.273742 -0.158792 
0.5 4.5 4.5 1 0.289034 -0.0259796 
0.5 2.5 4.5 1 0.297271 -0.0357427 
