0 0 0 1 -0.45772 -0.498825 
0 0 6.5 1 -0.44867 -0.151603 
10 0 0 1 -0.00720667 -0.409912 
10 0 6.5 1 -0.0198395 -0.139062 
10 10 0 1 0.321641 -0.516693 
10 10 6.5 1 0.28129 -0.106134 
0 10 0 1 -0.318897 -0.728725 
0 10 6.5 1 -0.316601 -0.112733 
0 5 10 1 -0.39613 0.0770105 
10 5 10 1 0.0901972 0.0360772 
0 6 0 1 -0.394346 -0.603776 
0 8 0 1 -0.361745 -0.657766 
0 8 5 1 -0.357373 -0.239438 
0 6 5 1 -0.38858 -0.235701 
0 2 2.5 1 -0.437142 -0.375082 
0 4 2.5 1 -0.416638 -0.392632 
0 4 5 1 -0.413467 -0.23272 
0 2 5 1 -0.433778 -0.230287 
0.5 0.5 -0.5 1 -0.425348 -0.528224 
0.5 0.5 6 1 -0.418008 -0.175181 
10.5 0.5 -0.5 1 0.0224965 -0.431948 
10.5 0.5 6 1 0.00842658 -0.157554 
10.5 10.5 -0.5 1 0.372153 -0.552081 
10.5 10.5 6 1 0.327875 -0.133348 
0.5 10.5 -0.5 1 -0.257316 -0.787031 
0.5 10.5 6 1 -0.260945 -0.15262 
0.5 5.5 9.5 1 -0.357967 0.0516031 
10.5 5.5 9.5 1 0.124361 0.0164571 
0.5 6.5 -0.5 1 -0.349059 -0.645727 
0.5 8.5 -0.5 1 -0.309541 -0.706593 
0.5 8.5 4.5 1 -0.308557 -0.277302 
0.5 6.5 4.5 1 -0.345863 -0.269168 
0.5 2.5 2 1 -0.402193 -0.40488 
0.5 4.5 2 1 -0.377693 -0.425838 
0.5 4.5 4.5 1 -0.375503 -0.262705 
0.5 2.5 4.5 1 -0.399621 -0.257447 
