0.249666 -0.0822941 0.283162 0.285161 
-0.167534 -0.245082 -0.157964 0.398837 
-0.564177 -0.0678429 -0.587684 0.334786 
-0.128603 -0.00160133 -0.122779 0.272295 
0.249666 -0.0822941 -0.167534 -0.245082 
-0.167534 -0.245082 -0.564177 -0.0678429 
-0.564177 -0.0678429 -0.128603 -0.00160133 
-0.128603 -0.00160133 0.249666 -0.0822941 
0.283162 0.285161 0.0585039 0.462094 
0.0585039 0.462094 -0.122779 0.272295 
-0.157964 0.398837 -0.435087 0.665436 
-0.435087 0.665436 -0.587684 0.334786 
0.0585039 0.462094 -0.435087 0.665436 
0.283162 0.285161 -0.157964 0.398837 
-0.122779 0.272295 -0.587684 0.334786 
-0.00284515 -0.0284281 -0.0690747 -0.0143 
-0.0690747 -0.0143 -0.0620281 0.205039 
-0.0620281 0.205039 0.00740861 0.203182 
0.00740861 0.203182 -0.00284515 -0.0284281 
0.164171 0.0652893 0.0782364 0.0757372 
0.0782364 0.0757372 0.0854995 0.201093 
0.0854995 0.201093 0.17397 0.198726 
0.17397 0.198726 0.164171 0.0652893 
