0 0 0 1 -0.316879 -0.103195 
0 0 6.5 1 -0.350437 0.177828 
10 0 0 1 0.0800302 -0.0499846 
10 0 6.5 1 0.0632847 0.201111 
10 10 0 1 0.302762 -0.138208 
10 10 6.5 1 0.287709 0.257847 
0 10 0 1 -0.319223 -0.245933 
0 10 6.5 1 -0.377306 0.230095 
0 5 10 1 -0.384892 0.401365 
10 5 10 1 0.139961 0.398961 
0 6 0 1 -0.317983 -0.170466 
0 8 0 1 -0.318529 -0.203666 
0 8 5 1 -0.357015 0.11379 
0 6 5 1 -0.352166 0.112908 
0 2 2.5 1 -0.330938 -0.00678407 
0 4 2.5 1 -0.33266 -0.0178783 
0 4 5 1 -0.348289 0.112203 
0 2 5 1 -0.345117 0.111627 
0.5 0.5 -0.5 1 -0.291898 -0.125551 
0.5 0.5 6 1 -0.324923 0.158002 
10.5 0.5 -0.5 1 0.106336 -0.0693289 
10.5 0.5 6 1 0.0902854 0.18379 
10.5 10.5 -0.5 1 0.347805 -0.170108 
10.5 10.5 6 1 0.334895 0.231 
0.5 10.5 -0.5 1 -0.276897 -0.286648 
0.5 10.5 6 1 -0.333432 0.196659 
0.5 5.5 9.5 1 -0.352163 0.379006 
10.5 5.5 9.5 1 0.175014 0.37978 
0.5 6.5 -0.5 1 -0.284858 -0.201157 
0.5 8.5 -0.5 1 -0.281364 -0.238678 
0.5 8.5 4.5 1 -0.318939 0.0829622 
0.5 6.5 4.5 1 -0.318318 0.0855522 
0.5 2.5 2 1 -0.303484 -0.0302815 
0.5 4.5 2 1 -0.302489 -0.0438782 
0.5 4.5 4.5 1 -0.317823 0.0876161 
0.5 2.5 4.5 1 -0.317419 0.0892994 
