0 0 0 1 -0.325938 -0.156985 
0 0 6.5 1 -0.360235 0.125786 
10 0 0 1 0.0722069 -0.0947535 
10 0 6.5 1 0.0518244 0.154489 
10 10 0 1 0.306463 -0.185037 
10 10 6.5 1 0.283203 0.205986 
0 10 0 1 -0.312603 -0.311347 
0 10 6.5 1 -0.371126 0.169038 
0 5 10 1 -0.3888 0.343887 
10 5 10 1 0.128866 0.345978 
0 6 0 1 -0.319672 -0.229526 
0 8 0 1 -0.316567 -0.265464 
0 8 5 1 -0.355635 0.0556503 
0 6 5 1 -0.354474 0.0568174 
0 2 2.5 1 -0.338341 -0.0605164 
0 4 2.5 1 -0.33766 -0.0730549 
0 4 5 1 -0.353545 0.0577504 
0 2 5 1 -0.352786 0.0585134 
0.5 0.5 -0.5 1 -0.300033 -0.17943 
0.5 0.5 6 1 -0.334013 0.106091 
10.5 0.5 -0.5 1 0.0990099 -0.113821 
10.5 0.5 6 1 0.0790716 0.13756 
10.5 10.5 -0.5 1 0.352303 -0.216423 
10.5 10.5 6 1 0.330445 0.179885 
0.5 10.5 -0.5 1 -0.268154 -0.35269 
0.5 10.5 6 1 -0.325725 0.135668 
0.5 5.5 9.5 1 -0.355287 0.321759 
10.5 5.5 9.5 1 0.163898 0.327338 
0.5 6.5 -0.5 1 -0.285116 -0.260504 
0.5 8.5 -0.5 1 -0.277684 -0.300897 
0.5 8.5 4.5 1 -0.316194 0.0248307 
0.5 6.5 4.5 1 -0.319479 0.0295056 
0.5 2.5 2 1 -0.30993 -0.0840324 
0.5 4.5 2 1 -0.306388 -0.099109 
0.5 4.5 4.5 1 -0.322096 0.0332296 
0.5 2.5 4.5 1 -0.32423 0.036266 
