0 0 0 1 -0.603627 -0.19064 
0 0 6.5 1 -0.603862 0.235744 
10 0 0 1 -0.165267 -0.0962852 
10 0 6.5 1 -0.149704 0.178769 
10 10 0 1 0.237436 -0.195308 
10 10 6.5 1 0.276406 0.15742 
0 10 0 1 -0.0988812 -0.419892 
0 10 6.5 1 -0.0547857 0.227598 
0 5 10 1 -0.381829 0.539804 
10 5 10 1 0.0497901 0.346519 
0 6 0 1 -0.352935 -0.304503 
0 8 0 1 -0.237876 -0.356761 
0 8 5 1 -0.216261 0.0864157 
0 6 5 1 -0.339536 0.10128 
0 2 2.5 1 -0.530831 -0.0533344 
0 4 2.5 1 -0.44611 -0.0779788 
0 4 5 1 -0.442289 0.113669 
0 2 5 1 -0.529253 0.124155 
0.5 0.5 -0.5 1 -0.553965 -0.22154 
0.5 0.5 6 1 -0.551444 0.19694 
10.5 0.5 -0.5 1 -0.136781 -0.117306 
10.5 0.5 6 1 -0.120352 0.154445 
10.5 10.5 -0.5 1 0.269332 -0.221127 
10.5 10.5 6 1 0.3093 0.126163 
0.5 10.5 -0.5 1 -0.0344045 -0.461771 
0.5 10.5 6 1 0.0142485 0.167514 
0.5 5.5 9.5 1 -0.319719 0.485241 
10.5 5.5 9.5 1 0.0815125 0.316657 
0.5 6.5 -0.5 1 -0.294989 -0.341284 
0.5 8.5 -0.5 1 -0.176742 -0.395958 
0.5 8.5 4.5 1 -0.151976 0.0360833 
0.5 6.5 4.5 1 -0.278741 0.0551637 
0.5 2.5 2 1 -0.477493 -0.089275 
0.5 4.5 2 1 -0.38989 -0.116389 
0.5 4.5 4.5 1 -0.384756 0.0711209 
0.5 2.5 4.5 1 -0.474731 0.0846637 
