-0.353761 -0.311279 -0.382711 -0.0149171 
0.0547995 -0.228889 0.0296086 0.0217852 
0.322471 -0.327749 0.282703 0.0612498 
-0.298502 -0.500966 -0.348575 0.0103565 
-0.353761 -0.311279 0.0547995 -0.228889 
0.0547995 -0.228889 0.322471 -0.327749 
0.322471 -0.327749 -0.298502 -0.500966 
-0.298502 -0.500966 -0.353761 -0.311279 
-0.382711 -0.0149171 -0.389854 0.19563 
-0.389854 0.19563 -0.348575 0.0103565 
0.0296086 0.0217852 0.112274 0.200905 
0.112274 0.200905 0.282703 0.0612498 
-0.389854 0.19563 0.112274 0.200905 
-0.382711 -0.0149171 0.0296086 0.0217852 
-0.348575 0.0103565 0.282703 0.0612498 
-0.328064 -0.399489 -0.315156 -0.443797 
-0.315156 -0.443797 -0.348792 -0.100063 
-0.348792 -0.100063 -0.357898 -0.0944286 
-0.357898 -0.0944286 -0.328064 -0.399489 
-0.358945 -0.210666 -0.351776 -0.226909 
-0.351776 -0.226909 -0.365166 -0.0899316 
-0.365166 -0.0899316 -0.371102 -0.086259 
-0.371102 -0.086259 -0.358945 -0.210666 
