-0.0625118 -0.272047 -0.0190202 0.42394 
-0.254467 -0.0569841 -0.242949 0.300368 
0.187268 -0.0470281 0.215386 0.242371 
0.603899 -0.191019 0.681172 0.286357 
-0.0625118 -0.272047 -0.254467 -0.0569841 
-0.254467 -0.0569841 0.187268 -0.0470281 
0.187268 -0.0470281 0.603899 -0.191019 
0.603899 -0.191019 -0.0625118 -0.272047 
-0.0190202 0.42394 0.440449 0.688904 
0.440449 0.688904 0.681172 0.286357 
-0.242949 0.300368 0.0230426 0.453299 
0.0230426 0.453299 0.215386 0.242371 
0.440449 0.688904 0.0230426 0.453299 
-0.0190202 0.42394 -0.242949 0.300368 
0.681172 0.286357 0.215386 0.242371 
0.392039 -0.216778 0.504752 -0.203074 
0.504752 -0.203074 0.561438 0.181928 
0.561438 0.181928 0.445838 0.195346 
0.445838 0.195346 0.392039 -0.216778 
0.133597 -0.0192569 0.286648 -0.0180045 
0.286648 -0.0180045 0.312121 0.210866 
0.312121 0.210866 0.15567 0.229026 
0.15567 0.229026 0.133597 -0.0192569 
