-0.349544 -0.292238 -0.379754 0.00162692 
0.0570703 -0.211965 0.0320669 0.0379653 
0.320375 -0.309651 0.282186 0.0786358 
-0.299534 -0.477378 -0.351422 0.0283817 
-0.349544 -0.292238 0.0570703 -0.211965 
0.0570703 -0.211965 0.320375 -0.309651 
0.320375 -0.309651 -0.299534 -0.477378 
-0.299534 -0.477378 -0.349544 -0.292238 
-0.379754 0.00162692 -0.38999 0.212381 
-0.38999 0.212381 -0.351422 0.0283817 
0.0320669 0.0379653 0.113652 0.218148 
0.113652 0.218148 0.282186 0.0786358 
-0.38999 0.212381 0.113652 0.218148 
-0.379754 0.00162692 0.0320669 0.0379653 
-0.351422 0.0283817 0.282186 0.0786358 
-0.326253 -0.378463 -0.314576 -0.421689 
-0.314576 -0.421689 -0.349457 -0.0819083 
-0.349457 -0.0819083 -0.357246 -0.0766904 
-0.357246 -0.0766904 -0.326253 -0.378463 
-0.355862 -0.192524 -0.349509 -0.208353 
-0.349509 -0.208353 -0.363465 -0.0725246 
-0.363465 -0.0725246 -0.368544 -0.0691218 
-0.368544 -0.0691218 -0.355862 -0.192524 
