-0.590825 -0.219584 -0.648616 0.246201 
-0.185594 -0.0580935 -0.196147 0.228333 
0.248689 -0.114109 0.267059 0.233563 
0.059099 -0.388252 0.068446 0.264727 
-0.590825 -0.219584 -0.185594 -0.0580935 
-0.185594 -0.0580935 0.248689 -0.114109 
0.248689 -0.114109 0.059099 -0.388252 
0.059099 -0.388252 -0.590825 -0.219584 
-0.648616 0.246201 -0.379985 0.6028 
-0.379985 0.6028 0.068446 0.264727 
-0.196147 0.228333 0.0124018 0.417265 
0.0124018 0.417265 0.267059 0.233563 
-0.379985 0.6028 0.0124018 0.417265 
-0.648616 0.246201 -0.196147 0.228333 
0.068446 0.264727 0.267059 0.233563 
-0.254297 -0.306919 -0.109123 -0.344595 
-0.109123 -0.344595 -0.119265 0.106602 
-0.119265 0.106602 -0.276889 0.113985 
-0.276889 0.113985 -0.254297 -0.306919 
-0.510674 -0.0667211 -0.396079 -0.0848748 
-0.396079 -0.0848748 -0.412591 0.120341 
-0.412591 0.120341 -0.530647 0.12587 
-0.530647 0.12587 -0.510674 -0.0667211 
