0.282434 -0.299881 0.246861 0.0235505 
0.601685 -0.543305 0.52111 0.101022 
-0.412961 -0.665494 -0.461839 0.0102826 
-0.220763 -0.354443 -0.248416 -0.0232673 
0.282434 -0.299881 0.601685 -0.543305 
0.601685 -0.543305 -0.412961 -0.665494 
-0.412961 -0.665494 -0.220763 -0.354443 
-0.220763 -0.354443 0.282434 -0.299881 
0.246861 0.0235505 -0.0148246 0.172021 
-0.0148246 0.172021 -0.248416 -0.0232673 
0.52111 0.101022 0.00637843 0.393621 
0.00637843 0.393621 -0.461839 0.0102826 
-0.0148246 0.172021 0.00637843 0.393621 
0.246861 0.0235505 0.52111 0.101022 
-0.248416 -0.0232673 -0.461839 0.0102826 
-0.016921 -0.33234 -0.118408 -0.343345 
-0.118408 -0.343345 -0.14103 -0.0888001 
-0.14103 -0.0888001 -0.0407874 -0.0790072 
-0.0407874 -0.0790072 -0.016921 -0.33234 
0.170257 -0.184311 0.0710802 -0.194529 
0.0710802 -0.194529 0.0586186 -0.0692961 
0.0586186 -0.0692961 0.157199 -0.0596657 
0.157199 -0.0596657 0.170257 -0.184311 
