-0.205712 -0.468872 -0.139839 0.2266 
-0.275102 -0.201932 -0.243326 0.143449 
0.191799 -0.209933 0.222734 0.0835352 
0.591729 -0.413442 0.652016 0.0993551 
-0.205712 -0.468872 -0.275102 -0.201932 
-0.275102 -0.201932 0.191799 -0.209933 
0.191799 -0.209933 0.591729 -0.413442 
0.591729 -0.413442 -0.205712 -0.468872 
-0.139839 0.2266 0.351448 0.479585 
0.351448 0.479585 0.652016 0.0993551 
-0.243326 0.143449 0.0258096 0.284327 
0.0258096 0.284327 0.222734 0.0835352 
0.351448 0.479585 0.0258096 0.284327 
-0.139839 0.2266 -0.243326 0.143449 
0.652016 0.0993551 0.222734 0.0835352 
0.328288 -0.431753 0.467233 -0.422095 
0.467233 -0.422095 0.514526 -0.00726035 
0.514526 -0.00726035 0.376599 0.00733918 
0.376599 0.00733918 0.328288 -0.431753 
0.0204682 -0.208023 0.19667 -0.210979 
0.19667 -0.210979 0.221448 0.0237619 
0.221448 0.0237619 0.0456314 0.0423721 
0.0456314 0.0423721 0.0204682 -0.208023 
