0.323142 -0.115183 0.304494 0.301103 
-0.31893 -0.189492 -0.37358 0.25983 
-0.245774 -0.0714563 -0.275556 0.195994 
0.148044 -0.0311556 0.13149 0.224232 
0.323142 -0.115183 -0.31893 -0.189492 
-0.31893 -0.189492 -0.245774 -0.0714563 
-0.245774 -0.0714563 0.148044 -0.0311556 
0.148044 -0.0311556 0.323142 -0.115183 
0.304494 0.301103 0.186549 0.433671 
0.186549 0.433671 0.13149 0.224232 
-0.37358 0.25983 -0.3339 0.411385 
-0.3339 0.411385 -0.275556 0.195994 
0.186549 0.433671 -0.3339 0.411385 
0.304494 0.301103 -0.37358 0.25983 
0.13149 0.224232 -0.275556 0.195994 
0.199184 -0.0556971 0.171504 -0.0424137 
0.171504 -0.0424137 0.158368 0.168915 
0.158368 0.168915 0.185583 0.174795 
0.185583 0.174795 0.199184 -0.0556971 
0.265752 0.0474786 0.225439 0.0532741 
0.225439 0.0532741 0.218337 0.181871 
0.218337 0.181871 0.258513 0.19055 
0.258513 0.19055 0.265752 0.0474786 
