-0.379976 -0.398964 -0.400034 -0.0871577 
0.0408449 -0.308458 0.0166225 -0.0520275 
0.330563 -0.412661 0.285423 -0.0169675 
-0.29825 -0.609966 -0.335882 -0.0649063 
-0.379976 -0.398964 0.0408449 -0.308458 
0.0408449 -0.308458 0.330563 -0.412661 
0.330563 -0.412661 -0.29825 -0.609966 
-0.29825 -0.609966 -0.379976 -0.398964 
-0.400034 -0.0871577 -0.389989 0.125649 
-0.389989 0.125649 -0.335882 -0.0649063 
0.0166225 -0.0520275 0.106237 0.123801 
0.106237 0.123801 0.285423 -0.0169675 
-0.389989 0.125649 0.106237 0.123801 
-0.400034 -0.0871577 0.0166225 -0.0520275 
-0.335882 -0.0649063 0.285423 -0.0169675 
-0.342266 -0.496323 -0.323131 -0.545726 
-0.323131 -0.545726 -0.347983 -0.178224 
-0.347983 -0.178224 -0.363879 -0.171421 
-0.363879 -0.171421 -0.342266 -0.496323 
-0.378406 -0.292221 -0.367093 -0.310078 
-0.367093 -0.310078 -0.376551 -0.165998 
-0.376551 -0.165998 -0.386889 -0.161574 
-0.386889 -0.161574 -0.378406 -0.292221 
