-0.190269 -0.44382 -0.126501 0.250036 
-0.272368 -0.18382 -0.242121 0.162062 
0.191619 -0.190892 0.222901 0.101515 
0.592853 -0.387322 0.656244 0.120287 
-0.190269 -0.44382 -0.272368 -0.18382 
-0.272368 -0.18382 0.191619 -0.190892 
0.191619 -0.190892 0.592853 -0.387322 
0.592853 -0.387322 -0.190269 -0.44382 
-0.126501 0.250036 0.362376 0.502973 
0.362376 0.502973 0.656244 0.120287 
-0.242121 0.162062 0.0269065 0.30342 
0.0269065 0.30342 0.222901 0.101515 
0.362376 0.502973 0.0269065 0.30342 
-0.126501 0.250036 -0.242121 0.162062 
0.656244 0.120287 0.222901 0.101515 
0.335195 -0.405911 0.47122 -0.396097 
0.47122 -0.396097 0.52038 0.014367 
0.52038 0.014367 0.384808 0.0291018 
0.384808 0.0291018 0.335195 -0.405911 
0.0329078 -0.184995 0.206717 -0.187866 
0.206717 -0.187866 0.231852 0.0457258 
0.231852 0.0457258 0.0579411 0.0646273 
0.0579411 0.0646273 0.0329078 -0.184995 
