0 0 0 1 0.293056 -0.388599 
0 0 6.5 1 0.259203 -0.0346322 
10 0 0 1 0.383542 -0.644424 
10 0 6.5 1 0.305295 0.0940277 
10 10 0 1 -0.621491 -0.604638 
10 10 6.5 1 -0.590068 0.00580106 
0 10 0 1 -0.220895 -0.39266 
0 10 6.5 1 -0.224737 -0.0709375 
0 5 10 1 -0.00299931 0.112963 
10 5 10 1 -0.189408 0.350802 
0 6 0 1 -0.0277304 -0.391134 
0 8 0 1 -0.126219 -0.391912 
0 8 5 1 -0.133199 -0.136699 
0 6 5 1 -0.0390149 -0.131034 
0 2 2.5 1 0.170927 -0.251206 
0 4 2.5 1 0.0666627 -0.254809 
0 4 5 1 0.0588721 -0.125146 
0 2 5 1 0.160685 -0.119021 
0.5 0.5 -0.5 1 0.268863 -0.424646 
0.5 0.5 6 1 0.235591 -0.0596894 
10.5 0.5 -0.5 1 0.335612 -0.738702 
10.5 0.5 6 1 0.259159 0.0491679 
10.5 10.5 -0.5 1 -0.707448 -0.678675 
10.5 10.5 6 1 -0.666089 -0.0349361 
0.5 10.5 -0.5 1 -0.25501 -0.425234 
0.5 10.5 6 1 -0.257112 -0.0944685 
0.5 5.5 9.5 1 -0.0308476 0.0932478 
10.5 5.5 9.5 1 -0.250498 0.323784 
0.5 6.5 -0.5 1 -0.0584324 -0.425013 
0.5 8.5 -0.5 1 -0.158708 -0.425126 
0.5 8.5 4.5 1 -0.164471 -0.162526 
0.5 6.5 4.5 1 -0.0686554 -0.157235 
0.5 2.5 2 1 0.144695 -0.282169 
0.5 4.5 2 1 0.0383737 -0.285225 
0.5 4.5 4.5 1 0.0310189 -0.151731 
0.5 2.5 4.5 1 0.13479 -0.146 
