0.25179 -0.458482 0.2058 0.151483 
-0.227095 -0.274965 -0.267628 0.0850519 
0.128422 -0.151683 0.106543 0.110861 
0.571627 -0.212402 0.553478 0.162016 
0.25179 -0.458482 -0.227095 -0.274965 
-0.227095 -0.274965 0.128422 -0.151683 
0.128422 -0.151683 0.571627 -0.212402 
0.571627 -0.212402 0.25179 -0.458482 
0.2058 0.151483 0.40736 0.422502 
0.40736 0.422502 0.553478 0.162016 
-0.267628 0.0850519 -0.0665733 0.269696 
-0.0665733 0.269696 0.106543 0.110861 
0.40736 0.422502 -0.0665733 0.269696 
0.2058 0.151483 -0.267628 0.0850519 
0.553478 0.162016 0.106543 0.110861 
0.478804 -0.28382 0.529105 -0.245118 
0.529105 -0.245118 0.512998 0.0646881 
0.512998 0.0646881 0.459823 0.054048 
0.459823 0.054048 0.478804 -0.28382 
0.330711 -0.184299 0.407163 -0.147288 
0.407163 -0.147288 0.395619 0.0412012 
0.395619 0.0412012 0.31656 0.0253816 
0.31656 0.0253816 0.330711 -0.184299 
