0.25681 -0.443066 0.251402 -0.0932277 
0.479429 -0.722285 0.441457 0.00517273 
-0.61604 -0.652891 -0.525485 0.0242567 
-0.271686 -0.418109 -0.245266 -0.0803384 
0.25681 -0.443066 0.479429 -0.722285 
0.479429 -0.722285 -0.61604 -0.652891 
-0.61604 -0.652891 -0.271686 -0.418109 
-0.271686 -0.418109 0.25681 -0.443066 
0.251402 -0.0932277 0.00465101 0.0816137 
0.00465101 0.0816137 -0.245266 -0.0803384 
0.441457 0.00517273 -0.0429235 0.327823 
-0.0429235 0.327823 -0.525485 0.0242567 
0.00465101 0.0816137 -0.0429235 0.327823 
0.251402 -0.0932277 0.441457 0.00517273 
-0.245266 -0.0803384 -0.525485 0.0242567 
-0.0644179 -0.427897 -0.168722 -0.422972 
-0.168722 -0.422972 -0.152829 -0.157652 
-0.152829 -0.157652 -0.0533608 -0.160698 
-0.0533608 -0.160698 -0.0644179 -0.427897 
0.148835 -0.299098 0.0443761 -0.295053 
0.0443761 -0.295053 0.0473494 -0.163782 
0.0473494 -0.163782 0.149325 -0.166905 
0.149325 -0.166905 0.148835 -0.299098 
