0.379098 -0.616747 0.311699 -0.00456375 
-0.254061 -0.486015 -0.260844 -0.084903 
0.0720991 -0.364205 0.0540454 -0.0958023 
0.530839 -0.400512 0.483095 -0.0517033 
0.379098 -0.616747 -0.254061 -0.486015 
-0.254061 -0.486015 0.0720991 -0.364205 
0.0720991 -0.364205 0.530839 -0.400512 
0.530839 -0.400512 0.379098 -0.616747 
0.311699 -0.00456375 0.392225 0.181238 
0.392225 0.181238 0.483095 -0.0517033 
-0.260844 -0.084903 -0.0811151 0.0690743 
-0.0811151 0.0690743 0.0540454 -0.0958023 
0.392225 0.181238 -0.0811151 0.0690743 
0.311699 -0.00456375 -0.260844 -0.084903 
0.483095 -0.0517033 0.0540454 -0.0958023 
0.489297 -0.459709 0.512045 -0.427293 
0.512045 -0.427293 0.472333 -0.129745 
0.472333 -0.129745 0.446746 -0.130805 
0.446746 -0.130805 0.489297 -0.459709 
0.400216 -0.335403 0.437689 -0.310701 
0.437689 -0.310701 0.415476 -0.132101 
0.415476 -0.132101 0.376393 -0.13372 
0.376393 -0.13372 0.400216 -0.335403 
