-0.291887 -0.00506221 -0.318148 0.274963 
0.104896 0.0253147 0.0998115 0.282695 
0.30201 -0.0627114 0.309023 0.348915 
-0.33019 -0.126495 -0.37901 0.346326 
-0.291887 -0.00506221 0.104896 0.0253147 
0.104896 0.0253147 0.30201 -0.0627114 
0.30201 -0.0627114 -0.33019 -0.126495 
-0.33019 -0.126495 -0.291887 -0.00506221 
-0.318148 0.274963 -0.360827 0.510474 
-0.360827 0.510474 -0.37901 0.346326 
0.0998115 0.282695 0.178434 0.494447 
0.178434 0.494447 0.309023 0.348915 
-0.360827 0.510474 0.178434 0.494447 
-0.318148 0.274963 0.0998115 0.282695 
-0.37901 0.346326 0.309023 0.348915 
-0.310026 -0.0625692 -0.318921 -0.0907681 
-0.318921 -0.0907681 -0.35045 0.223201 
-0.35045 0.223201 -0.337588 0.218062 
-0.337588 0.218062 -0.310026 -0.0625692 
-0.307642 0.092395 -0.314776 0.0841553 
-0.314776 0.0841553 -0.327294 0.21395 
-0.327294 0.21395 -0.318869 0.210585 
-0.318869 0.210585 -0.307642 0.092395 
