0 0 0 1 -0.512046 -0.866802 
0 0 6.5 1 -0.450559 -0.103956 
10 0 0 1 -0.266028 -0.511709 
10 0 6.5 1 -0.251392 -0.153105 
10 10 0 1 0.271618 -0.49866 
10 10 6.5 1 0.251494 -0.150038 
0 10 0 1 0.621723 -0.819471 
0 10 6.5 1 0.538908 -0.100423 
0 5 10 1 0.0503546 0.223174 
10 5 10 1 0.00173824 0.0204836 
0 6 0 1 0.184017 -0.837744 
0 8 0 1 0.405383 -0.828502 
0 8 5 1 0.360682 -0.252229 
0 6 5 1 0.161148 -0.25452 
0 2 2.5 1 -0.261954 -0.541863 
0 4 2.5 1 -0.042576 -0.536202 
0 4 5 1 -0.0425985 -0.25686 
0 2 5 1 -0.250692 -0.259249 
0.5 0.5 -0.5 1 -0.434741 -0.89244 
0.5 0.5 6 1 -0.385477 -0.1574 
10.5 0.5 -0.5 1 -0.234585 -0.531837 
10.5 0.5 6 1 -0.222274 -0.179394 
10.5 10.5 -0.5 1 0.290597 -0.518534 
10.5 10.5 6 1 0.269692 -0.175732 
0.5 10.5 -0.5 1 0.644942 -0.845801 
0.5 10.5 6 1 0.562554 -0.151451 
0.5 5.5 9.5 1 0.0912641 0.162091 
10.5 5.5 9.5 1 0.0245142 -0.00806057 
0.5 6.5 -0.5 1 0.22744 -0.863835 
0.5 8.5 -0.5 1 0.438481 -0.854719 
0.5 8.5 4.5 1 0.392412 -0.299121 
0.5 6.5 4.5 1 0.201304 -0.301789 
0.5 2.5 2 1 -0.200397 -0.580068 
0.5 4.5 2 1 0.00885881 -0.574245 
0.5 4.5 4.5 1 0.00632681 -0.304511 
0.5 2.5 4.5 1 -0.192637 -0.307289 
