0 0 0 1 0.0810474 -0.0826361 
0 0 6.5 1 0.0648632 0.174754 
10 0 0 1 0.509079 -0.12673 
10 0 6.5 1 0.507919 0.218598 
10 10 0 1 0.292588 -0.339497 
10 10 6.5 1 0.27275 0.23234 
0 10 0 1 -0.238561 -0.201199 
0 10 6.5 1 -0.278414 0.163957 
0 5 10 1 -0.0898666 0.343745 
10 5 10 1 0.417235 0.478021 
0 6 0 1 -0.0830931 -0.143526 
0 8 0 1 -0.154794 -0.170124 
0 8 5 1 -0.179628 0.0862555 
0 6 5 1 -0.103683 0.094659 
0 2 2.5 1 0.0260583 0.00241624 
0 4 2.5 1 -0.0295119 -0.0110046 
0 4 5 1 -0.0382602 0.101898 
0 2 5 1 0.0186849 0.108199 
0.5 0.5 -0.5 1 0.0871987 -0.108207 
0.5 0.5 6 1 0.0708162 0.154991 
10.5 0.5 -0.5 1 0.531911 -0.162627 
10.5 0.5 6 1 0.531854 0.193238 
10.5 10.5 -0.5 1 0.318738 -0.412411 
10.5 10.5 6 1 0.299952 0.188795 
0.5 10.5 -0.5 1 -0.241333 -0.242224 
0.5 10.5 6 1 -0.282859 0.134702 
0.5 5.5 9.5 1 -0.0875612 0.32511 
10.5 5.5 9.5 1 0.444516 0.456805 
0.5 6.5 -0.5 1 -0.0806464 -0.176676 
0.5 8.5 -0.5 1 -0.154545 -0.206821 
0.5 8.5 4.5 1 -0.18023 0.0570699 
0.5 6.5 4.5 1 -0.10181 0.0679841 
0.5 2.5 2 1 0.0312016 -0.0228855 
0.5 4.5 2 1 -0.025632 -0.0384752 
0.5 4.5 4.5 1 -0.034578 0.0773412 
0.5 2.5 4.5 1 0.0237006 0.0854522 
