0 0 0 1 0.269289 -0.191264 
0 0 6.5 1 0.249595 0.155983 
10 0 0 1 0.083049 -0.498049 
10 0 6.5 1 0.0301516 0.163527 
10 10 0 1 -0.575273 -0.367371 
10 10 6.5 1 -0.645081 0.0894495 
0 10 0 1 -0.169613 -0.1683 
0 10 6.5 1 -0.19909 0.112843 
0 5 10 1 -0.0133102 0.308398 
10 5 10 1 -0.411018 0.438754 
0 6 0 1 -0.0152983 -0.176374 
0 8 0 1 -0.0954475 -0.17218 
0 8 5 1 -0.117035 0.0509864 
0 6 5 1 -0.0357289 0.0559182 
0 2 2.5 1 0.157612 -0.0611133 
0 4 2.5 1 0.0622168 -0.0614161 
0 4 5 1 0.0525946 0.0612757 
0 2 5 1 0.148885 0.0671165 
0.5 0.5 -0.5 1 0.238586 -0.223944 
0.5 0.5 6 1 0.21751 0.12547 
10.5 0.5 -0.5 1 0.0206915 -0.566406 
10.5 0.5 6 1 -0.0380477 0.102924 
10.5 10.5 -0.5 1 -0.626757 -0.413031 
10.5 10.5 6 1 -0.700174 0.0474904 
0.5 10.5 -0.5 1 -0.197932 -0.194656 
0.5 10.5 6 1 -0.228526 0.0879046 
0.5 5.5 9.5 1 -0.0448547 0.282016 
10.5 5.5 9.5 1 -0.475188 0.392691 
0.5 6.5 -0.5 1 -0.0446317 -0.204942 
0.5 8.5 -0.5 1 -0.124278 -0.199598 
0.5 8.5 4.5 1 -0.146756 0.0247256 
0.5 6.5 4.5 1 -0.0659939 0.028604 
0.5 2.5 2 1 0.126832 -0.09158 
0.5 4.5 2 1 0.0319176 -0.0905764 
0.5 4.5 4.5 1 0.0218016 0.0328201 
0.5 2.5 4.5 1 0.117591 0.0374201 
