0 0 0 1 -0.460234 -0.890374 
0 0 6.5 1 -0.371879 -0.105499 
10 0 0 1 -0.29723 -0.500508 
10 0 6.5 1 -0.263369 -0.137506 
10 10 0 1 0.231327 -0.501443 
10 10 6.5 1 0.233918 -0.163736 
0 10 0 1 0.621308 -0.834633 
0 10 6.5 1 0.585769 -0.159491 
0 5 10 1 0.14868 0.193414 
10 5 10 1 0.0026907 0.0213725 
0 6 0 1 0.229458 -0.854828 
0 8 0 1 0.43135 -0.844423 
0 8 5 1 0.418523 -0.296681 
0 6 5 1 0.233715 -0.290469 
0 2 2.5 1 -0.191203 -0.562884 
0 4 2.5 1 0.0267773 -0.561346 
0 4 5 1 0.0379879 -0.28389 
0 2 5 1 -0.169656 -0.27691 
0.5 0.5 -0.5 1 -0.390736 -0.912062 
0.5 0.5 6 1 -0.314512 -0.162181 
10.5 0.5 -0.5 1 -0.268466 -0.520731 
10.5 0.5 6 1 -0.23707 -0.1653 
10.5 10.5 -0.5 1 0.245502 -0.520185 
10.5 10.5 6 1 0.247277 -0.189044 
0.5 10.5 -0.5 1 0.630965 -0.855844 
0.5 10.5 6 1 0.595947 -0.206729 
0.5 5.5 9.5 1 0.177357 0.130848 
10.5 5.5 9.5 1 0.0213313 -0.00824262 
0.5 6.5 -0.5 1 0.258907 -0.876316 
0.5 8.5 -0.5 1 0.450332 -0.865783 
0.5 8.5 4.5 1 0.436541 -0.34031 
0.5 6.5 4.5 1 0.260542 -0.335573 
0.5 2.5 2 1 -0.140377 -0.599223 
0.5 4.5 2 1 0.0655786 -0.596691 
0.5 4.5 4.5 1 0.0746238 -0.330569 
0.5 2.5 4.5 1 -0.122075 -0.325275 
