0.335861 -0.26434 0.292793 0.138562 
-0.315639 -0.377301 -0.35895 0.0966658 
-0.285059 -0.24009 -0.310655 0.0369473 
0.117538 -0.182524 0.0919286 0.0686213 
0.335861 -0.26434 -0.315639 -0.377301 
-0.315639 -0.377301 -0.285059 -0.24009 
-0.285059 -0.24009 0.117538 -0.182524 
0.117538 -0.182524 0.335861 -0.26434 
0.292793 0.138562 0.152037 0.260265 
0.152037 0.260265 0.0919286 0.0686213 
-0.35895 0.0966658 -0.345615 0.244949 
-0.345615 0.244949 -0.310655 0.0369473 
0.152037 0.260265 -0.345615 0.244949 
0.292793 0.138562 -0.35895 0.0966658 
0.0919286 0.0686213 -0.310655 0.0369473 
0.181555 -0.206514 0.146931 -0.193539 
0.146931 -0.193539 0.125456 0.0156964 
0.125456 0.0156964 0.157995 0.0213088 
0.157995 0.0213088 0.181555 -0.206514 
0.258631 -0.101917 0.209859 -0.0966387 
0.209859 -0.0966387 0.196852 0.0280112 
0.196852 0.0280112 0.244066 0.0361551 
0.244066 0.0361551 0.258631 -0.101917 
