0.0492905 -0.194388 0.0237866 0.0597756 
0.480907 -0.198371 0.445403 0.123224 
0.369596 -0.371526 0.310041 0.183148 
-0.24163 -0.310885 -0.277137 0.0696542 
0.0492905 -0.194388 0.480907 -0.198371 
0.480907 -0.198371 0.369596 -0.371526 
0.369596 -0.371526 -0.24163 -0.310885 
-0.24163 -0.310885 0.0492905 -0.194388 
0.0237866 0.0597756 -0.112743 0.226059 
-0.112743 0.226059 -0.277137 0.0696542 
0.445403 0.123224 0.371986 0.361318 
0.371986 0.361318 0.310041 0.183148 
-0.112743 0.226059 0.371986 0.361318 
0.0237866 0.0597756 0.445403 0.123224 
-0.277137 0.0696542 0.310041 0.183148 
-0.0962879 -0.252684 -0.162382 -0.279151 
-0.162382 -0.279151 -0.187781 -0.012409 
-0.187781 -0.012409 -0.119967 -0.00810514 
-0.119967 -0.00810514 -0.0962879 -0.252684 
-0.00276964 -0.105933 -0.0514379 -0.117068 
-0.0514379 -0.117068 -0.062493 -0.00445748 
-0.062493 -0.00445748 -0.0131607 -0.00132656 
-0.0131607 -0.00132656 -0.00276964 -0.105933 
