0 0 0 1 0.163119 -0.19544 
0 0 6.5 1 0.19133 0.0865848 
10 0 0 1 0.598149 -0.349852 
10 0 6.5 1 0.643628 0.108232 
10 10 0 1 -0.0345767 -0.431386 
10 10 6.5 1 0.0344843 0.257044 
0 10 0 1 -0.276212 -0.197417 
0 10 6.5 1 -0.240423 0.157778 
0 5 10 1 0.0172164 0.287255 
10 5 10 1 0.429718 0.463495 
0 6 0 1 -0.0756829 -0.196515 
0 8 0 1 -0.170999 -0.196944 
0 8 5 1 -0.144869 0.0628385 
0 6 5 1 -0.0508211 0.0510535 
0 2 2.5 1 0.101696 -0.0826016 
0 4 2.5 1 0.0229274 -0.0778756 
0 4 5 1 0.0347808 0.0403269 
0 2 5 1 0.113025 0.0305222 
0.5 0.5 -0.5 1 0.15671 -0.222785 
0.5 0.5 6 1 0.185783 0.0678398 
10.5 0.5 -0.5 1 0.609478 -0.402916 
10.5 0.5 6 1 0.65724 0.0782949 
10.5 10.5 -0.5 1 -0.0663222 -0.519573 
10.5 10.5 6 1 0.00814342 0.222451 
0.5 10.5 -0.5 1 -0.301338 -0.232211 
0.5 10.5 6 1 -0.264151 0.136733 
0.5 5.5 9.5 1 0.00508436 0.273123 
10.5 5.5 9.5 1 0.433151 0.448904 
0.5 6.5 -0.5 1 -0.0913634 -0.22789 
0.5 8.5 -0.5 1 -0.190979 -0.22994 
0.5 8.5 4.5 1 -0.163882 0.0393853 
0.5 6.5 4.5 1 -0.0656274 0.0283302 
0.5 2.5 2 1 0.0930508 -0.107564 
0.5 4.5 2 1 0.0112595 -0.10384 
0.5 4.5 4.5 1 0.0235097 0.018301 
0.5 2.5 4.5 1 0.104742 0.0091612 
