0.0621615 -0.144965 0.0377724 0.109375 
0.492499 -0.159744 0.467031 0.170008 
0.344199 -0.350627 0.296752 0.21163 
-0.238334 -0.26539 -0.279237 0.108054 
0.0621615 -0.144965 0.492499 -0.159744 
0.492499 -0.159744 0.344199 -0.350627 
0.344199 -0.350627 -0.238334 -0.26539 
-0.238334 -0.26539 0.0621615 -0.144965 
0.0377724 0.109375 -0.107119 0.275105 
-0.107119 0.275105 -0.279237 0.108054 
0.467031 0.170008 0.386033 0.415461 
0.386033 0.415461 0.296752 0.21163 
-0.107119 0.275105 0.386033 0.415461 
0.0377724 0.109375 0.467031 0.170008 
-0.279237 0.108054 0.296752 0.21163 
-0.0896874 -0.205819 -0.157645 -0.233053 
-0.157645 -0.233053 -0.185353 0.0287109 
-0.185353 0.0287109 -0.114472 0.0353629 
-0.114472 0.0353629 -0.0896874 -0.205819 
0.00829129 -0.0587517 -0.0428093 -0.0713092 
-0.0428093 -0.0713092 -0.0540586 0.0410325 
-0.0540586 0.0410325 -0.00195285 0.0459224 
-0.00195285 0.0459224 0.00829129 -0.0587517 
