-0.103798 -0.407299 -0.0889961 -0.139172 
0.326215 -0.451986 0.320554 -0.150692 
0.364593 -0.648401 0.351595 -0.118544 
-0.344395 -0.540716 -0.303263 -0.105531 
-0.103798 -0.407299 0.326215 -0.451986 
0.326215 -0.451986 0.364593 -0.648401 
0.364593 -0.648401 -0.344395 -0.540716 
-0.344395 -0.540716 -0.103798 -0.407299 
-0.0889961 -0.139172 -0.160331 0.0373714 
-0.160331 0.0373714 -0.303263 -0.105531 
0.320554 -0.150692 0.328137 0.0480828 
0.328137 0.0480828 0.351595 -0.118544 
-0.160331 0.0373714 0.328137 0.0480828 
-0.0889961 -0.139172 0.320554 -0.150692 
-0.303263 -0.105531 0.351595 -0.118544 
-0.21899 -0.471176 -0.274647 -0.502039 
-0.274647 -0.502039 -0.24947 -0.199804 
-0.24947 -0.199804 -0.198818 -0.199488 
-0.198818 -0.199488 -0.21899 -0.471176 
-0.128767 -0.309772 -0.165129 -0.319939 
-0.165129 -0.319939 -0.157068 -0.199227 
-0.157068 -0.199227 -0.122062 -0.199009 
-0.122062 -0.199009 -0.128767 -0.309772 
