-0.520093 -0.796465 -0.479489 -0.06782 
-0.248948 -0.477846 -0.244894 -0.128167 
0.284057 -0.457851 0.255797 -0.111182 
0.599468 -0.750927 0.506417 -0.0350648 
-0.520093 -0.796465 -0.248948 -0.477846 
-0.248948 -0.477846 0.284057 -0.457851 
0.284057 -0.457851 0.599468 -0.750927 
0.599468 -0.750927 -0.520093 -0.796465 
-0.479489 -0.06782 0.00396518 0.270286 
0.00396518 0.270286 0.506417 -0.0350648 
-0.244894 -0.128167 0.000128 0.0508581 
0.000128 0.0508581 0.255797 -0.111182 
0.00396518 0.270286 0.000128 0.0508581 
-0.479489 -0.06782 -0.244894 -0.128167 
0.506417 -0.0350648 0.255797 -0.111182 
0.15474 -0.769016 0.377615 -0.75995 
0.377615 -0.75995 0.324791 -0.191706 
0.324791 -0.191706 0.122873 -0.198729 
0.122873 -0.198729 0.15474 -0.769016 
-0.28854 -0.485757 -0.0747937 -0.477724 
-0.0747937 -0.477724 -0.0798891 -0.205781 
-0.0798891 -0.205781 -0.283501 -0.212863 
-0.283501 -0.212863 -0.28854 -0.485757 
