-0.16 -0.39665 -0.100484 0.295571 
-0.267213 -0.149406 -0.24038 0.198102 
0.191297 -0.154074 0.222862 0.136777 
0.595512 -0.337098 0.664241 0.161558 
-0.16 -0.39665 -0.267213 -0.149406 
-0.267213 -0.149406 0.191297 -0.154074 
0.191297 -0.154074 0.595512 -0.337098 
0.595512 -0.337098 -0.16 -0.39665 
-0.100484 0.295571 0.383307 0.549381 
0.383307 0.549381 0.664241 0.161558 
-0.24038 0.198102 0.0283682 0.340969 
0.0283682 0.340969 0.222862 0.136777 
0.383307 0.549381 0.0283682 0.340969 
-0.100484 0.295571 -0.24038 0.198102 
0.664241 0.161558 0.222862 0.136777 
0.348918 -0.356535 0.479341 -0.346255 
0.479341 -0.346255 0.531672 0.0566522 
0.531672 0.0566522 0.400691 0.0715131 
0.400691 0.0715131 0.348918 -0.356535 
0.057236 -0.14094 0.226356 -0.143443 
0.226356 -0.143443 0.252051 0.0883776 
0.252051 0.0883776 0.0819213 0.10768 
0.0819213 0.10768 0.057236 -0.14094 
