-0.358292 -0.329955 -0.385809 -0.0308769 
0.052397 -0.245595 0.027143 0.00597629 
0.324466 -0.345615 0.283278 0.044341 
-0.297774 -0.524144 -0.345811 -0.00680909 
-0.358292 -0.329955 0.052397 -0.245595 
0.052397 -0.245595 0.324466 -0.345615 
0.324466 -0.345615 -0.297774 -0.524144 
-0.297774 -0.524144 -0.358292 -0.329955 
-0.385809 -0.0308769 -0.389743 0.179689 
-0.389743 0.179689 -0.345811 -0.00680909 
0.027143 0.00597629 0.110995 0.184175 
0.110995 0.184175 0.283278 0.044341 
-0.389743 0.179689 0.110995 0.184175 
-0.385809 -0.0308769 0.027143 0.00597629 
-0.345811 -0.00680909 0.283278 0.044341 
-0.330193 -0.420119 -0.31605 -0.4655 
-0.31605 -0.4655 -0.348274 -0.117512 
-0.348274 -0.117512 -0.358708 -0.111517 
-0.358708 -0.111517 -0.330193 -0.420119 
-0.362272 -0.228329 -0.354284 -0.24496 
-0.354284 -0.24496 -0.367034 -0.106733 
-0.367034 -0.106733 -0.373833 -0.102827 
-0.373833 -0.102827 -0.362272 -0.228329 
