0.242376 -0.207528 0.283013 0.161246 
-0.277861 -0.303615 -0.226241 0.302242 
-0.540605 -0.125596 -0.514722 0.235426 
-0.100211 -0.106367 -0.0759315 0.154665 
0.242376 -0.207528 -0.277861 -0.303615 
-0.277861 -0.303615 -0.540605 -0.125596 
-0.540605 -0.125596 -0.100211 -0.106367 
-0.100211 -0.106367 0.242376 -0.207528 
0.283013 0.161246 0.089268 0.325783 
0.089268 0.325783 -0.0759315 0.154665 
-0.226241 0.302242 -0.38826 0.512228 
-0.38826 0.512228 -0.514722 0.235426 
0.089268 0.325783 -0.38826 0.512228 
0.283013 0.161246 -0.226241 0.302242 
-0.0759315 0.154665 -0.514722 0.235426 
0.00964686 -0.138806 -0.048688 -0.12158 
-0.048688 -0.12158 -0.0283671 0.0910129 
-0.0283671 0.0910129 0.031969 0.0878065 
0.031969 0.0878065 0.00964686 -0.138806 
0.166688 -0.0514354 0.0885217 -0.0378768 
0.0885217 -0.0378768 0.100948 0.0841409 
0.100948 0.0841409 0.180571 0.0799097 
0.180571 0.0799097 0.166688 -0.0514354 
