0 0 0 1 0.263032 -0.164475 
0 0 6.5 1 0.250389 0.184163 
10 0 0 1 0.0431595 -0.460935 
10 0 6.5 1 -0.00294839 0.190838 
10 10 0 1 -0.57463 -0.317086 
10 10 6.5 1 -0.645602 0.127412 
0 10 0 1 -0.166786 -0.132332 
0 10 6.5 1 -0.193953 0.146746 
0 5 10 1 -0.00943771 0.341908 
10 5 10 1 -0.42799 0.473046 
0 6 0 1 -0.0167261 -0.143554 
0 8 0 1 -0.0948075 -0.137715 
0 8 5 1 -0.114111 0.0837634 
0 6 5 1 -0.0343006 0.0874313 
0 2 2.5 1 0.154836 -0.032758 
0 4 2.5 1 0.0606756 -0.0312826 
0 4 5 1 0.0528202 0.0914351 
0 2 5 1 0.148305 0.0958234 
0.5 0.5 -0.5 1 0.231125 -0.196193 
0.5 0.5 6 1 0.216777 0.15359 
10.5 0.5 -0.5 1 -0.0199201 -0.524736 
10.5 0.5 6 1 -0.0729824 0.130804 
10.5 10.5 -0.5 1 -0.623789 -0.359398 
10.5 10.5 6 1 -0.69872 0.0868851 
0.5 10.5 -0.5 1 -0.195005 -0.157621 
0.5 10.5 6 1 -0.223471 0.12219 
0.5 5.5 9.5 1 -0.041809 0.315276 
10.5 5.5 9.5 1 -0.491857 0.426635 
0.5 6.5 -0.5 1 -0.0463746 -0.171075 
0.5 8.5 -0.5 1 -0.123731 -0.164073 
0.5 8.5 4.5 1 -0.144079 0.0579983 
0.5 6.5 4.5 1 -0.0650516 0.0605549 
0.5 2.5 2 1 0.123088 -0.0625797 
0.5 4.5 2 1 0.0297139 -0.059742 
0.5 4.5 4.5 1 0.0212655 0.0633474 
0.5 2.5 4.5 1 0.11593 0.0664099 
