0 0 0 1 0.323671 -0.490787 
0 0 6.5 1 0.355964 0.01573 
10 0 0 1 -0.331861 -0.352331 
10 0 6.5 1 -0.285549 0.0493329 
10 10 0 1 -0.0827848 -0.262983 
10 10 6.5 1 -0.058231 -0.00892381 
0 10 0 1 0.330851 -0.329327 
0 10 6.5 1 0.34956 -0.0369919 
0 5 10 1 0.364124 0.173392 
10 5 10 1 -0.129911 0.175166 
0 6 0 1 0.328862 -0.374053 
0 8 0 1 0.329949 -0.349611 
0 8 5 1 0.345752 -0.102552 
0 6 5 1 0.346274 -0.101692 
0 2 2.5 1 0.336925 -0.268294 
0 4 2.5 1 0.337334 -0.250559 
0 4 5 1 0.346912 -0.10064 
0 2 5 1 0.34771 -0.0993244 
0.5 0.5 -0.5 1 0.282419 -0.507779 
0.5 0.5 6 1 0.314857 -0.0224178 
10.5 0.5 -0.5 1 -0.341461 -0.370931 
10.5 0.5 6 1 -0.296471 0.0173252 
10.5 10.5 -0.5 1 -0.0946085 -0.276895 
10.5 10.5 6 1 -0.0703761 -0.0282644 
0.5 10.5 -0.5 1 0.306495 -0.343507 
0.5 10.5 6 1 0.325264 -0.0583414 
0.5 5.5 9.5 1 0.333648 0.140364 
10.5 5.5 9.5 1 -0.142561 0.14699 
0.5 6.5 -0.5 1 0.299733 -0.389646 
0.5 8.5 -0.5 1 0.303419 -0.364493 
0.5 8.5 4.5 1 0.319274 -0.124077 
0.5 6.5 4.5 1 0.317205 -0.125336 
0.5 2.5 2 1 0.300735 -0.291587 
0.5 4.5 2 1 0.305073 -0.271925 
0.5 4.5 4.5 1 0.31469 -0.126867 
0.5 2.5 4.5 1 0.311568 -0.128768 
