0.104395 -0.0435352 0.104055 0.219753 
0.529293 -0.127719 0.560322 0.237908 
0.223799 -0.337468 0.237847 0.249758 
-0.243226 -0.14199 -0.269262 0.219488 
0.104395 -0.0435352 0.529293 -0.127719 
0.529293 -0.127719 0.223799 -0.337468 
0.223799 -0.337468 -0.243226 -0.14199 
-0.243226 -0.14199 0.104395 -0.0435352 
0.104055 0.219753 -0.0570033 0.399684 
-0.0570033 0.399684 -0.269262 0.219488 
0.560322 0.237908 0.457209 0.521506 
0.457209 0.521506 0.237847 0.249758 
-0.0570033 0.399684 0.457209 0.521506 
0.104055 0.219753 0.560322 0.237908 
-0.269262 0.219488 0.237847 0.249758 
-0.0770983 -0.0949386 -0.154396 -0.116831 
-0.154396 -0.116831 -0.168072 0.137927 
-0.168072 0.137927 -0.0861299 0.143539 
-0.0861299 0.143539 -0.0770983 -0.0949386 
0.0496061 0.0448334 -0.0118669 0.0338948 
-0.0118669 0.0338948 -0.0146277 0.148436 
-0.0146277 0.148436 0.0483106 0.152746 
0.0483106 0.152746 0.0496061 0.0448334 
