0 0 0 1 0.297732 -0.338309 
0 0 6.5 1 0.258111 0.0134272 
10 0 0 1 0.307444 -0.618154 
10 0 6.5 1 0.226753 0.112565 
10 10 0 1 -0.606122 -0.569473 
10 10 6.5 1 -0.616175 -0.00333776 
0 10 0 1 -0.197105 -0.347579 
0 10 6.5 1 -0.215891 -0.0389746 
0 5 10 1 -0.00874764 0.153346 
10 5 10 1 -0.265184 0.357755 
0 6 0 1 -0.0151375 -0.34417 
0 8 0 1 -0.108504 -0.345919 
0 8 5 1 -0.125703 -0.100693 
0 6 5 1 -0.0352399 -0.0925694 
0 2 2.5 1 0.17391 -0.205809 
0 4 2.5 1 0.0715787 -0.2114 
0 4 5 1 0.0600873 -0.0840087 
0 2 5 1 0.160682 -0.074975 
0.5 0.5 -0.5 1 0.27221 -0.374379 
0.5 0.5 6 1 0.232698 -0.0137391 
10.5 0.5 -0.5 1 0.252966 -0.709243 
10.5 0.5 6 1 0.172921 0.0608968 
10.5 10.5 -0.5 1 -0.680516 -0.636615 
10.5 10.5 6 1 -0.686468 -0.0471346 
0.5 10.5 -0.5 1 -0.228908 -0.379137 
0.5 10.5 6 1 -0.247002 -0.0637069 
0.5 5.5 9.5 1 -0.0372613 0.131221 
10.5 5.5 9.5 1 -0.32872 0.323467 
0.5 6.5 -0.5 1 -0.0449612 -0.377391 
0.5 8.5 -0.5 1 -0.139391 -0.378287 
0.5 8.5 4.5 1 -0.156117 -0.12746 
0.5 6.5 4.5 1 -0.0646646 -0.119889 
0.5 2.5 2 1 0.146842 -0.237501 
0.5 4.5 2 1 0.043141 -0.242326 
0.5 4.5 4.5 1 0.031806 -0.111903 
0.5 2.5 4.5 1 0.13372 -0.103466 
