0 0 0 1 0.183796 -0.344325 
0 0 6.5 1 0.19962 -0.0445568 
10 0 0 1 0.631628 -0.530661 
10 0 6.5 1 0.630968 -0.0107133 
10 10 0 1 -0.158972 -0.623061 
10 10 6.5 1 -0.0920698 0.111217 
0 10 0 1 -0.293454 -0.349892 
0 10 6.5 1 -0.253693 0.0104402 
0 5 10 1 0.00674908 0.146162 
10 5 10 1 0.340141 0.333198 
0 6 0 1 -0.0803279 -0.347406 
0 8 0 1 -0.182589 -0.348599 
0 8 5 1 -0.1565 -0.0795902 
0 6 5 1 -0.0584155 -0.0885486 
0 2 2.5 1 0.109747 -0.223157 
0 4 2.5 1 0.0235659 -0.219673 
0 4 5 1 0.0325606 -0.0968577 
0 2 5 1 0.117174 -0.104586 
0.5 0.5 -0.5 1 0.175397 -0.374832 
0.5 0.5 6 1 0.192052 -0.0641141 
10.5 0.5 -0.5 1 0.643822 -0.596493 
10.5 0.5 6 1 0.642333 -0.0427399 
10.5 10.5 -0.5 1 -0.211752 -0.728305 
10.5 10.5 6 1 -0.134523 0.0753426 
0.5 10.5 -0.5 1 -0.323471 -0.387313 
0.5 10.5 6 1 -0.28078 -0.0110321 
0.5 5.5 9.5 1 -0.00811601 0.131899 
10.5 5.5 9.5 1 0.334316 0.319079 
0.5 6.5 -0.5 1 -0.0998058 -0.381717 
0.5 8.5 -0.5 1 -0.206944 -0.384398 
0.5 8.5 4.5 1 -0.179033 -0.103863 
0.5 6.5 4.5 1 -0.0764544 -0.112205 
0.5 2.5 2 1 0.098596 -0.250111 
0.5 4.5 2 1 0.00888388 -0.247529 
0.5 4.5 4.5 1 0.0184267 -0.119921 
0.5 2.5 4.5 1 0.106445 -0.12708 
