-0.540267 -0.531417 -0.568496 0.0870227 
-0.216108 -0.306044 -0.239095 0.0120957 
0.288044 -0.27209 0.250211 0.0636962 
0.465415 -0.488996 0.379535 0.199899 
-0.540267 -0.531417 -0.216108 -0.306044 
-0.216108 -0.306044 0.288044 -0.27209 
0.288044 -0.27209 0.465415 -0.488996 
0.465415 -0.488996 -0.540267 -0.531417 
-0.568496 0.0870227 -0.147642 0.464468 
-0.147642 0.464468 0.379535 0.199899 
-0.239095 0.0120957 -0.0168956 0.206146 
-0.0168956 0.206146 0.250211 0.0636962 
-0.147642 0.464468 -0.0168956 0.206146 
-0.568496 0.0870227 -0.239095 0.0120957 
0.379535 0.199899 0.250211 0.0636962 
0.0345513 -0.50717 0.244755 -0.498304 
0.244755 -0.498304 0.188486 0.0262015 
0.188486 0.0262015 -0.011995 0.00576406 
-0.011995 0.00576406 0.0345513 -0.50717 
-0.37235 -0.273261 -0.185119 -0.259669 
-0.185119 -0.259669 -0.203561 -0.0137646 
-0.203561 -0.0137646 -0.386794 -0.0324438 
-0.386794 -0.0324438 -0.37235 -0.273261 
