0.131777 -0.0483521 0.15011 0.222041 
0.556133 -0.169582 0.61498 0.224516 
0.140006 -0.337941 0.185737 0.2866 
-0.251053 -0.106353 -0.252052 0.255595 
0.131777 -0.0483521 0.556133 -0.169582 
0.556133 -0.169582 0.140006 -0.337941 
0.140006 -0.337941 -0.251053 -0.106353 
-0.251053 -0.106353 0.131777 -0.0483521 
0.15011 0.222041 -0.013943 0.418134 
-0.013943 0.418134 -0.252052 0.255595 
0.61498 0.224516 0.488145 0.54709 
0.488145 0.54709 0.185737 0.2866 
-0.013943 0.418134 0.488145 0.54709 
0.15011 0.222041 0.61498 0.224516 
-0.252052 0.255595 0.185737 0.2866 
-0.0710814 -0.0790863 -0.155484 -0.0918737 
-0.155484 -0.0918737 -0.151629 0.165152 
-0.151629 0.165152 -0.0636792 0.162823 
-0.0636792 0.162823 -0.0710814 -0.0790863 
0.0772528 0.048581 0.00897229 0.0441628 
0.00897229 0.0441628 0.0141514 0.160762 
0.0141514 0.160762 0.0835139 0.158926 
0.0835139 0.158926 0.0772528 0.048581 
