0 0 0 1 -0.168914 -0.281161 
0 0 6.5 1 -0.142185 -0.0245155 
10 0 0 1 0.235311 -0.333609 
10 0 6.5 1 0.257304 -0.0617997 
10 10 0 1 0.309169 -0.520127 
10 10 6.5 1 0.344418 -0.0558709 
0 10 0 1 -0.362681 -0.417299 
0 10 6.5 1 -0.314487 0.0044101 
0 5 10 1 -0.189641 0.153564 
10 5 10 1 0.303853 0.119585 
0 6 0 1 -0.261304 -0.346073 
0 8 0 1 -0.306193 -0.377612 
0 8 5 1 -0.274034 -0.0887837 
0 6 5 1 -0.233057 -0.0869232 
0 2 2.5 1 -0.183056 -0.190967 
0 4 2.5 1 -0.212106 -0.202117 
0 4 5 1 -0.199607 -0.0854045 
0 2 5 1 -0.171786 -0.0841413 
0.5 0.5 -0.5 1 -0.157494 -0.308453 
0.5 0.5 6 1 -0.130304 -0.0453287 
10.5 0.5 -0.5 1 0.257667 -0.363823 
10.5 0.5 6 1 0.279858 -0.0847386 
10.5 10.5 -0.5 1 0.351333 -0.580943 
10.5 10.5 6 1 0.386952 -0.0950669 
0.5 10.5 -0.5 1 -0.351368 -0.468391 
0.5 10.5 6 1 -0.301567 -0.0289078 
0.5 5.5 9.5 1 -0.176361 0.133071 
10.5 5.5 9.5 1 0.333528 0.0965596 
0.5 6.5 -0.5 1 -0.249179 -0.38409 
0.5 8.5 -0.5 1 -0.294221 -0.421248 
0.5 8.5 4.5 1 -0.261146 -0.121633 
0.5 6.5 4.5 1 -0.220235 -0.116288 
0.5 2.5 2 1 -0.171083 -0.218116 
0.5 4.5 2 1 -0.19982 -0.232165 
0.5 4.5 4.5 1 -0.187053 -0.111953 
0.5 2.5 4.5 1 -0.159598 -0.108366 
