0 0 0 1 0.285952 -0.35453 
0 0 6.5 1 0.249501 -0.0286539 
10 0 0 1 0.638286 -0.613345 
10 0 6.5 1 0.547696 0.0355403 
10 10 0 1 -0.394214 -0.751902 
10 10 6.5 1 -0.429781 -0.0462273 
0 10 0 1 -0.223287 -0.411183 
0 10 6.5 1 -0.245984 -0.0715558 
0 5 10 1 -0.00909512 0.121484 
10 5 10 1 0.0444735 0.328846 
0 6 0 1 -0.0149964 -0.388011 
0 8 0 1 -0.118353 -0.399509 
0 8 5 1 -0.138195 -0.138671 
0 6 5 1 -0.0370324 -0.12935 
0 2 2.5 1 0.173861 -0.236884 
0 4 2.5 1 0.0745984 -0.246967 
0 4 5 1 0.0626541 -0.120164 
0 2 5 1 0.160897 -0.111112 
0.5 0.5 -0.5 1 0.272723 -0.390576 
0.5 0.5 6 1 0.235599 -0.0541458 
10.5 0.5 -0.5 1 0.632806 -0.703818 
10.5 0.5 6 1 0.537255 -0.0117557 
10.5 10.5 -0.5 1 -0.469579 -0.859367 
10.5 10.5 6 1 -0.502591 -0.102428 
0.5 10.5 -0.5 1 -0.252922 -0.450415 
0.5 10.5 6 1 -0.2754 -0.0993179 
0.5 5.5 9.5 1 -0.0305834 0.100312 
10.5 5.5 9.5 1 0.00448014 0.298503 
0.5 6.5 -0.5 1 -0.0377751 -0.425923 
0.5 8.5 -0.5 1 -0.144508 -0.438073 
0.5 8.5 4.5 1 -0.164336 -0.168445 
0.5 6.5 4.5 1 -0.0599411 -0.158619 
0.5 2.5 2 1 0.157336 -0.269266 
0.5 4.5 2 1 0.0549578 -0.279899 
0.5 4.5 4.5 1 0.0428852 -0.148941 
0.5 2.5 4.5 1 0.144178 -0.139407 
