0 0 0 1 0.246523 -0.451962 
0 0 6.5 1 0.266043 -0.0588403 
10 0 0 1 -0.373492 -0.570014 
10 0 6.5 1 -0.303282 0.0278306 
10 10 0 1 -0.523702 -0.350233 
10 10 6.5 1 -0.476706 -0.00806874 
0 10 0 1 -0.0727555 -0.32252 
0 10 6.5 1 -0.0499222 -0.0588913 
0 5 10 1 0.0895404 0.101939 
10 5 10 1 -0.384351 0.222413 
0 6 0 1 0.0258844 -0.36251 
0 8 0 1 -0.0269139 -0.341105 
0 8 5 1 -0.00914655 -0.122399 
0 6 5 1 0.04356 -0.127082 
0 2 2.5 1 0.16823 -0.275643 
0 4 2.5 1 0.0961393 -0.258114 
0 4 5 1 0.104673 -0.132511 
0 2 5 1 0.176379 -0.138882 
0.5 0.5 -0.5 1 0.201131 -0.477691 
0.5 0.5 6 1 0.222573 -0.084779 
10.5 0.5 -0.5 1 -0.439718 -0.608824 
10.5 0.5 6 1 -0.365517 -0.0114774 
10.5 10.5 -0.5 1 -0.561065 -0.373088 
10.5 10.5 6 1 -0.512768 -0.0310663 
0.5 10.5 -0.5 1 -0.102469 -0.340103 
0.5 10.5 6 1 -0.078802 -0.0765604 
0.5 5.5 9.5 1 0.0554516 0.0808789 
10.5 5.5 9.5 1 -0.428957 0.193337 
0.5 6.5 -0.5 1 -0.00859718 -0.382645 
0.5 8.5 -0.5 1 -0.058835 -0.359878 
0.5 8.5 4.5 1 -0.0403233 -0.141253 
0.5 6.5 4.5 1 0.00994561 -0.147312 
0.5 2.5 2 1 0.127788 -0.299271 
0.5 4.5 2 1 0.0591709 -0.279887 
0.5 4.5 4.5 1 0.0682093 -0.154335 
0.5 2.5 4.5 1 0.13654 -0.162571 
