0 0 0 1 0.315769 -0.244799 
0 0 6.5 1 0.364717 0.188919 
10 0 0 1 -0.311753 -0.182981 
10 0 6.5 1 -0.310945 0.222953 
10 10 0 1 -0.147675 -0.0536378 
10 10 6.5 1 -0.140091 0.199296 
0 10 0 1 0.241633 -0.0854003 
0 10 6.5 1 0.267197 0.178068 
0 5 10 1 0.323221 0.374548 
10 5 10 1 -0.201255 0.390352 
0 6 0 1 0.263029 -0.131404 
0 8 0 1 0.251422 -0.106449 
0 8 5 1 0.272966 0.111011 
0 6 5 1 0.287132 0.106044 
0 2 2.5 1 0.309523 -0.056536 
0 4 2.5 1 0.290366 -0.0336353 
0 4 5 1 0.304329 0.100015 
0 2 5 1 0.325647 0.0925419 
0.5 0.5 -0.5 1 0.274189 -0.258792 
0.5 0.5 6 1 0.318001 0.155412 
10.5 0.5 -0.5 1 -0.3273 -0.198331 
10.5 0.5 6 1 -0.327583 0.190485 
10.5 10.5 -0.5 1 -0.161395 -0.066416 
10.5 10.5 6 1 -0.154575 0.179782 
0.5 10.5 -0.5 1 0.21775 -0.0979632 
0.5 10.5 6 1 0.241605 0.158198 
0.5 5.5 9.5 1 0.288433 0.34249 
10.5 5.5 9.5 1 -0.217759 0.359598 
0.5 6.5 -0.5 1 0.234221 -0.144899 
0.5 8.5 -0.5 1 0.225304 -0.119491 
0.5 8.5 4.5 1 0.245302 0.0915023 
0.5 6.5 4.5 1 0.256449 0.084857 
0.5 2.5 2 1 0.271855 -0.0761023 
0.5 4.5 2 1 0.257133 -0.0519666 
0.5 4.5 4.5 1 0.269901 0.0768372 
0.5 2.5 4.5 1 0.286456 0.0669672 
