-0.423486 -0.474572 -0.427497 -0.140869 
0.0154025 -0.381658 -0.00332276 -0.11611 
0.330047 -0.489112 0.285069 -0.0830335 
-0.308615 -0.702367 -0.324156 -0.11186 
-0.423486 -0.474572 0.0154025 -0.381658 
0.0154025 -0.381658 0.330047 -0.489112 
0.330047 -0.489112 -0.308615 -0.702367 
-0.308615 -0.702367 -0.423486 -0.474572 
-0.427497 -0.140869 -0.393115 0.0804082 
-0.393115 0.0804082 -0.324156 -0.11186 
-0.00332276 -0.11611 0.0976765 0.0589442 
0.0976765 0.0589442 0.285069 -0.0830335 
-0.393115 0.0804082 0.0976765 0.0589442 
-0.427497 -0.140869 -0.00332276 -0.11611 
-0.324156 -0.11186 0.285069 -0.0830335 
-0.3709 -0.578854 -0.343944 -0.632308 
-0.343944 -0.632308 -0.352742 -0.232595 
-0.352742 -0.232595 -0.377473 -0.226789 
-0.377473 -0.226789 -0.3709 -0.578854 
-0.411319 -0.357838 -0.394713 -0.376156 
-0.394713 -0.376156 -0.397178 -0.222163 
-0.397178 -0.222163 -0.413247 -0.218391 
-0.413247 -0.218391 -0.411319 -0.357838 
