-0.591747 -0.215552 -0.645725 0.246611 
-0.183886 -0.0583068 -0.192348 0.227175 
0.247771 -0.118711 0.268414 0.229056 
0.0463621 -0.391696 0.0585481 0.259345 
-0.591747 -0.215552 -0.183886 -0.0583068 
-0.183886 -0.0583068 0.247771 -0.118711 
0.247771 -0.118711 0.0463621 -0.391696 
0.0463621 -0.391696 -0.591747 -0.215552 
-0.645725 0.246611 -0.381176 0.598262 
-0.381176 0.598262 0.0585481 0.259345 
-0.192348 0.227175 0.0158591 0.414208 
0.0158591 0.414208 0.268414 0.229056 
-0.381176 0.598262 0.0158591 0.414208 
-0.645725 0.246611 -0.192348 0.227175 
0.0585481 0.259345 0.268414 0.229056 
-0.262285 -0.306497 -0.119531 -0.345902 
-0.119531 -0.345902 -0.1274 0.103489 
-0.1274 0.103489 -0.282434 0.112281 
-0.282434 0.112281 -0.262285 -0.306497 
-0.512566 -0.0648294 -0.400406 -0.0840861 
-0.400406 -0.0840861 -0.415558 0.11983 
-0.415558 0.11983 -0.53111 0.126383 
-0.53111 0.126383 -0.512566 -0.0648294 
