-0.3467 -0.713383 -0.263152 0.0221736 
-0.297786 -0.373551 -0.258259 -0.0228122 
0.200357 -0.382787 0.222117 -0.0707933 
0.595006 -0.658072 0.615402 -0.0746156 
-0.3467 -0.713383 -0.297786 -0.373551 
-0.297786 -0.373551 0.200357 -0.382787 
0.200357 -0.382787 0.595006 -0.658072 
0.595006 -0.658072 -0.3467 -0.713383 
-0.263152 0.0221736 0.248192 0.290118 
0.248192 0.290118 0.615402 -0.0746156 
-0.258259 -0.0228122 0.011365 0.121944 
0.011365 0.121944 0.222117 -0.0707933 
0.248192 0.290118 0.011365 0.121944 
-0.263152 0.0221736 -0.258259 -0.0228122 
0.615402 -0.0746156 0.222117 -0.0707933 
0.2711 -0.677096 0.440279 -0.66716 
0.440279 -0.66716 0.462985 -0.193399 
0.462985 -0.193399 0.301856 -0.181716 
0.301856 -0.181716 0.2711 -0.677096 
-0.0931377 -0.421105 0.105933 -0.422699 
0.105933 -0.422699 0.125626 -0.168938 
0.125626 -0.168938 -0.0679324 -0.154904 
-0.0679324 -0.154904 -0.0931377 -0.421105 
