0 0 0 1 0.123838 -0.0409058 
0 0 6.5 1 0.137006 0.22748 
10 0 0 1 0.547793 -0.152627 
10 0 6.5 1 0.600154 0.232203 
10 10 0 1 0.165993 -0.336845 
10 10 6.5 1 0.203282 0.274562 
0 10 0 1 -0.248422 -0.112161 
0 10 6.5 1 -0.257483 0.249681 
0 5 10 1 -0.0263977 0.419019 
10 5 10 1 0.48209 0.542598 
0 6 0 1 -0.0725975 -0.0785059 
0 8 0 1 -0.154872 -0.0942542 
0 8 5 1 -0.156466 0.161956 
0 6 5 1 -0.0701364 0.162279 
0 2 2.5 1 0.0693551 0.053118 
0 4 2.5 1 0.00306804 0.046498 
0 4 5 1 0.00593577 0.162564 
0 2 5 1 0.0734763 0.162816 
0.5 0.5 -0.5 1 0.123809 -0.0677039 
0.5 0.5 6 1 0.137316 0.206172 
10.5 0.5 -0.5 1 0.562829 -0.195404 
10.5 0.5 6 1 0.618421 0.200758 
10.5 10.5 -0.5 1 0.168338 -0.416225 
10.5 10.5 6 1 0.208375 0.224092 
0.5 10.5 -0.5 1 -0.260842 -0.150815 
0.5 10.5 6 1 -0.271162 0.221056 
0.5 5.5 9.5 1 -0.0311073 0.399389 
10.5 5.5 9.5 1 0.50035 0.516645 
0.5 6.5 -0.5 1 -0.0783547 -0.111385 
0.5 8.5 -0.5 1 -0.163565 -0.129797 
0.5 8.5 4.5 1 -0.165671 0.132909 
0.5 6.5 4.5 1 -0.0761034 0.135133 
0.5 2.5 2 1 0.0678815 0.0267242 
0.5 4.5 2 1 -0.000353285 0.018342 
0.5 4.5 4.5 1 0.00251721 0.137085 
0.5 2.5 4.5 1 0.0720818 0.138812 
