-0.492671 -0.499406 -0.470025 -0.141537 
-0.0328011 -0.418949 -0.0379532 -0.144737 
0.307708 -0.52313 0.275336 -0.112092 
-0.327613 -0.723745 -0.306966 -0.0907455 
-0.492671 -0.499406 -0.0328011 -0.418949 
-0.0328011 -0.418949 0.307708 -0.52313 
0.307708 -0.52313 -0.327613 -0.723745 
-0.327613 -0.723745 -0.492671 -0.499406 
-0.470025 -0.141537 -0.398366 0.0943418 
-0.398366 0.0943418 -0.306966 -0.0907455 
-0.0379532 -0.144737 0.0818753 0.0300398 
0.0818753 0.0300398 0.275336 -0.112092 
-0.398366 0.0943418 0.0818753 0.0300398 
-0.470025 -0.141537 -0.0379532 -0.144737 
-0.306966 -0.0907455 0.275336 -0.112092 
-0.417326 -0.601812 -0.378564 -0.654496 
-0.378564 -0.654496 -0.360516 -0.223044 
-0.360516 -0.223044 -0.398722 -0.222034 
-0.398722 -0.222034 -0.417326 -0.601812 
-0.463053 -0.36949 -0.438245 -0.385589 
-0.438245 -0.385589 -0.429253 -0.221227 
-0.429253 -0.221227 -0.45421 -0.220567 
-0.45421 -0.220567 -0.463053 -0.36949 
