0 0 0 1 0.255388 -0.506038 
0 0 6.5 1 0.266715 -0.102686 
10 0 0 1 -0.387093 -0.636987 
10 0 6.5 1 -0.317883 -0.032939 
10 10 0 1 -0.51477 -0.403864 
10 10 6.5 1 -0.46816 -0.0615495 
0 10 0 1 -0.0607028 -0.369494 
0 10 6.5 1 -0.0411995 -0.102433 
0 5 10 1 0.0917275 0.0588543 
10 5 10 1 -0.38523 0.163136 
0 6 0 1 0.0360965 -0.411309 
0 8 0 1 -0.0158107 -0.388886 
0 8 5 1 -0.00101336 -0.166507 
0 6 5 1 0.0502719 -0.171385 
0 2 2.5 1 0.174598 -0.323311 
0 4 2.5 1 0.10349 -0.304892 
0 4 5 1 0.109936 -0.17706 
0 2 5 1 0.180213 -0.183745 
0.5 0.5 -0.5 1 0.209548 -0.5328 
0.5 0.5 6 1 0.223372 -0.129497 
10.5 0.5 -0.5 1 -0.452408 -0.6766 
10.5 0.5 6 1 -0.378271 -0.0726958 
10.5 10.5 -0.5 1 -0.551288 -0.427078 
10.5 10.5 6 1 -0.503088 -0.0847744 
0.5 10.5 -0.5 1 -0.0902538 -0.387601 
0.5 10.5 6 1 -0.0696947 -0.120548 
0.5 5.5 9.5 1 0.058118 0.0372589 
10.5 5.5 9.5 1 -0.428211 0.13388 
0.5 6.5 -0.5 1 0.00164383 -0.432109 
0.5 8.5 -0.5 1 -0.0476254 -0.408247 
0.5 8.5 4.5 1 -0.0318805 -0.185881 
0.5 6.5 4.5 1 0.0169281 -0.192204 
0.5 2.5 2 1 0.134112 -0.34777 
0.5 4.5 2 1 0.0665939 -0.327383 
0.5 4.5 4.5 1 0.0736849 -0.199556 
0.5 2.5 4.5 1 0.140503 -0.208211 
