0.0692468 -0.118919 0.0470723 0.136228 
0.498817 -0.143272 0.481484 0.192064 
0.326272 -0.344179 0.28833 0.222002 
-0.237787 -0.240174 -0.279688 0.129696 
0.0692468 -0.118919 0.498817 -0.143272 
0.498817 -0.143272 0.326272 -0.344179 
0.326272 -0.344179 -0.237787 -0.240174 
-0.237787 -0.240174 0.0692468 -0.118919 
0.0470723 0.136228 -0.102018 0.302505 
-0.102018 0.302505 -0.279688 0.129696 
0.481484 0.192064 0.396672 0.442301 
0.396672 0.442301 0.28833 0.222002 
-0.102018 0.302505 0.396672 0.442301 
0.0470723 0.136228 0.481484 0.192064 
-0.279688 0.129696 0.28833 0.222002 
-0.0868511 -0.180566 -0.156083 -0.207907 
-0.156083 -0.207907 -0.18363 0.0514517 
-0.18363 0.0514517 -0.110883 0.0591461 
-0.110883 0.0591461 -0.0868511 -0.180566 
0.0147394 -0.0335452 -0.0379442 -0.0467013 
-0.0379442 -0.0467013 -0.0486428 0.0657291 
-0.0486428 0.0657291 0.00521295 0.0714253 
0.00521295 0.0714253 0.0147394 -0.0335452 
