0 0 0 1 -0.475324 -0.502059 
0 0 6.5 1 -0.459452 -0.149088 
10 0 0 1 -0.0197637 -0.416866 
10 0 6.5 1 -0.0287858 -0.144049 
10 10 0 1 0.315239 -0.522529 
10 10 6.5 1 0.278501 -0.11118 
0 10 0 1 -0.3237 -0.730031 
0 10 6.5 1 -0.312164 -0.104353 
0 5 10 1 -0.397431 0.0832283 
10 5 10 1 0.0860765 0.0310025 
0 6 0 1 -0.406133 -0.60609 
0 8 0 1 -0.370522 -0.659632 
0 8 5 1 -0.359278 -0.233959 
0 6 5 1 -0.393919 -0.231542 
0 2 2.5 1 -0.450269 -0.375072 
0 4 2.5 1 -0.427667 -0.391959 
0 4 5 1 -0.42157 -0.229612 
0 2 5 1 -0.444153 -0.228036 
0.5 0.5 -0.5 1 -0.442534 -0.53219 
0.5 0.5 6 1 -0.42847 -0.173256 
10.5 0.5 -0.5 1 0.00991177 -0.439291 
10.5 0.5 6 1 -0.00060439 -0.162909 
10.5 10.5 -0.5 1 0.365386 -0.558262 
10.5 10.5 6 1 0.3246 -0.138783 
0.5 10.5 -0.5 1 -0.261111 -0.789538 
0.5 10.5 6 1 -0.255889 -0.145035 
0.5 5.5 9.5 1 -0.358918 0.0571775 
10.5 5.5 9.5 1 0.119998 0.0109771 
0.5 6.5 -0.5 1 -0.360188 -0.648997 
0.5 8.5 -0.5 1 -0.317518 -0.709525 
0.5 8.5 4.5 1 -0.309879 -0.272613 
0.5 6.5 4.5 1 -0.350704 -0.26575 
0.5 2.5 2 1 -0.414893 -0.405581 
0.5 4.5 2 1 -0.388231 -0.425931 
0.5 4.5 4.5 1 -0.383173 -0.260292 
0.5 2.5 4.5 1 -0.409613 -0.255847 
