0 0 0 1 -0.182151 -0.201048 
0 0 6.5 1 -0.157025 0.0530553 
10 0 0 1 0.21426 -0.248524 
10 0 6.5 1 0.241119 0.014127 
10 10 0 1 0.302522 -0.4174 
10 10 6.5 1 0.348033 0.0237939 
0 10 0 1 -0.353522 -0.330281 
0 10 6.5 1 -0.312789 0.0873152 
0 5 10 1 -0.199105 0.236834 
10 5 10 1 0.299248 0.195793 
0 6 0 1 -0.263939 -0.262726 
0 8 0 1 -0.303627 -0.292655 
0 8 5 1 -0.275775 -0.00825551 
0 6 5 1 -0.238857 -0.00741379 
0 2 2.5 1 -0.194333 -0.112232 
0 4 2.5 1 -0.220221 -0.122653 
0 4 5 1 -0.208803 -0.00672858 
0 2 5 1 -0.183863 -0.00615994 
0.5 0.5 -0.5 1 -0.169867 -0.227335 
0.5 0.5 6 1 -0.144173 0.0321858 
10.5 0.5 -0.5 1 0.235788 -0.27678 
10.5 0.5 6 1 0.263295 -0.00833694 
10.5 10.5 -0.5 1 0.342585 -0.471994 
10.5 10.5 6 1 0.389984 -0.0142097 
0.5 10.5 -0.5 1 -0.339195 -0.378703 
0.5 10.5 6 1 -0.296946 0.053728 
0.5 5.5 9.5 1 -0.184146 0.215657 
10.5 5.5 9.5 1 0.328904 0.172529 
0.5 6.5 -0.5 1 -0.250093 -0.299051 
0.5 8.5 -0.5 1 -0.289408 -0.334196 
0.5 8.5 4.5 1 -0.260638 -0.0408882 
0.5 6.5 4.5 1 -0.224269 -0.0365829 
0.5 2.5 2 1 -0.181254 -0.138752 
0.5 4.5 2 1 -0.20656 -0.151966 
0.5 4.5 4.5 1 -0.194836 -0.0330986 
0.5 2.5 4.5 1 -0.170527 -0.030221 
