0.287733 -0.592619 0.276931 -0.167782 
-0.395174 -0.749629 -0.33924 -0.136779 
-0.477004 -0.495794 -0.439467 -0.15427 
-0.020483 -0.445454 -0.0125052 -0.17146 
0.287733 -0.592619 -0.395174 -0.749629 
-0.395174 -0.749629 -0.477004 -0.495794 
-0.477004 -0.495794 -0.020483 -0.445454 
-0.020483 -0.445454 0.287733 -0.592619 
0.276931 -0.167782 0.103986 -0.00641462 
0.103986 -0.00641462 -0.0125052 -0.17146 
-0.33924 -0.136779 -0.380995 0.0615965 
-0.380995 0.0615965 -0.439467 -0.15427 
0.103986 -0.00641462 -0.380995 0.0615965 
0.276931 -0.167782 -0.33924 -0.136779 
-0.0125052 -0.17146 -0.439467 -0.15427 
0.0721463 -0.489682 0.0222865 -0.465875 
0.0222865 -0.465875 0.027196 -0.23621 
0.027196 -0.23621 0.0752389 -0.240769 
0.0752389 -0.240769 0.0721463 -0.489682 
0.199983 -0.397939 0.13129 -0.378609 
0.13129 -0.378609 0.131549 -0.246113 
0.131549 -0.246113 0.19846 -0.252463 
0.19846 -0.252463 0.199983 -0.397939 
