0 0 0 1 -0.186725 -0.167806 
0 0 6.5 1 -0.163143 0.0863368 
10 0 0 1 0.207573 -0.212338 
10 0 6.5 1 0.235377 0.0478626 
10 10 0 1 0.302214 -0.373441 
10 10 6.5 1 0.350364 0.0609996 
0 10 0 1 -0.348988 -0.29382 
0 10 6.5 1 -0.312447 0.123996 
0 5 10 1 -0.20374 0.273658 
10 5 10 1 0.297621 0.231143 
0 6 0 1 -0.264194 -0.227968 
0 8 0 1 -0.301768 -0.257148 
0 8 5 1 -0.276499 0.0267173 
0 6 5 1 -0.241191 0.0269031 
0 2 2.5 1 -0.198459 -0.0790328 
0 4 2.5 1 -0.223076 -0.0890413 
0 4 5 1 -0.212481 0.0270542 
0 2 5 1 -0.188678 0.0271795 
0.5 0.5 -0.5 1 -0.173978 -0.193712 
0.5 0.5 6 1 -0.149792 0.065453 
10.5 0.5 -0.5 1 0.228941 -0.239848 
10.5 0.5 6 1 0.257537 0.0256193 
10.5 10.5 -0.5 1 0.341754 -0.425741 
10.5 10.5 6 1 0.392277 0.0235777 
0.5 10.5 -0.5 1 -0.333317 -0.341219 
0.5 10.5 6 1 -0.29527 0.0903426 
0.5 5.5 9.5 1 -0.187979 0.252232 
10.5 5.5 9.5 1 0.327403 0.207865 
0.5 6.5 -0.5 1 -0.249524 -0.263648 
0.5 8.5 -0.5 1 -0.28651 -0.297888 
0.5 8.5 4.5 1 -0.260315 -0.00580682 
0.5 6.5 4.5 1 -0.22576 -0.0021726 
0.5 2.5 2 1 -0.184817 -0.105306 
0.5 4.5 2 1 -0.208736 -0.118065 
0.5 4.5 4.5 1 -0.197821 0.000765776 
0.5 2.5 4.5 1 -0.174764 0.0031907 
