0 0 0 1 0.25782 -0.139228 
0 0 6.5 1 0.252758 0.211786 
10 0 0 1 0.00466121 -0.421169 
10 0 6.5 1 -0.0343372 0.224458 
10 10 0 1 -0.574805 -0.26605 
10 10 6.5 1 -0.644228 0.16901 
0 10 0 1 -0.163389 -0.0978607 
0 10 6.5 1 -0.187154 0.180078 
0 5 10 1 -0.00330883 0.374991 
10 5 10 1 -0.441284 0.512262 
0 6 0 1 -0.0173758 -0.112201 
0 8 0 1 -0.0934898 -0.104726 
0 8 5 1 -0.109764 0.115863 
0 6 5 1 -0.0314299 0.118285 
0 2 2.5 1 0.153231 -0.00540137 
0 4 2.5 1 0.0602697 -0.00213507 
0 4 5 1 0.0544917 0.120942 
0 2 5 1 0.149159 0.123869 
0.5 0.5 -0.5 1 0.224643 -0.16996 
0.5 0.5 6 1 0.217558 0.181302 
10.5 0.5 -0.5 1 -0.059154 -0.480775 
10.5 0.5 6 1 -0.106056 0.16538 
10.5 10.5 -0.5 1 -0.622128 -0.305351 
10.5 10.5 6 1 -0.695685 0.130008 
0.5 10.5 -0.5 1 -0.191648 -0.122106 
0.5 10.5 6 1 -0.216858 0.155991 
0.5 5.5 9.5 1 -0.0365672 0.34827 
10.5 5.5 9.5 1 -0.504837 0.465918 
0.5 6.5 -0.5 1 -0.0474481 -0.138682 
0.5 8.5 -0.5 1 -0.122631 -0.13004 
0.5 8.5 4.5 1 -0.140078 0.0906677 
0.5 6.5 4.5 1 -0.0627535 0.0919325 
0.5 2.5 2 1 0.120443 -0.0345127 
0.5 4.5 2 1 0.0285609 -0.0298407 
0.5 4.5 4.5 1 0.0220997 0.0933205 
0.5 2.5 4.5 1 0.115638 0.0948505 
