0.166127 -0.223233 0.192878 0.0613055 
0.603241 -0.381955 0.641315 0.0861985 
-0.0587609 -0.46045 0.0105385 0.234708 
-0.280258 -0.223504 -0.242416 0.131487 
0.166127 -0.223233 0.603241 -0.381955 
0.603241 -0.381955 -0.0587609 -0.46045 
-0.0587609 -0.46045 -0.280258 -0.223504 
-0.280258 -0.223504 0.166127 -0.223233 
0.192878 0.0613055 0.0159181 0.260303 
0.0159181 0.260303 -0.242416 0.131487 
0.641315 0.0861985 0.413222 0.440104 
0.413222 0.440104 0.0105385 0.234708 
0.0159181 0.260303 0.413222 0.440104 
0.192878 0.0613055 0.641315 0.0861985 
-0.242416 0.131487 0.0105385 0.234708 
-0.0773473 -0.223381 -0.17397 -0.223439 
-0.17397 -0.223439 -0.146954 0.0373198 
-0.146954 0.0373198 -0.0522299 0.0256045 
-0.0522299 0.0256045 -0.0773473 -0.223381 
0.102744 -0.108728 0.0226298 -0.103812 
0.0226298 -0.103812 0.0343102 0.0149013 
0.0343102 0.0149013 0.113683 0.00508464 
0.113683 0.00508464 0.102744 -0.108728 
