-0.254711 0.0355608 -0.265209 0.311341 
0.141279 0.0391429 0.151964 0.300194 
0.308529 -0.0591502 0.340573 0.363761 
-0.331683 -0.0738911 -0.356975 0.389132 
-0.254711 0.0355608 0.141279 0.0391429 
0.141279 0.0391429 0.308529 -0.0591502 
0.308529 -0.0591502 -0.331683 -0.0738911 
-0.331683 -0.0738911 -0.254711 0.0355608 
-0.265209 0.311341 -0.308135 0.546787 
-0.308135 0.546787 -0.356975 0.389132 
0.151964 0.300194 0.233461 0.515955 
0.233461 0.515955 0.340573 0.363761 
-0.308135 0.546787 0.233461 0.515955 
-0.265209 0.311341 0.151964 0.300194 
-0.356975 0.389132 0.340573 0.363761 
-0.291311 -0.016483 -0.30916 -0.0418641 
-0.30916 -0.0418641 -0.324454 0.265836 
-0.324454 0.265836 -0.303938 0.258929 
-0.303938 0.258929 -0.291311 -0.016483 
-0.269288 0.13248 -0.282015 0.125712 
-0.282015 0.125712 -0.287472 0.253385 
-0.287472 0.253385 -0.273965 0.248837 
-0.273965 0.248837 -0.269288 0.13248 
