-0.244991 0.0318714 -0.250972 0.305385 
0.150287 0.0290499 0.164639 0.289873 
0.309711 -0.0736937 0.346897 0.349842 
-0.33115 -0.0767808 -0.349225 0.381316 
-0.244991 0.0318714 0.150287 0.0290499 
0.150287 0.0290499 0.309711 -0.0736937 
0.309711 -0.0736937 -0.33115 -0.0767808 
-0.33115 -0.0767808 -0.244991 0.0318714 
-0.250972 0.305385 -0.293016 0.537577 
-0.293016 0.537577 -0.349225 0.381316 
0.164639 0.289873 0.24614 0.503792 
0.24614 0.503792 0.346897 0.349842 
-0.293016 0.537577 0.24614 0.503792 
-0.250972 0.305385 0.164639 0.289873 
-0.349225 0.381316 0.346897 0.349842 
-0.285997 -0.0198398 -0.30597 -0.0450273 
-0.30597 -0.0450273 -0.316408 0.259825 
-0.316408 0.259825 -0.294226 0.253155 
-0.294226 0.253155 -0.285997 -0.0198398 
-0.258984 0.128059 -0.273006 0.121294 
-0.273006 0.121294 -0.276403 0.247795 
-0.276403 0.247795 -0.261768 0.243394 
-0.261768 0.243394 -0.258984 0.128059 
