0.147548 -0.0874768 0.17459 0.186991 
0.574788 -0.225053 0.639305 0.192631 
0.0747576 -0.351323 0.135355 0.303822 
-0.258904 -0.115665 -0.241612 0.244532 
0.147548 -0.0874768 0.574788 -0.225053 
0.574788 -0.225053 0.0747576 -0.351323 
0.0747576 -0.351323 -0.258904 -0.115665 
-0.258904 -0.115665 0.147548 -0.0874768 
0.17459 0.186991 0.00860092 0.389836 
0.00860092 0.389836 -0.241612 0.244532 
0.639305 0.192631 0.484565 0.538696 
0.484565 0.538696 0.135355 0.303822 
0.00860092 0.389836 0.484565 0.538696 
0.17459 0.186991 0.639305 0.192631 
-0.241612 0.244532 0.135355 0.303822 
-0.0699377 -0.10256 -0.159017 -0.108737 
-0.159017 -0.108737 -0.143404 0.149518 
-0.143404 0.149518 -0.0524788 0.141487 
-0.0524788 0.141487 -0.0699377 -0.10256 
0.0919356 0.0164268 0.0192873 0.0169977 
0.0192873 0.0169977 0.0288444 0.134305 
0.0288444 0.134305 0.10201 0.127842 
0.10201 0.127842 0.0919356 0.0164268 
