0.273815 -0.43145 0.255672 -0.0780003 
0.450645 -0.691262 0.391446 0.0450478 
-0.625865 -0.634851 -0.552511 0.0193722 
-0.253179 -0.418355 -0.237502 -0.0849285 
0.273815 -0.43145 0.450645 -0.691262 
0.450645 -0.691262 -0.625865 -0.634851 
-0.625865 -0.634851 -0.253179 -0.418355 
-0.253179 -0.418355 0.273815 -0.43145 
0.255672 -0.0780003 0.00207276 0.085611 
0.00207276 0.085611 -0.237502 -0.0849285 
0.391446 0.0450478 -0.0994923 0.337946 
-0.0994923 0.337946 -0.552511 0.0193722 
0.00207276 0.085611 -0.0994923 0.337946 
0.255672 -0.0780003 0.391446 0.0450478 
-0.237502 -0.0849285 -0.552511 0.0193722 
-0.0498853 -0.423407 -0.152724 -0.420851 
-0.152724 -0.420851 -0.145292 -0.157604 
-0.145292 -0.157604 -0.0474823 -0.157064 
-0.0474823 -0.157064 -0.0498853 -0.423407 
0.15899 -0.288766 0.0539537 -0.287791 
0.0539537 -0.287791 0.0525579 -0.156511 
0.0525579 -0.156511 0.154906 -0.155946 
0.154906 -0.155946 0.15899 -0.288766 
