-0.19887 -0.0878186 -0.181216 0.169315 
0.192844 -0.122955 0.220578 0.134364 
0.305019 -0.264502 0.356206 0.159908 
-0.338517 -0.205894 -0.314993 0.218032 
-0.19887 -0.0878186 0.192844 -0.122955 
0.192844 -0.122955 0.305019 -0.264502 
0.305019 -0.264502 -0.338517 -0.205894 
-0.338517 -0.205894 -0.19887 -0.0878186 
-0.181216 0.169315 -0.219827 0.368517 
-0.219827 0.368517 -0.314993 0.218032 
0.220578 0.134364 0.291715 0.32507 
0.291715 0.32507 0.356206 0.159908 
-0.219827 0.368517 0.291715 0.32507 
-0.181216 0.169315 0.220578 0.134364 
-0.314993 0.218032 0.356206 0.159908 
-0.26556 -0.144207 -0.297894 -0.171546 
-0.297894 -0.171546 -0.280908 0.114629 
-0.280908 0.114629 -0.249526 0.112722 
-0.249526 0.112722 -0.26556 -0.144207 
-0.210268 0.0021186 -0.231738 -0.00671029 
-0.231738 -0.00671029 -0.224089 0.111176 
-0.224089 0.111176 -0.203054 0.109897 
-0.203054 0.109897 -0.210268 0.0021186 
