0.375851 -0.598042 0.327203 -0.0060844 
-0.282731 -0.479573 -0.26802 -0.0719366 
0.0298515 -0.379131 0.0241351 -0.110488 
0.483065 -0.419136 0.447703 -0.08124 
0.375851 -0.598042 -0.282731 -0.479573 
-0.282731 -0.479573 0.0298515 -0.379131 
0.0298515 -0.379131 0.483065 -0.419136 
0.483065 -0.419136 0.375851 -0.598042 
0.327203 -0.0060844 0.383261 0.151476 
0.383261 0.151476 0.447703 -0.08124 
-0.26802 -0.0719366 -0.092951 0.0638604 
-0.092951 0.0638604 0.0241351 -0.110488 
0.383261 0.151476 -0.092951 0.0638604 
0.327203 -0.0060844 -0.26802 -0.0719366 
0.447703 -0.08124 0.0241351 -0.110488 
0.453829 -0.467921 0.469849 -0.441189 
0.469849 -0.441189 0.440445 -0.152356 
0.440445 -0.152356 0.422422 -0.148672 
0.422422 -0.148672 0.453829 -0.467921 
0.390179 -0.333118 0.416639 -0.316611 
0.416639 -0.316611 0.400397 -0.144171 
0.400397 -0.144171 0.372873 -0.138545 
0.372873 -0.138545 0.390179 -0.333118 
