0 0 0 1 0.277298 -0.575422 
0 0 6.5 1 0.273049 -0.155707 
10 0 0 1 -0.396476 -0.726436 
10 0 6.5 1 -0.335116 -0.114067 
10 10 0 1 -0.490342 -0.476013 
10 10 6.5 1 -0.449094 -0.133602 
0 10 0 1 -0.0335238 -0.429965 
0 10 6.5 1 -0.0218091 -0.157449 
0 5 10 1 0.0995591 0.00626014 
10 5 10 1 -0.383302 0.0843018 
0 6 0 1 0.0603533 -0.473897 
0 8 0 1 0.0098718 -0.450273 
0 8 5 1 0.0179488 -0.222193 
0 6 5 1 0.066938 -0.226986 
0 2 2.5 1 0.191535 -0.383324 
0 4 2.5 1 0.122077 -0.364014 
0 4 5 1 0.12424 -0.232592 
0 2 5 1 0.192167 -0.239237 
0.5 0.5 -0.5 1 0.231032 -0.603932 
0.5 0.5 6 1 0.23004 -0.184252 
10.5 0.5 -0.5 1 -0.459186 -0.767093 
10.5 0.5 6 1 -0.392016 -0.15489 
10.5 10.5 -0.5 1 -0.525001 -0.49981 
10.5 10.5 6 1 -0.481905 -0.157392 
0.5 10.5 -0.5 1 -0.0625586 -0.448996 
0.5 10.5 6 1 -0.0495276 -0.176471 
0.5 5.5 9.5 1 0.0668126 -0.0165143 
10.5 5.5 9.5 1 -0.423461 0.0543547 
0.5 6.5 -0.5 1 0.0262271 -0.495851 
0.5 8.5 -0.5 1 -0.0215043 -0.470661 
0.5 8.5 4.5 1 -0.0122354 -0.242586 
0.5 6.5 4.5 1 0.0342175 -0.248949 
0.5 2.5 2 1 0.151218 -0.409289 
0.5 4.5 2 1 0.0855359 -0.387814 
0.5 4.5 4.5 1 0.0885207 -0.256388 
0.5 2.5 4.5 1 0.152848 -0.2652 
