0.0430145 -0.226319 0.0607947 0.460377 
-0.249077 -0.0282103 -0.261492 0.338075 
0.169542 0.0142331 0.183844 0.300927 
0.59882 -0.0948204 0.661339 0.356523 
0.0430145 -0.226319 -0.249077 -0.0282103 
-0.249077 -0.0282103 0.169542 0.0142331 
0.169542 0.0142331 0.59882 -0.0948204 
0.59882 -0.0948204 0.0430145 -0.226319 
0.0607947 0.460377 0.459714 0.74419 
0.459714 0.74419 0.661339 0.356523 
-0.261492 0.338075 -0.00824328 0.508119 
-0.00824328 0.508119 0.183844 0.300927 
0.459714 0.74419 -0.00824328 0.508119 
0.0607947 0.460377 -0.261492 0.338075 
0.661339 0.356523 0.183844 0.300927 
0.42721 -0.135422 0.519078 -0.113687 
0.519078 -0.113687 0.563798 0.250688 
0.563798 0.250688 0.46819 0.257139 
0.46819 0.257139 0.42721 -0.135422 
0.206697 0.0309339 0.337101 0.0430464 
0.337101 0.0430464 0.355464 0.264746 
0.355464 0.264746 0.220569 0.273848 
0.220569 0.273848 0.206697 0.0309339 
