0 0 0 1 -0.496511 -0.904469 
0 0 6.5 1 -0.418882 -0.120484 
10 0 0 1 -0.282458 -0.52293 
10 0 6.5 1 -0.258032 -0.159378 
10 10 0 1 0.254662 -0.516578 
10 10 6.5 1 0.244323 -0.169969 
0 10 0 1 0.629035 -0.853332 
0 10 6.5 1 0.563869 -0.144317 
0 5 10 1 0.0946974 0.195019 
10 5 10 1 0.00201928 0.00807128 
0 6 0 1 0.206898 -0.872511 
0 8 0 1 0.422266 -0.862726 
0 8 5 1 0.389883 -0.290459 
0 6 5 1 0.195269 -0.288556 
0 2 2.5 1 -0.233317 -0.572405 
0 4 2.5 1 -0.0119053 -0.56878 
0 4 5 1 -0.00677313 -0.286579 
0 2 5 1 -0.216678 -0.284526 
0.5 0.5 -0.5 1 -0.421553 -0.928434 
0.5 0.5 6 1 -0.356798 -0.175529 
10.5 0.5 -0.5 1 -0.252051 -0.543256 
10.5 0.5 6 1 -0.230115 -0.186417 
10.5 10.5 -0.5 1 0.271569 -0.536082 
10.5 10.5 6 1 0.260411 -0.19558 
0.5 10.5 -0.5 1 0.64611 -0.877318 
0.5 10.5 6 1 0.58156 -0.193775 
0.5 5.5 9.5 1 0.13036 0.133294 
10.5 5.5 9.5 1 0.0229872 -0.0209788 
0.5 6.5 -0.5 1 0.244434 -0.896549 
0.5 8.5 -0.5 1 0.449175 -0.886747 
0.5 8.5 4.5 1 0.415631 -0.336084 
0.5 6.5 4.5 1 0.229733 -0.335079 
0.5 2.5 2 1 -0.175888 -0.610025 
0.5 4.5 2 1 0.0343736 -0.605843 
0.5 4.5 4.5 1 0.0370463 -0.334038 
0.5 2.5 4.5 1 -0.162809 -0.332958 
