0 0 0 1 -0.540267 -0.531417 
0 0 6.5 1 -0.568496 0.0870227 
10 0 0 1 -0.216108 -0.306044 
10 0 6.5 1 -0.239095 0.0120957 
10 10 0 1 0.288044 -0.27209 
10 10 6.5 1 0.250211 0.0636962 
0 10 0 1 0.465415 -0.488996 
0 10 6.5 1 0.379535 0.199899 
0 5 10 1 -0.147642 0.464468 
10 5 10 1 -0.0168956 0.206146 
0 6 0 1 0.0345513 -0.50717 
0 8 0 1 0.244755 -0.498304 
0 8 5 1 0.188486 0.0262015 
0 6 5 1 -0.011995 0.00576406 
0 2 2.5 1 -0.37235 -0.273261 
0 4 2.5 1 -0.185119 -0.259669 
0 4 5 1 -0.203561 -0.0137646 
0 2 5 1 -0.386794 -0.0324438 
0.5 0.5 -0.5 1 -0.464469 -0.556516 
0.5 0.5 6 1 -0.495238 0.0413139 
10.5 0.5 -0.5 1 -0.182877 -0.323447 
10.5 0.5 6 1 -0.206258 -0.0108427 
10.5 10.5 -0.5 1 0.31296 -0.291207 
10.5 10.5 6 1 0.275223 0.0384233 
0.5 10.5 -0.5 1 0.50867 -0.518841 
0.5 10.5 6 1 0.423911 0.144599 
0.5 5.5 9.5 1 -0.0876672 0.403913 
10.5 5.5 9.5 1 0.0121711 0.1792 
0.5 6.5 -0.5 1 0.0928403 -0.53494 
0.5 8.5 -0.5 1 0.295913 -0.527078 
0.5 8.5 4.5 1 0.239806 -0.0217793 
0.5 6.5 4.5 1 0.0458073 -0.0403918 
0.5 2.5 2 1 -0.302581 -0.307983 
0.5 4.5 2 1 -0.120913 -0.295663 
0.5 4.5 4.5 1 -0.139884 -0.0582073 
0.5 2.5 4.5 1 -0.317792 -0.075276 
