0.279154 -0.467326 0.247726 -0.133338 
0.704364 -0.752839 0.602678 -0.0933106 
-0.352938 -0.925177 -0.348876 -0.137516 
-0.244139 -0.522307 -0.248332 -0.15828 
0.279154 -0.467326 0.704364 -0.752839 
0.704364 -0.752839 -0.352938 -0.925177 
-0.352938 -0.925177 -0.244139 -0.522307 
-0.244139 -0.522307 0.279154 -0.467326 
0.247726 -0.133338 -5.44226e-05 0.0269261 
-5.44226e-05 0.0269261 -0.248332 -0.15828 
0.602678 -0.0933106 0.136766 0.212673 
0.136766 0.212673 -0.348876 -0.137516 
-5.44226e-05 0.0269261 0.136766 0.212673 
0.247726 -0.133338 0.602678 -0.0933106 
-0.248332 -0.15828 -0.348876 -0.137516 
-0.0244463 -0.499224 -0.132447 -0.510572 
-0.132447 -0.510572 -0.140536 -0.231897 
-0.140536 -0.231897 -0.0370443 -0.225444 
-0.0370443 -0.225444 -0.0244463 -0.499224 
0.170585 -0.342564 0.0714529 -0.350814 
0.0714529 -0.350814 0.0632252 -0.219191 
0.0632252 -0.219191 0.160421 -0.21313 
0.160421 -0.21313 0.170585 -0.342564 
