0 0 0 1 0.0989375 -0.0490053 
0 0 6.5 1 0.0947313 0.21284 
10 0 0 1 0.524457 -0.124364 
10 0 6.5 1 0.548438 0.236397 
10 10 0 1 0.239709 -0.3378 
10 10 6.5 1 0.246444 0.244699 
0 10 0 1 -0.24195 -0.1536 
0 10 6.5 1 -0.272005 0.208156 
0 5 10 1 -0.0652962 0.389744 
10 5 10 1 0.448552 0.513531 
0 6 0 1 -0.0784389 -0.10343 
0 8 0 1 -0.154381 -0.126731 
0 8 5 1 -0.171091 0.127969 
0 6 5 1 -0.0904852 0.134657 
0 2 2.5 1 0.0440431 0.0381924 
0 4 2.5 1 -0.0160616 0.0263641 
0 4 5 1 -0.0203485 0.140476 
0 2 5 1 0.0412347 0.145585 
0.5 0.5 -0.5 1 0.102513 -0.0753377 
0.5 0.5 6 1 0.0983832 0.19184 
10.5 0.5 -0.5 1 0.543717 -0.163352 
10.5 0.5 6 1 0.569963 0.207588 
10.5 10.5 -0.5 1 0.255649 -0.413793 
10.5 10.5 6 1 0.264806 0.195458 
0.5 10.5 -0.5 1 -0.248518 -0.193899 
0.5 10.5 6 1 -0.280148 0.178066 
0.5 5.5 9.5 1 -0.0658255 0.369724 
10.5 5.5 9.5 1 0.472437 0.488462 
0.5 6.5 -0.5 1 -0.0793229 -0.136753 
0.5 8.5 -0.5 1 -0.157716 -0.16323 
0.5 8.5 4.5 1 -0.175148 0.0980127 
0.5 6.5 4.5 1 -0.0917807 0.10705 
0.5 2.5 2 1 0.046468 0.0119998 
0.5 4.5 2 1 -0.0151608 -0.00187124 
0.5 4.5 4.5 1 -0.0195504 0.11488 
0.5 2.5 4.5 1 0.0436347 0.121729 
