0 0 0 1 0.261159 -0.155836 
0 0 6.5 1 0.250995 0.19349 
10 0 0 1 0.0301507 -0.447894 
10 0 6.5 1 -0.0136288 0.201411 
10 10 0 1 -0.574631 -0.300063 
10 10 6.5 1 -0.645381 0.140987 
0 10 0 1 -0.165738 -0.120605 
0 10 6.5 1 -0.191887 0.158 
0 5 10 1 -0.0076543 0.353062 
10 5 10 1 -0.432859 0.485677 
0 6 0 1 -0.0170488 -0.132876 
0 8 0 1 -0.0944641 -0.126487 
0 8 5 1 -0.112836 0.0946122 
0 6 5 1 -0.0335186 0.0978589 
0 2 2.5 1 0.154155 -0.02347 
0 4 2.5 1 0.0603979 -0.0213946 
0 4 5 1 0.0532033 0.101409 
0 2 5 1 0.148418 0.105306 
0.5 0.5 -0.5 1 0.228835 -0.187226 
0.5 0.5 6 1 0.216859 0.162931 
10.5 0.5 -0.5 1 -0.0331701 -0.510252 
10.5 0.5 6 1 -0.0842409 0.141659 
10.5 10.5 -0.5 1 -0.623127 -0.341333 
10.5 10.5 6 1 -0.697912 0.100961 
0.5 10.5 -0.5 1 -0.193957 -0.145543 
0.5 10.5 6 1 -0.221457 0.133592 
0.5 5.5 9.5 1 -0.0403162 0.326383 
10.5 5.5 9.5 1 -0.496622 0.439246 
0.5 6.5 -0.5 1 -0.0468274 -0.160048 
0.5 8.5 -0.5 1 -0.123448 -0.152494 
0.5 8.5 4.5 1 -0.142909 0.0690296 
0.5 6.5 4.5 1 -0.0644521 0.0711484 
0.5 2.5 2 1 0.122067 -0.053061 
0.5 4.5 2 1 0.0291954 -0.0496076 
0.5 4.5 4.5 1 0.0213766 0.0734663 
0.5 2.5 4.5 1 0.115667 0.0760127 
