0.321251 -0.147623 0.352107 0.282783 
-0.311308 -0.138058 -0.336739 0.284162 
-0.180356 -0.00856758 -0.188697 0.251402 
0.210256 -0.0128845 0.22267 0.250165 
0.321251 -0.147623 -0.311308 -0.138058 
-0.311308 -0.138058 -0.180356 -0.00856758 
-0.180356 -0.00856758 0.210256 -0.0128845 
0.210256 -0.0128845 0.321251 -0.147623 
0.352107 0.282783 0.281897 0.456943 
0.281897 0.456943 0.22267 0.250165 
-0.336739 0.284162 -0.252358 0.455176 
-0.252358 0.455176 -0.188697 0.251402 
0.281897 0.456943 -0.252358 0.455176 
0.352107 0.282783 -0.336739 0.284162 
0.22267 0.250165 -0.188697 0.251402 
0.242531 -0.052064 0.225047 -0.03084 
0.225047 -0.03084 0.235955 0.18566 
0.235955 0.18566 0.255324 0.184067 
0.255324 0.184067 0.242531 -0.052064 
0.2982 0.031355 0.27095 0.0489221 
0.27095 0.0489221 0.27878 0.182138 
0.27878 0.182138 0.307767 0.179755 
0.307767 0.179755 0.2982 0.031355 
