0 0 0 1 0.141354 -0.0669098 
0 0 6.5 1 0.165351 0.205886 
10 0 0 1 0.567051 -0.198402 
10 0 6.5 1 0.630947 0.208862 
10 10 0 1 0.103668 -0.342979 
10 10 6.5 1 0.158799 0.299565 
0 10 0 1 -0.255172 -0.107311 
0 10 6.5 1 -0.245454 0.254036 
0 5 10 1 0.000370891 0.406654 
10 5 10 1 0.489542 0.546182 
0 6 0 1 -0.069922 -0.0884363 
0 8 0 1 -0.157054 -0.097314 
0 8 5 1 -0.146203 0.160565 
0 6 5 1 -0.0564177 0.154796 
0 2 2.5 1 0.0864254 0.0340349 
0 4 2.5 1 0.0156036 0.0325663 
0 4 5 1 0.0235082 0.14966 
0 2 5 1 0.0951143 0.145059 
0.5 0.5 -0.5 1 0.138705 -0.0936662 
0.5 0.5 6 1 0.163238 0.18538 
10.5 0.5 -0.5 1 0.579795 -0.244022 
10.5 0.5 6 1 0.647226 0.177287 
10.5 10.5 -0.5 1 0.0949327 -0.424644 
10.5 10.5 6 1 0.152931 0.253546 
0.5 10.5 -0.5 1 -0.272372 -0.144187 
0.5 10.5 6 1 -0.2633 0.228211 
0.5 5.5 9.5 1 -0.00739945 0.388909 
10.5 5.5 9.5 1 0.50305 0.523436 
0.5 6.5 -0.5 1 -0.0794811 -0.120481 
0.5 8.5 -0.5 1 -0.170022 -0.131609 
0.5 8.5 4.5 1 -0.159341 0.133553 
0.5 6.5 4.5 1 -0.0659201 0.12922 
0.5 2.5 2 1 0.082062 0.00822467 
0.5 4.5 2 1 0.00891657 0.00527969 
0.5 4.5 4.5 1 0.0169351 0.125377 
0.5 2.5 4.5 1 0.0909212 0.121945 
