0 0 0 1 0.28152 -0.457156 
0 0 6.5 1 0.248852 -0.123908 
10 0 0 1 0.699481 -0.741373 
10 0 6.5 1 0.597541 -0.0818883 
10 10 0 1 -0.357832 -0.91093 
10 10 6.5 1 -0.35883 -0.132013 
0 10 0 1 -0.240556 -0.512995 
0 10 6.5 1 -0.247399 -0.151701 
0 5 10 1 -0.000591643 0.0348033 
10 5 10 1 0.126111 0.222025 
0 6 0 1 -0.0220846 -0.489628 
0 8 0 1 -0.129613 -0.501129 
0 8 5 1 -0.139474 -0.224402 
0 6 5 1 -0.0362034 -0.217456 
0 2 2.5 1 0.172176 -0.333236 
0 4 2.5 1 0.0729376 -0.341837 
0 4 5 1 0.0640637 -0.210712 
0 2 5 1 0.161456 -0.204162 
0.5 0.5 -0.5 1 0.270099 -0.49511 
0.5 0.5 6 1 0.236979 -0.149222 
10.5 0.5 -0.5 1 0.705028 -0.839391 
10.5 0.5 6 1 0.59615 -0.128712 
10.5 10.5 -0.5 1 -0.43852 -1.04116 
10.5 10.5 6 1 -0.430053 -0.190158 
0.5 10.5 -0.5 1 -0.271995 -0.556113 
0.5 10.5 6 1 -0.277313 -0.179939 
0.5 5.5 9.5 1 -0.0206102 0.0144061 
10.5 5.5 9.5 1 0.0947481 0.193762 
0.5 6.5 -0.5 1 -0.0447929 -0.530545 
0.5 8.5 -0.5 1 -0.156555 -0.543122 
0.5 8.5 4.5 1 -0.165597 -0.255068 
0.5 6.5 4.5 1 -0.0584288 -0.247419 
0.5 2.5 2 1 0.157151 -0.366808 
0.5 4.5 2 1 0.0542999 -0.376218 
0.5 4.5 4.5 1 0.0455185 -0.24 
0.5 2.5 4.5 1 0.146387 -0.2328 
