0.377411 -0.601939 0.325346 -0.0064215 
-0.278606 -0.48268 -0.266924 -0.0754694 
0.036296 -0.379207 0.0286386 -0.110339 
0.490706 -0.418216 0.453009 -0.0785091 
0.377411 -0.601939 -0.278606 -0.48268 
-0.278606 -0.48268 0.036296 -0.379207 
0.036296 -0.379207 0.490706 -0.418216 
0.490706 -0.418216 0.377411 -0.601939 
0.325346 -0.0064215 0.384567 0.154401 
0.384567 0.154401 0.453009 -0.0785091 
-0.266924 -0.0754694 -0.0911227 0.0627586 
-0.0911227 0.0627586 0.0286386 -0.110339 
0.384567 0.154401 -0.0911227 0.0627586 
0.325346 -0.0064215 -0.266924 -0.0754694 
0.453009 -0.0785091 0.0286386 -0.110339 
0.459809 -0.46832 0.476739 -0.440865 
0.476739 -0.440865 0.445384 -0.150494 
0.445384 -0.150494 0.426301 -0.147342 
0.426301 -0.147342 0.459809 -0.46832 
0.392332 -0.33441 0.420324 -0.31693 
0.420324 -0.31693 0.40298 -0.143491 
0.40298 -0.143491 0.373833 -0.138677 
0.373833 -0.138677 0.392332 -0.33441 
