0.322091 -0.121361 0.343703 0.308534 
-0.313172 -0.131178 -0.347607 0.29786 
-0.194159 -0.00398258 -0.208423 0.258398 
0.19726 0.00206442 0.203577 0.26476 
0.322091 -0.121361 -0.313172 -0.131178 
-0.313172 -0.131178 -0.194159 -0.00398258 
-0.194159 -0.00398258 0.19726 0.00206442 
0.19726 0.00206442 0.322091 -0.121361 
0.343703 0.308534 0.262479 0.475152 
0.262479 0.475152 0.203577 0.26476 
-0.347607 0.29786 -0.272813 0.466889 
-0.272813 0.466889 -0.208423 0.258398 
0.262479 0.475152 -0.272813 0.466889 
0.343703 0.308534 -0.347607 0.29786 
0.203577 0.26476 -0.208423 0.258398 
0.233607 -0.0338731 0.213922 -0.0144102 
0.213922 -0.0144102 0.219863 0.201848 
0.219863 0.201848 0.241048 0.202005 
0.241048 0.202005 0.233607 -0.0338731 
0.292019 0.0542383 0.261828 0.0691681 
0.261828 0.0691681 0.266681 0.202196 
0.266681 0.202196 0.298327 0.202431 
0.298327 0.202431 0.292019 0.0542383 
