0 0 0 1 0.290721 -0.28111 
0 0 6.5 1 0.254076 0.0675085 
10 0 0 1 0.218928 -0.587366 
10 0 6.5 1 0.146026 0.120212 
10 10 0 1 -0.58862 -0.508457 
10 10 6.5 1 -0.633604 0.00864189 
0 10 0 1 -0.18121 -0.283416 
0 10 6.5 1 -0.209418 0.0116528 
0 5 10 1 -0.0139886 0.207658 
10 5 10 1 -0.333733 0.371646 
0 6 0 1 -0.0110978 -0.282585 
0 8 0 1 -0.098867 -0.283014 
0 8 5 1 -0.121674 -0.0485117 
0 6 5 1 -0.0350812 -0.0403958 
0 2 2.5 1 0.169642 -0.151707 
0 4 2.5 1 0.0699858 -0.156612 
0 4 5 1 0.0573829 -0.0317297 
0 2 5 1 0.156336 -0.0224553 
0.5 0.5 -0.5 1 0.263424 -0.316382 
0.5 0.5 6 1 0.226353 0.0384012 
10.5 0.5 -0.5 1 0.159934 -0.671139 
10.5 0.5 6 1 0.0853587 0.0623006 
10.5 10.5 -0.5 1 -0.651834 -0.566947 
10.5 10.5 6 1 -0.697281 -0.0361717 
0.5 10.5 -0.5 1 -0.211024 -0.313191 
0.5 10.5 6 1 -0.239456 -0.0137179 
0.5 5.5 9.5 1 -0.0434275 0.183273 
10.5 5.5 9.5 1 -0.398348 0.330591 
0.5 6.5 -0.5 1 -0.040293 -0.314339 
0.5 8.5 -0.5 1 -0.128422 -0.313746 
0.5 8.5 4.5 1 -0.151425 -0.0756267 
0.5 6.5 4.5 1 -0.0644986 -0.0682894 
0.5 2.5 2 1 0.141405 -0.183498 
0.5 4.5 2 1 0.0411434 -0.187383 
0.5 4.5 4.5 1 0.0284152 -0.0604467 
0.5 2.5 4.5 1 0.127956 -0.0520446 
