-0.295942 -0.016013 -0.323694 0.264123 
0.100776 0.0177242 0.0938093 0.274227 
0.301513 -0.0698562 0.305224 0.339567 
-0.329201 -0.13992 -0.380062 0.333264 
-0.295942 -0.016013 0.100776 0.0177242 
0.100776 0.0177242 0.301513 -0.0698562 
0.301513 -0.0698562 -0.329201 -0.13992 
-0.329201 -0.13992 -0.295942 -0.016013 
-0.323694 0.264123 -0.365699 0.498333 
-0.365699 0.498333 -0.380062 0.333264 
0.0938093 0.274227 0.171996 0.48435 
0.171996 0.48435 0.305224 0.339567 
-0.365699 0.498333 0.171996 0.48435 
-0.323694 0.264123 0.0938093 0.274227 
-0.380062 0.333264 0.305224 0.339567 
-0.311683 -0.0746577 -0.319408 -0.103437 
-0.319408 -0.103437 -0.352403 0.210901 
-0.352403 0.210901 -0.340619 0.206264 
-0.340619 0.206264 -0.311683 -0.0746577 
-0.311636 0.0812986 -0.318021 0.0727212 
-0.318021 0.0727212 -0.33119 0.202553 
-0.33119 0.202553 -0.323474 0.199517 
-0.323474 0.199517 -0.311636 0.0812986 
