-0.518505 -0.816302 -0.472371 -0.0783057 
-0.253106 -0.488125 -0.246395 -0.135936 
0.281473 -0.469853 0.255047 -0.12241 
0.606421 -0.770543 0.515212 -0.0529474 
-0.518505 -0.816302 -0.253106 -0.488125 
-0.253106 -0.488125 0.281473 -0.469853 
0.281473 -0.469853 0.606421 -0.770543 
0.606421 -0.770543 -0.518505 -0.816302 
-0.472371 -0.0783057 0.0157857 0.257047 
0.0157857 0.257047 0.515212 -0.0529474 
-0.246395 -0.135936 0.000716606 0.0417827 
0.000716606 0.0417827 0.255047 -0.12241 
0.0157857 0.257047 0.000716606 0.0417827 
-0.472371 -0.0783057 -0.246395 -0.135936 
0.515212 -0.0529474 0.255047 -0.12241 
0.162691 -0.788593 0.385577 -0.779527 
0.385577 -0.779527 0.334377 -0.208411 
0.334377 -0.208411 0.132846 -0.214215 
0.132846 -0.214215 0.162691 -0.788593 
-0.281955 -0.501574 -0.0665276 -0.494156 
-0.0665276 -0.494156 -0.0703756 -0.220069 
-0.0703756 -0.220069 -0.275308 -0.225971 
-0.275308 -0.225971 -0.281955 -0.501574 
