0 0 0 1 0.285002 -0.254825 
0 0 6.5 1 0.252108 0.0926826 
10 0 0 1 0.178523 -0.566959 
10 0 6.5 1 0.110974 0.126637 
10 10 0 1 -0.582668 -0.472133 
10 10 6.5 1 -0.638525 0.0245042 
0 10 0 1 -0.176761 -0.250948 
0 10 6.5 1 -0.206873 0.0389574 
0 5 10 1 -0.0152615 0.23526 
10 5 10 1 -0.359824 0.384351 
0 6 0 1 -0.0116168 -0.252335 
0 8 0 1 -0.0970043 -0.251618 
0 8 5 1 -0.120562 -0.0212853 
0 6 5 1 -0.0356038 -0.0138358 
0 2 2.5 1 0.166228 -0.125909 
0 4 2.5 1 0.0678417 -0.129776 
0 4 5 1 0.0556033 -0.00583839 
0 2 5 1 0.153775 0.00276968 
0.5 0.5 -0.5 1 0.25679 -0.289468 
0.5 0.5 6 1 0.223209 0.0629558 
10.5 0.5 -0.5 1 0.118236 -0.646403 
10.5 0.5 6 1 0.0477753 0.0670535 
10.5 10.5 -0.5 1 -0.641727 -0.526642 
10.5 10.5 6 1 -0.699384 -0.0199049 
0.5 10.5 -0.5 1 -0.205937 -0.279762 
0.5 10.5 6 1 -0.236593 0.0135571 
0.5 5.5 9.5 1 -0.0452227 0.210093 
10.5 5.5 9.5 1 -0.42448 0.341126 
0.5 6.5 -0.5 1 -0.0407065 -0.283228 
0.5 8.5 -0.5 1 -0.126175 -0.281435 
0.5 8.5 4.5 1 -0.150169 -0.0483005 
0.5 6.5 4.5 1 -0.0651512 -0.0417234 
0.5 2.5 2 1 0.137344 -0.157472 
0.5 4.5 2 1 0.0386851 -0.160217 
0.5 4.5 4.5 1 0.0262058 -0.0346558 
0.5 2.5 4.5 1 0.124638 -0.027041 
