0 0 0 1 0.33739 -0.549719 
0 0 6.5 1 0.296644 -0.123658 
10 0 0 1 -0.353016 -0.706585 
10 0 6.5 1 -0.34273 -0.138053 
10 10 0 1 -0.382046 -0.483568 
10 10 6.5 1 -0.374498 -0.164008 
0 10 0 1 0.0562912 -0.41985 
0 10 6.5 1 0.0427825 -0.150849 
0 5 10 1 0.131268 0.0227233 
10 5 10 1 -0.358518 0.0437715 
0 6 0 1 0.139278 -0.45819 
0 8 0 1 0.0944524 -0.437481 
0 8 5 1 0.0816865 -0.211538 
0 6 5 1 0.123593 -0.212478 
0 2 2.5 1 0.244721 -0.360056 
0 4 2.5 1 0.182694 -0.345125 
0 4 5 1 0.173157 -0.213591 
0 2 5 1 0.232688 -0.214927 
0.5 0.5 -0.5 1 0.29296 -0.580191 
0.5 0.5 6 1 0.255736 -0.156438 
10.5 0.5 -0.5 1 -0.401694 -0.744667 
10.5 0.5 6 1 -0.387145 -0.180361 
10.5 10.5 -0.5 1 -0.409219 -0.506877 
10.5 10.5 6 1 -0.400289 -0.18861 
0.5 10.5 -0.5 1 0.0302415 -0.439993 
0.5 10.5 6 1 0.0180003 -0.171895 
0.5 5.5 9.5 1 0.101345 -0.00347003 
10.5 5.5 9.5 1 -0.390059 0.0118322 
0.5 6.5 -0.5 1 0.108029 -0.481504 
0.5 8.5 -0.5 1 0.066036 -0.459095 
0.5 8.5 4.5 1 0.0544378 -0.233991 
0.5 6.5 4.5 1 0.0937489 -0.236789 
0.5 2.5 2 1 0.206849 -0.388502 
0.5 4.5 2 1 0.14888 -0.371068 
0.5 4.5 4.5 1 0.140181 -0.240093 
0.5 2.5 4.5 1 0.195861 -0.244056 
