-0.37604 -0.764369 -0.289544 -0.0157314 
-0.300517 -0.408738 -0.260959 -0.0550365 
0.205177 -0.416798 0.223448 -0.0989859 
0.599719 -0.70817 0.608601 -0.104137 
-0.37604 -0.764369 -0.300517 -0.408738 
-0.300517 -0.408738 0.205177 -0.416798 
0.205177 -0.416798 0.599719 -0.70817 
0.599719 -0.70817 -0.37604 -0.764369 
-0.289544 -0.0157314 0.2255 0.258441 
0.2255 0.258441 0.608601 -0.104137 
-0.260959 -0.0550365 0.00846869 0.092304 
0.00846869 0.092304 0.223448 -0.0989859 
0.2255 0.258441 0.00846869 0.092304 
-0.289544 -0.0157314 -0.260959 -0.0550365 
0.608601 -0.104137 0.223448 -0.0989859 
0.260622 -0.727701 0.437275 -0.717526 
0.437275 -0.717526 0.452768 -0.226823 
0.452768 -0.226823 0.286139 -0.216138 
0.286139 -0.216138 0.260622 -0.727701 
-0.117105 -0.463088 0.086994 -0.464056 
0.086994 -0.464056 0.105113 -0.204529 
0.105113 -0.204529 -0.0922581 -0.191871 
-0.0922581 -0.191871 -0.117105 -0.463088 
