0.272342 -0.564302 0.271338 -0.147553 
-0.396044 -0.711763 -0.332458 -0.100418 
-0.496258 -0.46394 -0.453474 -0.121354 
-0.039629 -0.420166 -0.0261605 -0.14859 
0.272342 -0.564302 -0.396044 -0.711763 
-0.396044 -0.711763 -0.496258 -0.46394 
-0.496258 -0.46394 -0.039629 -0.420166 
-0.039629 -0.420166 0.272342 -0.564302 
0.271338 -0.147553 0.0975924 0.0145114 
0.0975924 0.0145114 -0.0261605 -0.14859 
-0.332458 -0.100418 -0.384117 0.0976859 
-0.384117 0.0976859 -0.453474 -0.121354 
0.0975924 0.0145114 -0.384117 0.0976859 
0.271338 -0.147553 -0.332458 -0.100418 
-0.0261605 -0.14859 -0.453474 -0.121354 
0.0548435 -0.463814 0.00406861 -0.440355 
0.00406861 -0.440355 0.0136427 -0.213262 
0.0136427 -0.213262 0.0630946 -0.218124 
0.0630946 -0.218124 0.0548435 -0.463814 
0.187602 -0.373805 0.117793 -0.354587 
0.117793 -0.354587 0.120877 -0.223806 
0.120877 -0.223806 0.189288 -0.230532 
0.189288 -0.230532 0.187602 -0.373805 
