0 0 0 1 0.136738 -0.0563753 
0 0 6.5 1 0.158107 0.215256 
10 0 0 1 0.561653 -0.183073 
10 0 6.5 1 0.623589 0.217502 
10 10 0 1 0.122115 -0.339787 
10 10 6.5 1 0.172833 0.293815 
0 10 0 1 -0.253008 -0.105478 
0 10 6.5 1 -0.248602 0.2563 
0 5 10 1 -0.00637669 0.413929 
10 5 10 1 0.489909 0.547782 
0 6 0 1 -0.0703534 -0.0824658 
0 8 0 1 -0.156139 -0.0932735 
0 8 5 1 -0.14872 0.164226 
0 6 5 1 -0.0598052 0.160139 
0 2 2.5 1 0.0820717 0.0425603 
0 4 2.5 1 0.0125035 0.0396325 
0 4 5 1 0.019109 0.156512 
0 2 5 1 0.0896196 0.153271 
0.5 0.5 -0.5 1 0.134801 -0.0831627 
0.5 0.5 6 1 0.156649 0.194452 
10.5 0.5 -0.5 1 0.57494 -0.227869 
10.5 0.5 6 1 0.640373 0.185804 
10.5 10.5 -0.5 1 0.116613 -0.420826 
10.5 10.5 6 1 0.170119 0.246116 
0.5 10.5 -0.5 1 -0.268856 -0.142883 
0.5 10.5 6 1 -0.265314 0.229586 
0.5 5.5 9.5 1 -0.0133193 0.395554 
10.5 5.5 9.5 1 0.504801 0.523837 
0.5 6.5 -0.5 1 -0.0788496 -0.114772 
0.5 8.5 -0.5 1 -0.167904 -0.127947 
0.5 8.5 4.5 1 -0.160776 0.136557 
0.5 6.5 4.5 1 -0.068336 0.134042 
0.5 2.5 2 1 0.0784992 0.0165388 
0.5 4.5 2 1 0.00671676 0.0120496 
0.5 4.5 4.5 1 0.0134 0.131819 
0.5 2.5 4.5 1 0.0861892 0.129839 
