0.322216 -0.114411 0.340542 0.315147 
-0.313908 -0.130501 -0.351109 0.300721 
-0.198812 -0.00424715 -0.214951 0.258834 
0.192855 0.00516254 0.197084 0.267617 
0.322216 -0.114411 -0.313908 -0.130501 
-0.313908 -0.130501 -0.198812 -0.00424715 
-0.198812 -0.00424715 0.192855 0.00516254 
0.192855 0.00516254 0.322216 -0.114411 
0.340542 0.315147 0.255738 0.478972 
0.255738 0.478972 0.197084 0.267617 
-0.351109 0.300721 -0.279467 0.468725 
-0.279467 0.468725 -0.214951 0.258834 
0.255738 0.478972 -0.279467 0.468725 
0.340542 0.315147 -0.351109 0.300721 
0.197084 0.267617 -0.214951 0.258834 
0.230533 -0.0296648 0.210129 -0.0108043 
0.210129 -0.0108043 0.214361 0.205299 
0.214361 0.205299 0.236123 0.206055 
0.236123 0.206055 0.230533 -0.0296648 
0.289771 0.0600457 0.258631 0.074071 
0.258631 0.074071 0.262447 0.206969 
0.262447 0.206969 0.294933 0.208097 
0.294933 0.208097 0.289771 0.0600457 
