0.295648 -0.375081 0.259281 -0.021583 
0.363286 -0.635912 0.283088 0.101533 
-0.61783 -0.596241 -0.598312 0.00219047 
-0.213418 -0.381831 -0.221927 -0.063671 
0.295648 -0.375081 0.363286 -0.635912 
0.363286 -0.635912 -0.61783 -0.596241 
-0.61783 -0.596241 -0.213418 -0.381831 
-0.213418 -0.381831 0.295648 -0.375081 
0.259281 -0.021583 -0.00455593 0.123067 
-0.00455593 0.123067 -0.221927 -0.063671 
0.283088 0.101533 -0.211517 0.35294 
-0.211517 0.35294 -0.598312 0.00219047 
-0.00455593 0.123067 -0.211517 0.35294 
0.259281 -0.021583 0.283088 0.101533 
-0.221927 -0.063671 -0.598312 0.00219047 
-0.0233032 -0.37931 -0.120418 -0.380598 
-0.120418 -0.380598 -0.130682 -0.12804 
-0.130682 -0.12804 -0.0375275 -0.121431 
-0.0375275 -0.121431 -0.0233032 -0.37931 
0.172564 -0.23918 0.0687537 -0.243605 
0.0687537 -0.243605 0.0596749 -0.114534 
0.0596749 -0.114534 0.161195 -0.107332 
0.161195 -0.107332 0.172564 -0.23918 
