0 0 0 1 0.370445 -0.61343 
0 0 6.5 1 0.29883 0.00364174 
10 0 0 1 -0.239989 -0.470595 
10 0 6.5 1 -0.25811 -0.0770806 
10 10 0 1 0.0915074 -0.339189 
10 10 6.5 1 0.068456 -0.0725981 
0 10 0 1 0.5502 -0.376904 
0 10 6.5 1 0.500479 -0.0236546 
0 5 10 1 0.396447 0.209199 
10 5 10 1 -0.0759559 0.0869663 
0 6 0 1 0.50067 -0.442077 
0 8 0 1 0.527762 -0.406428 
0 8 5 1 0.48644 -0.106114 
0 6 5 1 0.456293 -0.110439 
0 2 2.5 1 0.398702 -0.32658 
0 4 2.5 1 0.442858 -0.296726 
0 4 5 1 0.419473 -0.115722 
0 2 5 1 0.373488 -0.122319 
0.5 0.5 -0.5 1 0.345318 -0.631418 
0.5 0.5 6 1 0.279238 -0.0461565 
10.5 0.5 -0.5 1 -0.23359 -0.487487 
10.5 0.5 6 1 -0.251357 -0.107136 
10.5 10.5 -0.5 1 0.0874755 -0.354115 
10.5 10.5 6 1 0.0651171 -0.093621 
0.5 10.5 -0.5 1 0.529466 -0.395369 
0.5 10.5 6 1 0.482192 -0.0527465 
0.5 5.5 9.5 1 0.378296 0.164729 
10.5 5.5 9.5 1 -0.0757067 0.0581109 
0.5 6.5 -0.5 1 0.477803 -0.461593 
0.5 8.5 -0.5 1 0.505973 -0.425483 
0.5 8.5 4.5 1 0.466862 -0.135133 
0.5 6.5 4.5 1 0.436008 -0.14207 
0.5 2.5 2 1 0.375837 -0.356034 
0.5 4.5 2 1 0.420534 -0.3243 
0.5 4.5 4.5 1 0.398617 -0.150477 
0.5 2.5 4.5 1 0.352365 -0.160876 
