0 0 0 1 0.36469 -0.57583 
0 0 6.5 1 0.335599 -0.00339421 
10 0 0 1 -0.302018 -0.456327 
10 0 6.5 1 -0.273366 -0.0484045 
10 10 0 1 -0.00276479 -0.368717 
10 10 6.5 1 0.00140468 -0.102361 
0 10 0 1 0.442785 -0.415495 
0 10 6.5 1 0.420907 -0.0876961 
0 5 10 1 0.377135 0.142761 
10 5 10 1 -0.102305 0.0772641 
0 6 0 1 0.421469 -0.459259 
0 8 0 1 0.433147 -0.435282 
0 8 5 1 0.415026 -0.155318 
0 6 5 1 0.402199 -0.149976 
0 2 2.5 1 0.377421 -0.323737 
0 4 2.5 1 0.396442 -0.31057 
0 4 5 1 0.386526 -0.143449 
0 2 5 1 0.366941 -0.135293 
0.5 0.5 -0.5 1 0.328743 -0.60093 
0.5 0.5 6 1 0.304449 -0.0509789 
10.5 0.5 -0.5 1 -0.304688 -0.478447 
10.5 0.5 6 1 -0.276762 -0.0820261 
10.5 10.5 -0.5 1 -0.0112879 -0.385169 
10.5 10.5 6 1 -0.00679456 -0.123754 
0.5 10.5 -0.5 1 0.419934 -0.434392 
0.5 10.5 6 1 0.399975 -0.114057 
0.5 5.5 9.5 1 0.35335 0.103825 
10.5 5.5 9.5 1 -0.109228 0.0479417 
0.5 6.5 -0.5 1 0.394655 -0.480559 
0.5 8.5 -0.5 1 0.408467 -0.455333 
0.5 8.5 4.5 1 0.392104 -0.182447 
0.5 6.5 4.5 1 0.377466 -0.179898 
0.5 2.5 2 1 0.346684 -0.35508 
0.5 4.5 2 1 0.368412 -0.338929 
0.5 4.5 4.5 1 0.359694 -0.176803 
0.5 2.5 4.5 1 0.33766 -0.172966 
