0 0 0 1 -0.553003 -0.440317 
0 0 6.5 1 -0.605673 0.144853 
10 0 0 1 -0.211689 -0.232368 
10 0 6.5 1 -0.241392 0.0769031 
10 10 0 1 0.280379 -0.200038 
10 10 6.5 1 0.245342 0.135737 
0 10 0 1 0.396693 -0.410981 
0 10 6.5 1 0.323828 0.276932 
0 5 10 1 -0.211144 0.540564 
10 5 10 1 -0.025288 0.277041 
0 6 0 1 -0.0210997 -0.423887 
0 8 0 1 0.180608 -0.417656 
0 8 5 1 0.128176 0.0948698 
0 6 5 1 -0.0701309 0.0717806 
0 2 2.5 1 -0.408425 -0.201739 
0 4 2.5 1 -0.232887 -0.188809 
0 4 5 1 -0.25577 0.0501663 
0 2 5 1 -0.429919 0.0298899 
0.5 0.5 -0.5 1 -0.478976 -0.463973 
0.5 0.5 6 1 -0.530512 0.101066 
10.5 0.5 -0.5 1 -0.178384 -0.248987 
10.5 0.5 6 1 -0.207699 0.0545693 
10.5 10.5 -0.5 1 0.306451 -0.218731 
10.5 10.5 6 1 0.271983 0.110318 
0.5 10.5 -0.5 1 0.444325 -0.439885 
0.5 10.5 6 1 0.373897 0.220376 
0.5 5.5 9.5 1 -0.14528 0.478868 
10.5 5.5 9.5 1 0.00546629 0.249973 
0.5 6.5 -0.5 1 0.0395623 -0.450445 
0.5 8.5 -0.5 1 0.235256 -0.44534 
0.5 8.5 4.5 1 0.184442 0.0472058 
0.5 6.5 4.5 1 -0.00808021 0.0265106 
0.5 2.5 2 1 -0.337668 -0.234612 
0.5 4.5 2 1 -0.166466 -0.223177 
0.5 4.5 4.5 1 -0.188759 0.00708852 
0.5 2.5 4.5 1 -0.358655 -0.0111745 
