0.243252 -0.192093 0.284426 0.176341 
-0.269613 -0.290138 -0.220601 0.318979 
-0.541961 -0.1133 -0.519102 0.250728 
-0.101844 -0.0926153 -0.0783281 0.169209 
0.243252 -0.192093 -0.269613 -0.290138 
-0.269613 -0.290138 -0.541961 -0.1133 
-0.541961 -0.1133 -0.101844 -0.0926153 
-0.101844 -0.0926153 0.243252 -0.192093 
0.284426 0.176341 0.0886079 0.341832 
0.0886079 0.341832 -0.0783281 0.169209 
-0.220601 0.318979 -0.390432 0.532279 
-0.390432 0.532279 -0.519102 0.250728 
0.0886079 0.341832 -0.390432 0.532279 
0.284426 0.176341 -0.220601 0.318979 
-0.0783281 0.169209 -0.519102 0.250728 
0.00912427 -0.124603 -0.0497644 -0.107628 
-0.0497644 -0.107628 -0.0299382 0.105305 
-0.0299382 0.105305 0.0310888 0.102206 
0.0310888 0.102206 0.00912427 -0.124603 
0.167187 -0.0368564 0.088424 -0.0235453 
0.088424 -0.0235453 0.10078 0.0986671 
0.10078 0.0986671 0.181122 0.0945872 
0.181122 0.0945872 0.167187 -0.0368564 
