0 0 0 1 0.0645487 -0.135953 
0 0 6.5 1 0.0407733 0.118604 
10 0 0 1 0.494639 -0.153692 
10 0 6.5 1 0.471724 0.177878 
10 10 0 1 0.338435 -0.348064 
10 10 6.5 1 0.294001 0.215567 
0 10 0 1 -0.238051 -0.256823 
0 10 6.5 1 -0.279476 0.115373 
0 5 10 1 -0.105587 0.284434 
10 5 10 1 0.389408 0.424886 
0 6 0 1 -0.0886716 -0.197155 
0 8 0 1 -0.157039 -0.224464 
0 8 5 1 -0.184821 0.0364502 
0 6 5 1 -0.113321 0.0434909 
0 2 2.5 1 0.0104322 -0.0500676 
0 4 2.5 1 -0.0411845 -0.0628538 
0 4 5 1 -0.0523049 0.0494992 
0 2 5 1 0.000376097 0.0546867 
0.5 0.5 -0.5 1 0.0727858 -0.160721 
0.5 0.5 6 1 0.0484831 0.10042 
10.5 0.5 -0.5 1 0.520565 -0.186731 
10.5 0.5 6 1 0.497332 0.156099 
10.5 10.5 -0.5 1 0.373953 -0.417421 
10.5 10.5 6 1 0.327925 0.179529 
0.5 10.5 -0.5 1 -0.23791 -0.298316 
0.5 10.5 6 1 -0.281019 0.0881217 
0.5 5.5 9.5 1 -0.101098 0.267928 
10.5 5.5 9.5 1 0.418717 0.408181 
0.5 6.5 -0.5 1 -0.0835618 -0.229961 
0.5 8.5 -0.5 1 -0.153966 -0.26114 
0.5 8.5 4.5 1 -0.182727 0.0088392 
0.5 6.5 4.5 1 -0.108975 0.0183768 
0.5 2.5 2 1 0.0177278 -0.0742291 
0.5 4.5 2 1 -0.0349474 -0.0892283 
0.5 4.5 4.5 1 -0.0463754 0.0264722 
0.5 2.5 4.5 1 0.00742317 0.0334295 
