0.15745 -0.145448 0.186908 0.132813 
0.588892 -0.292878 0.645788 0.147529 
0.0116311 -0.387417 0.0789444 0.288675 
-0.268461 -0.154598 -0.238539 0.202247 
0.15745 -0.145448 0.588892 -0.292878 
0.588892 -0.292878 0.0116311 -0.387417 
0.0116311 -0.387417 -0.268461 -0.154598 
-0.268461 -0.154598 0.15745 -0.145448 
0.186908 0.132813 0.0171608 0.33583 
0.0171608 0.33583 -0.238539 0.202247 
0.645788 0.147529 0.458076 0.502745 
0.458076 0.502745 0.0789444 0.288675 
0.0171608 0.33583 0.458076 0.502745 
0.186908 0.132813 0.645788 0.147529 
-0.238539 0.202247 0.0789444 0.288675 
-0.072533 -0.150389 -0.165339 -0.152383 
-0.165339 -0.152383 -0.14226 0.106394 
-0.14226 0.106394 -0.0494425 0.0953047 
-0.0494425 0.0953047 -0.072533 -0.150389 
0.0991042 -0.0360199 0.0228594 -0.0323539 
0.0228594 -0.0323539 0.0344257 0.0852851 
0.0344257 0.0852851 0.110579 0.0761872 
0.110579 0.0761872 0.0991042 -0.0360199 
