0.239166 -0.436596 0.246724 -0.0940097 
0.497655 -0.737361 0.486549 -0.0304033 
-0.59165 -0.664047 -0.494041 0.0284624 
-0.285105 -0.402844 -0.25099 -0.0637307 
0.239166 -0.436596 0.497655 -0.737361 
0.497655 -0.737361 -0.59165 -0.664047 
-0.59165 -0.664047 -0.285105 -0.402844 
-0.285105 -0.402844 0.239166 -0.436596 
0.246724 -0.0940097 0.0076258 0.0907218 
0.0076258 0.0907218 -0.25099 -0.0637307 
0.486549 -0.0304033 0.0139167 0.320821 
0.0139167 0.320821 -0.494041 0.0284624 
0.0076258 0.0907218 0.0139167 0.320821 
0.246724 -0.0940097 0.486549 -0.0304033 
-0.25099 -0.0637307 -0.494041 0.0284624 
-0.0760791 -0.416301 -0.180705 -0.409565 
-0.180705 -0.409565 -0.158251 -0.145078 
-0.158251 -0.145078 -0.0577413 -0.151272 
-0.0577413 -0.151272 -0.0760791 -0.416301 
0.138984 -0.294066 0.0360197 -0.287582 
0.0360197 -0.287582 0.0429782 -0.157478 
0.0429782 -0.157478 0.143908 -0.163698 
0.143908 -0.163698 0.138984 -0.294066 
