0 0 0 1 -0.0685035 -0.407067 
0 0 6.5 1 -0.0631031 -0.13858 
10 0 0 1 0.367291 -0.440739 
10 0 6.5 1 0.348566 -0.133113 
10 10 0 1 0.387118 -0.62376 
10 10 6.5 1 0.353356 -0.0829283 
0 10 0 1 -0.320823 -0.531494 
0 10 6.5 1 -0.292545 -0.101066 
0 5 10 1 -0.146377 0.0378665 
10 5 10 1 0.338747 0.0741484 
0 6 0 1 -0.190003 -0.466983 
0 8 0 1 -0.248248 -0.495705 
0 8 5 1 -0.232391 -0.195369 
0 6 5 1 -0.178544 -0.196251 
0 2 2.5 1 -0.0992821 -0.30824 
0 4 2.5 1 -0.137982 -0.31732 
0 4 5 1 -0.133932 -0.196981 
0 2 5 1 -0.096367 -0.197596 
0.5 0.5 -0.5 1 -0.0574284 -0.434953 
0.5 0.5 6 1 -0.0524435 -0.157285 
10.5 0.5 -0.5 1 0.395318 -0.474047 
10.5 0.5 6 1 0.374324 -0.154316 
10.5 10.5 -0.5 1 0.439542 -0.696257 
10.5 10.5 6 1 0.398463 -0.116952 
0.5 10.5 -0.5 1 -0.315223 -0.583617 
0.5 10.5 6 1 -0.286106 -0.129135 
0.5 5.5 9.5 1 -0.136565 0.0216891 
10.5 5.5 9.5 1 0.369802 0.0566033 
0.5 6.5 -0.5 1 -0.18035 -0.505839 
0.5 8.5 -0.5 1 -0.240072 -0.540279 
0.5 8.5 4.5 1 -0.224022 -0.224835 
0.5 6.5 4.5 1 -0.168959 -0.222882 
0.5 2.5 2 1 -0.0885235 -0.334641 
0.5 4.5 2 1 -0.127608 -0.346438 
0.5 4.5 4.5 1 -0.123665 -0.221276 
0.5 2.5 4.5 1 -0.08575 -0.219931 
