0 0 0 1 0.241553 -0.44346 
0 0 6.5 1 0.198442 0.16756 
10 0 0 1 -0.228361 -0.258554 
10 0 6.5 1 -0.268906 0.100651 
10 10 0 1 0.129612 -0.138118 
10 10 6.5 1 0.108864 0.125049 
0 10 0 1 0.571775 -0.200814 
0 10 6.5 1 0.557241 0.176159 
0 5 10 1 0.408681 0.441132 
10 5 10 1 -0.0657493 0.285515 
0 6 0 1 0.475589 -0.271491 
0 8 0 1 0.527677 -0.233217 
0 8 5 1 0.51437 0.0781104 
0 6 5 1 0.459399 0.0677262 
0 2 2.5 1 0.32443 -0.170749 
0 4 2.5 1 0.403279 -0.134273 
0 4 5 1 0.393095 0.055201 
0 2 5 1 0.31155 0.0397966 
0.5 0.5 -0.5 1 0.232383 -0.451994 
0.5 0.5 6 1 0.191746 0.116543 
10.5 0.5 -0.5 1 -0.215294 -0.271073 
10.5 0.5 6 1 -0.253762 0.0730299 
10.5 10.5 -0.5 1 0.128775 -0.150899 
10.5 10.5 6 1 0.108631 0.104076 
0.5 10.5 -0.5 1 0.552346 -0.216225 
0.5 10.5 6 1 0.537786 0.144157 
0.5 5.5 9.5 1 0.39212 0.386467 
10.5 5.5 9.5 1 -0.0598887 0.255314 
0.5 6.5 -0.5 1 0.457465 -0.28614 
0.5 8.5 -0.5 1 0.508671 -0.248408 
0.5 8.5 4.5 1 0.495451 0.0482506 
0.5 6.5 4.5 1 0.44154 0.0357325 
0.5 2.5 2 1 0.311136 -0.194762 
0.5 4.5 2 1 0.387016 -0.157947 
0.5 4.5 4.5 1 0.377123 0.0207747 
0.5 2.5 4.5 1 0.298795 0.00258697 
