0 0 0 1 0.249556 -0.0857398 
0 0 6.5 1 0.284674 0.282108 
10 0 0 1 -0.176526 -0.240882 
10 0 6.5 1 -0.163381 0.401646 
10 10 0 1 -0.562326 -0.0639884 
10 10 6.5 1 -0.581659 0.335902 
0 10 0 1 -0.125926 -0.00333146 
0 10 6.5 1 -0.118156 0.269759 
0 5 10 1 0.0624793 0.458519 
10 5 10 1 -0.431087 0.663847 
0 6 0 1 -0.00144285 -0.0306523 
0 8 0 1 -0.0670444 -0.0162545 
0 8 5 1 -0.0585421 0.202676 
0 6 5 1 0.01023 0.200693 
0 2 2.5 1 0.165114 0.062516 
0 4 2.5 1 0.0797265 0.0732405 
0 4 5 1 0.0876846 0.198459 
0 2 5 1 0.175577 0.195924 
0.5 0.5 -0.5 1 0.209389 -0.111265 
0.5 0.5 6 1 0.241848 0.254483 
10.5 0.5 -0.5 1 -0.244449 -0.284266 
10.5 0.5 6 1 -0.239274 0.351818 
10.5 10.5 -0.5 1 -0.604625 -0.0915143 
10.5 10.5 6 1 -0.626917 0.305919 
0.5 10.5 -0.5 1 -0.155505 -0.0223941 
0.5 10.5 6 1 -0.149151 0.249549 
0.5 5.5 9.5 1 0.0254053 0.434273 
10.5 5.5 9.5 1 -0.490601 0.624036 
0.5 6.5 -0.5 1 -0.0345084 -0.0518631 
0.5 8.5 -0.5 1 -0.0982692 -0.0363339 
0.5 8.5 4.5 1 -0.0909713 0.181628 
0.5 6.5 4.5 1 -0.0241891 0.178398 
0.5 2.5 2 1 0.126775 0.0379373 
0.5 4.5 2 1 0.0438402 0.0501684 
0.5 4.5 4.5 1 0.0510158 0.174761 
0.5 2.5 4.5 1 0.136344 0.170634 
