0.24021 -0.373504 0.268847 0.00792576 
-0.348423 -0.47701 -0.280469 0.115799 
-0.53082 -0.274514 -0.486523 0.0693317 
-0.0843146 -0.253837 -0.0587772 0.00638099 
0.24021 -0.373504 -0.348423 -0.47701 
-0.348423 -0.47701 -0.53082 -0.274514 
-0.53082 -0.274514 -0.0843146 -0.253837 
-0.0843146 -0.253837 0.24021 -0.373504 
0.268847 0.00792576 0.0890446 0.168195 
0.0890446 0.168195 -0.0587772 0.00638099 
-0.280469 0.115799 -0.382563 0.310288 
-0.382563 0.310288 -0.486523 0.0693317 
0.0890446 0.168195 -0.382563 0.310288 
0.268847 0.00792576 -0.280469 0.115799 
-0.0587772 0.00638099 -0.486523 0.0693317 
0.0171326 -0.291245 -0.0370345 -0.271271 
-0.0370345 -0.271271 -0.0166902 -0.0565674 
-0.0166902 -0.0565674 0.0380743 -0.0608351 
0.0380743 -0.0608351 0.0171326 -0.291245 
0.164237 -0.205198 0.0906451 -0.188986 
0.0906451 -0.188986 0.101295 -0.0657619 
0.101295 -0.0657619 0.175095 -0.0715131 
0.175095 -0.0715131 0.164237 -0.205198 
