0 0 0 1 0.265023 -0.173285 
0 0 6.5 1 0.24996 0.174777 
10 0 0 1 0.0563238 -0.473679 
10 0 6.5 1 0.00792237 0.180975 
10 10 0 1 -0.574722 -0.334024 
10 10 6.5 1 -0.645613 0.114246 
0 10 0 1 -0.167769 -0.144224 
0 10 6.5 1 -0.195832 0.13543 
0 5 10 1 -0.0109689 0.33071 
10 5 10 1 -0.422714 0.460972 
0 6 0 1 -0.016316 -0.154394 
0 8 0 1 -0.0950747 -0.149105 
0 8 5 1 -0.115226 0.0728415 
0 6 5 1 -0.0349212 0.0769328 
0 2 2.5 1 0.155648 -0.042155 
0 4 2.5 1 0.0610807 -0.0412781 
0 4 5 1 0.0525991 0.0813916 
0 2 5 1 0.148352 0.0862699 
0.5 0.5 -0.5 1 0.233525 -0.205328 
0.5 0.5 6 1 0.216866 0.144207 
10.5 0.5 -0.5 1 -0.00651628 -0.538964 
10.5 0.5 6 1 -0.0615171 0.120701 
10.5 10.5 -0.5 1 -0.624598 -0.377415 
10.5 10.5 6 1 -0.699354 0.073228 
0.5 10.5 -0.5 1 -0.196005 -0.169867 
0.5 10.5 6 1 -0.225311 0.110737 
0.5 5.5 9.5 1 -0.0430564 0.304144 
10.5 5.5 9.5 1 -0.486683 0.414627 
0.5 6.5 -0.5 1 -0.0458464 -0.182264 
0.5 8.5 -0.5 1 -0.123952 -0.175815 
0.5 8.5 4.5 1 -0.1451 0.0469022 
0.5 6.5 4.5 1 -0.0654994 0.0499001 
0.5 2.5 2 1 0.124232 -0.0722001 
0.5 4.5 2 1 0.0303502 -0.0699781 
0.5 4.5 4.5 1 0.0213079 0.0531694 
0.5 2.5 4.5 1 0.116347 0.0567488 
