-0.477265 -0.904572 -0.391852 -0.116576 
-0.292394 -0.514354 -0.261831 -0.150271 
0.24059 -0.512556 0.238044 -0.170497 
0.626082 -0.850388 0.578013 -0.159089 
-0.477265 -0.904572 -0.292394 -0.514354 
-0.292394 -0.514354 0.24059 -0.512556 
0.24059 -0.512556 0.626082 -0.850388 
0.626082 -0.850388 -0.477265 -0.904572 
-0.391852 -0.116576 0.127151 0.18925 
0.127151 0.18925 0.578013 -0.159089 
-0.261831 -0.150271 0.00221412 0.0121146 
0.00221412 0.0121146 0.238044 -0.170497 
0.127151 0.18925 0.00221412 0.0121146 
-0.391852 -0.116576 -0.261831 -0.150271 
0.578013 -0.159089 0.238044 -0.170497 
0.220915 -0.870285 0.428886 -0.860072 
0.428886 -0.860072 0.407884 -0.300106 
0.407884 -0.300106 0.218711 -0.295493 
0.218711 -0.295493 0.220915 -0.870285 
-0.209084 -0.573423 0.0110589 -0.571097 
0.0110589 -0.571097 0.0199231 -0.290646 
0.0199231 -0.290646 -0.189231 -0.285546 
-0.189231 -0.285546 -0.209084 -0.573423 
