0.265023 -0.173285 0.24996 0.174777 
0.0563238 -0.473679 0.00792237 0.180975 
-0.574722 -0.334024 -0.645613 0.114246 
-0.167769 -0.144224 -0.195832 0.13543 
0.265023 -0.173285 0.0563238 -0.473679 
0.0563238 -0.473679 -0.574722 -0.334024 
-0.574722 -0.334024 -0.167769 -0.144224 
-0.167769 -0.144224 0.265023 -0.173285 
0.24996 0.174777 -0.0109689 0.33071 
-0.0109689 0.33071 -0.195832 0.13543 
0.00792237 0.180975 -0.422714 0.460972 
-0.422714 0.460972 -0.645613 0.114246 
-0.0109689 0.33071 -0.422714 0.460972 
0.24996 0.174777 0.00792237 0.180975 
-0.195832 0.13543 -0.645613 0.114246 
-0.016316 -0.154394 -0.0950747 -0.149105 
-0.0950747 -0.149105 -0.115226 0.0728415 
-0.115226 0.0728415 -0.0349212 0.0769328 
-0.0349212 0.0769328 -0.016316 -0.154394 
0.155648 -0.042155 0.0610807 -0.0412781 
0.0610807 -0.0412781 0.0525991 0.0813916 
0.0525991 0.0813916 0.148352 0.0862699 
0.148352 0.0862699 0.155648 -0.042155 
