0 0 0 1 -0.582914 -0.267777 
0 0 6.5 1 -0.663973 0.236225 
10 0 0 1 -0.199838 -0.0795564 
10 0 6.5 1 -0.226448 0.214968 
10 10 0 1 0.257328 -0.094003 
10 10 6.5 1 0.253027 0.252159 
0 10 0 1 0.176981 -0.357018 
0 10 6.5 1 0.158432 0.320165 
0 5 10 1 -0.353994 0.634806 
10 5 10 1 -0.0164628 0.418169 
0 6 0 1 -0.179517 -0.315151 
0 8 0 1 -0.0121664 -0.334805 
0 8 5 1 -0.0411434 0.140207 
0 6 5 1 -0.219982 0.131879 
0 2 2.5 1 -0.48937 -0.0887961 
0 4 2.5 1 -0.352369 -0.0941633 
0 4 5 1 -0.377878 0.124526 
0 2 5 1 -0.518307 0.117986 
0.5 0.5 -0.5 1 -0.517768 -0.29005 
0.5 0.5 6 1 -0.590718 0.196475 
10.5 0.5 -0.5 1 -0.167644 -0.0959473 
10.5 0.5 6 1 -0.192195 0.192555 
10.5 10.5 -0.5 1 0.285849 -0.112814 
10.5 10.5 6 1 0.28329 0.225062 
0.5 10.5 -0.5 1 0.234175 -0.38294 
0.5 10.5 6 1 0.223042 0.26301 
0.5 5.5 9.5 1 -0.276714 0.571637 
10.5 5.5 9.5 1 0.0174991 0.389242 
0.5 6.5 -0.5 1 -0.116867 -0.339575 
0.5 8.5 -0.5 1 0.0482994 -0.359978 
0.5 8.5 4.5 1 0.0253493 0.0949333 
0.5 6.5 4.5 1 -0.151089 0.0896177 
0.5 2.5 2 1 -0.421582 -0.118478 
0.5 4.5 2 1 -0.285334 -0.125292 
0.5 4.5 4.5 1 -0.307562 0.0849036 
0.5 2.5 4.5 1 -0.447278 0.0806943 
