-0.593676 -0.208267 -0.639527 0.247044 
-0.180499 -0.0601744 -0.184718 0.223429 
0.245944 -0.128964 0.270864 0.219079 
0.0211347 -0.398161 0.0388909 0.249841 
-0.593676 -0.208267 -0.180499 -0.0601744 
-0.180499 -0.0601744 0.245944 -0.128964 
0.245944 -0.128964 0.0211347 -0.398161 
0.0211347 -0.398161 -0.593676 -0.208267 
-0.639527 0.247044 -0.382845 0.589123 
-0.382845 0.589123 0.0388909 0.249841 
-0.184718 0.223429 0.0226473 0.406677 
0.0226473 0.406677 0.270864 0.219079 
-0.382845 0.589123 0.0226473 0.406677 
-0.639527 0.247044 -0.184718 0.223429 
0.0388909 0.249841 0.270864 0.219079 
-0.278114 -0.305733 -0.140147 -0.348346 
-0.140147 -0.348346 -0.143364 0.0981194 
-0.143364 0.0981194 -0.293154 0.109369 
-0.293154 0.109369 -0.278114 -0.305733 
-0.516186 -0.0613159 -0.408837 -0.0825046 
-0.408837 -0.0825046 -0.421113 0.118978 
-0.421113 0.118978 -0.531688 0.127282 
-0.531688 0.127282 -0.516186 -0.0613159 
