-0.582914 -0.267777 -0.663973 0.236225 
-0.199838 -0.0795564 -0.226448 0.214968 
0.257328 -0.094003 0.253027 0.252159 
0.176981 -0.357018 0.158432 0.320165 
-0.582914 -0.267777 -0.199838 -0.0795564 
-0.199838 -0.0795564 0.257328 -0.094003 
0.257328 -0.094003 0.176981 -0.357018 
0.176981 -0.357018 -0.582914 -0.267777 
-0.663973 0.236225 -0.353994 0.634806 
-0.353994 0.634806 0.158432 0.320165 
-0.226448 0.214968 -0.0164628 0.418169 
-0.0164628 0.418169 0.253027 0.252159 
-0.353994 0.634806 -0.0164628 0.418169 
-0.663973 0.236225 -0.226448 0.214968 
0.158432 0.320165 0.253027 0.252159 
-0.179517 -0.315151 -0.0121664 -0.334805 
-0.0121664 -0.334805 -0.0411434 0.140207 
-0.0411434 0.140207 -0.219982 0.131879 
-0.219982 0.131879 -0.179517 -0.315151 
-0.48937 -0.0887961 -0.352369 -0.0941633 
-0.352369 -0.0941633 -0.377878 0.124526 
-0.377878 0.124526 -0.518307 0.117986 
-0.518307 0.117986 -0.48937 -0.0887961 
