0.10995 -0.0400801 0.11354 0.224681 
0.53435 -0.132762 0.572121 0.237995 
0.207621 -0.337134 0.228727 0.25581 
-0.244597 -0.131566 -0.266184 0.229872 
0.10995 -0.0400801 0.53435 -0.132762 
0.53435 -0.132762 0.207621 -0.337134 
0.207621 -0.337134 -0.244597 -0.131566 
-0.244597 -0.131566 0.10995 -0.0400801 
0.11354 0.224681 -0.0483672 0.407858 
-0.0483672 0.407858 -0.266184 0.229872 
0.572121 0.237995 0.465383 0.528681 
0.465383 0.528681 0.228727 0.25581 
-0.0483672 0.407858 0.465383 0.528681 
0.11354 0.224681 0.572121 0.237995 
-0.266184 0.229872 0.228727 0.25581 
-0.0757563 -0.0879991 -0.154451 -0.108305 
-0.154451 -0.108305 -0.164863 0.146708 
-0.164863 0.146708 -0.0816078 0.15102 
-0.0816078 0.15102 -0.0757563 -0.0879991 
0.0552726 0.0496811 -0.00758182 0.0398052 
-0.00758182 0.0398052 -0.00875456 0.154792 
-0.00875456 0.154792 0.0555314 0.158121 
0.0555314 0.158121 0.0552726 0.0496811 
