0.141354 -0.0669098 0.165351 0.205886 
0.567051 -0.198402 0.630947 0.208862 
0.103668 -0.342979 0.158799 0.299565 
-0.255172 -0.107311 -0.245454 0.254036 
0.141354 -0.0669098 0.567051 -0.198402 
0.567051 -0.198402 0.103668 -0.342979 
0.103668 -0.342979 -0.255172 -0.107311 
-0.255172 -0.107311 0.141354 -0.0669098 
0.165351 0.205886 0.000370891 0.406654 
0.000370891 0.406654 -0.245454 0.254036 
0.630947 0.208862 0.489542 0.546182 
0.489542 0.546182 0.158799 0.299565 
0.000370891 0.406654 0.489542 0.546182 
0.165351 0.205886 0.630947 0.208862 
-0.245454 0.254036 0.158799 0.299565 
-0.069922 -0.0884363 -0.157054 -0.097314 
-0.157054 -0.097314 -0.146203 0.160565 
-0.146203 0.160565 -0.0564177 0.154796 
-0.0564177 0.154796 -0.069922 -0.0884363 
0.0864254 0.0340349 0.0156036 0.0325663 
0.0156036 0.0325663 0.0235082 0.14966 
0.0235082 0.14966 0.0951143 0.145059 
0.0951143 0.145059 0.0864254 0.0340349 
