0.322306 -0.0996572 0.313216 0.321818 
-0.318699 -0.160334 -0.371374 0.284976 
-0.234187 -0.0414239 -0.261836 0.225188 
0.158975 -0.00821257 0.147287 0.249668 
0.322306 -0.0996572 -0.318699 -0.160334 
-0.318699 -0.160334 -0.234187 -0.0414239 
-0.234187 -0.0414239 0.158975 -0.00821257 
0.158975 -0.00821257 0.322306 -0.0996572 
0.313216 0.321818 0.203019 0.461995 
0.203019 0.461995 0.147287 0.249668 
-0.371374 0.284976 -0.323541 0.441019 
-0.323541 0.441019 -0.261836 0.225188 
0.203019 0.461995 -0.323541 0.441019 
0.313216 0.321818 -0.371374 0.284976 
0.147287 0.249668 -0.261836 0.225188 
0.206638 -0.0348982 0.180836 -0.020452 
0.180836 -0.020452 0.17185 0.192582 
0.17185 0.192582 0.197701 0.197504 
0.197701 0.197504 0.206638 -0.0348982 
0.271309 0.0657688 0.233292 0.0732398 
0.233292 0.0732398 0.228869 0.203438 
0.228869 0.203438 0.267182 0.210733 
0.267182 0.210733 0.271309 0.0657688 
