0 0 0 1 -0.606917 -0.201393 
0 0 6.5 1 -0.581628 0.208924 
10 0 0 1 -0.157212 -0.137753 
10 0 6.5 1 -0.133448 0.133359 
10 10 0 1 0.23405 -0.243511 
10 10 6.5 1 0.2739 0.114914 
0 10 0 1 -0.163871 -0.42912 
0 10 6.5 1 -0.106167 0.220863 
0 5 10 1 -0.378723 0.496933 
10 5 10 1 0.0580638 0.296341 
0 6 0 1 -0.391359 -0.31219 
0 8 0 1 -0.289493 -0.36455 
0 8 5 1 -0.253513 0.0796086 
0 6 5 1 -0.36128 0.0902173 
0 2 2.5 1 -0.535542 -0.0647568 
0 4 2.5 1 -0.462962 -0.0869302 
0 4 5 1 -0.450024 0.0989534 
0 2 5 1 -0.524375 0.106273 
0.5 0.5 -0.5 1 -0.561338 -0.234325 
0.5 0.5 6 1 -0.535187 0.171568 
10.5 0.5 -0.5 1 -0.12947 -0.160038 
10.5 0.5 6 1 -0.105408 0.109136 
10.5 10.5 -0.5 1 0.267719 -0.272143 
10.5 10.5 6 1 0.307962 0.0828975 
0.5 10.5 -0.5 1 -0.0981244 -0.477884 
0.5 10.5 6 1 -0.0387363 0.16104 
0.5 5.5 9.5 1 -0.32294 0.447063 
10.5 5.5 9.5 1 0.089072 0.267339 
0.5 6.5 -0.5 1 -0.335385 -0.353131 
0.5 8.5 -0.5 1 -0.228991 -0.409073 
0.5 8.5 4.5 1 -0.191894 0.0283548 
0.5 6.5 4.5 1 -0.304334 0.043748 
0.5 2.5 2 1 -0.486566 -0.101918 
0.5 4.5 2 1 -0.410498 -0.127076 
0.5 4.5 4.5 1 -0.397133 0.0564523 
0.5 2.5 4.5 1 -0.475023 0.0671157 
