0 0 0 1 0.267632 -0.551663 
0 0 6.5 1 0.269825 -0.138086 
10 0 0 1 -0.394879 -0.695277 
10 0 6.5 1 -0.329398 -0.0853686 
10 10 0 1 -0.501655 -0.450561 
10 10 6.5 1 -0.457563 -0.107934 
0 10 0 1 -0.0454178 -0.409117 
0 10 6.5 1 -0.0302857 -0.138582 
0 5 10 1 0.0958148 0.0239638 
10 5 10 1 -0.384706 0.112337 
0 6 0 1 0.0496387 -0.452401 
0 8 0 1 -0.0014222 -0.42915 
0 8 5 1 0.00957936 -0.203144 
0 6 5 1 0.0594898 -0.208047 
0 2 2.5 1 0.183914 -0.362936 
0 4 2.5 1 0.113768 -0.343859 
0 4 5 1 0.117745 -0.213771 
0 2 5 1 0.18663 -0.220538 
0.5 0.5 -0.5 1 0.221475 -0.579496 
0.5 0.5 6 1 0.226655 -0.165912 
10.5 0.5 -0.5 1 -0.458823 -0.735603 
10.5 0.5 6 1 -0.387775 -0.125748 
10.5 10.5 -0.5 1 -0.537134 -0.474148 
10.5 10.5 6 1 -0.491262 -0.131487 
0.5 10.5 -0.5 1 -0.0747022 -0.427786 
0.5 10.5 6 1 -0.0583396 -0.157228 
0.5 5.5 9.5 1 0.0627086 0.00169224 
10.5 5.5 9.5 1 -0.426022 0.082706 
0.5 6.5 -0.5 1 0.0153318 -0.473904 
0.5 8.5 -0.5 1 -0.0330202 -0.449137 
0.5 8.5 4.5 1 -0.0209084 -0.22312 
0.5 6.5 4.5 1 0.0264881 -0.229543 
0.5 2.5 2 1 0.143483 -0.388299 
0.5 4.5 2 1 0.0770417 -0.367136 
0.5 4.5 4.5 1 0.0817802 -0.237035 
0.5 2.5 4.5 1 0.14712 -0.245889 
