0 0 0 1 0.312613 -0.299814 
0 0 6.5 1 0.36615 0.140159 
10 0 0 1 -0.315525 -0.214022 
10 0 6.5 1 -0.302036 0.186874 
10 10 0 1 -0.134483 -0.0888342 
10 10 6.5 1 -0.120059 0.161528 
0 10 0 1 0.255732 -0.132708 
0 10 6.5 1 0.285197 0.132372 
0 5 10 1 0.337164 0.32618 
10 5 10 1 -0.180702 0.348122 
0 6 0 1 0.272044 -0.180629 
0 8 0 1 0.263185 -0.154603 
0 8 5 1 0.287883 0.064921 
0 6 5 1 0.299441 0.0594333 
0 2 2.5 1 0.313098 -0.106147 
0 4 2.5 1 0.297847 -0.0820327 
0 4 5 1 0.313495 0.0527603 
0 2 5 1 0.330953 0.0444717 
0.5 0.5 -0.5 1 0.271104 -0.312568 
0.5 0.5 6 1 0.319889 0.107639 
10.5 0.5 -0.5 1 -0.329948 -0.228801 
10.5 0.5 6 1 -0.317753 0.155641 
10.5 10.5 -0.5 1 -0.147917 -0.101177 
10.5 10.5 6 1 -0.134289 0.142677 
0.5 10.5 -0.5 1 0.231709 -0.144709 
0.5 10.5 6 1 0.259565 0.113081 
0.5 5.5 9.5 1 0.302609 0.29504 
10.5 5.5 9.5 1 -0.196767 0.318649 
0.5 6.5 -0.5 1 0.243138 -0.193409 
0.5 8.5 -0.5 1 0.236944 -0.167016 
0.5 8.5 4.5 1 0.260187 0.0460164 
0.5 6.5 4.5 1 0.268775 0.0389102 
0.5 2.5 2 1 0.275512 -0.124846 
0.5 4.5 2 1 0.264621 -0.0996136 
0.5 4.5 4.5 1 0.279155 0.0303209 
0.5 2.5 4.5 1 0.291955 0.0197302 
