-0.545196 -0.492624 -0.583755 0.111559 
-0.213903 -0.275675 -0.239967 0.0385032 
0.285255 -0.241663 0.248081 0.0936839 
0.438192 -0.454029 0.357072 0.233676 
-0.545196 -0.492624 -0.213903 -0.275675 
-0.213903 -0.275675 0.285255 -0.241663 
0.285255 -0.241663 0.438192 -0.454029 
0.438192 -0.454029 -0.545196 -0.492624 
-0.583755 0.111559 -0.173439 0.496518 
-0.173439 0.496518 0.357072 0.233676 
-0.239967 0.0385032 -0.020507 0.235062 
-0.020507 0.235062 0.248081 0.0936839 
-0.173439 0.496518 -0.020507 0.235062 
-0.583755 0.111559 -0.239967 0.0385032 
0.357072 0.233676 0.248081 0.0936839 
0.0122443 -0.470746 0.219169 -0.462625 
0.219169 -0.462625 0.164199 0.0565486 
0.164199 0.0565486 -0.0355114 0.0347111 
-0.0355114 0.0347111 0.0122443 -0.470746 
-0.386987 -0.242468 -0.204449 -0.228837 
-0.204449 -0.228837 -0.224776 0.0140157 
-0.224776 0.0140157 -0.404394 -0.00562487 
-0.404394 -0.00562487 -0.386987 -0.242468 
