-0.0613358 -0.403746 -0.0579398 -0.135584 
0.375134 -0.434899 0.353942 -0.126493 
0.390706 -0.614698 0.353159 -0.0728341 
-0.31567 -0.526274 -0.290392 -0.0975584 
-0.0613358 -0.403746 0.375134 -0.434899 
0.375134 -0.434899 0.390706 -0.614698 
0.390706 -0.614698 -0.31567 -0.526274 
-0.31567 -0.526274 -0.0613358 -0.403746 
-0.0579398 -0.135584 -0.143693 0.0406955 
-0.143693 0.0406955 -0.290392 -0.0975584 
0.353942 -0.126493 0.340627 0.0823522 
0.340627 0.0823522 0.353159 -0.0728341 
-0.143693 0.0406955 0.340627 0.0823522 
-0.0579398 -0.135584 0.353942 -0.126493 
-0.290392 -0.0975584 0.353159 -0.0728341 
-0.183974 -0.462828 -0.242654 -0.491097 
-0.242654 -0.491097 -0.228917 -0.191717 
-0.228917 -0.191717 -0.174454 -0.192782 
-0.174454 -0.192782 -0.183974 -0.462828 
-0.0933137 -0.304877 -0.132458 -0.313759 
-0.132458 -0.313759 -0.129284 -0.193666 
-0.129284 -0.193666 -0.091214 -0.194411 
-0.091214 -0.194411 -0.0933137 -0.304877 
