0 0 0 1 0.314861 -0.446988 
0 0 6.5 1 0.360611 0.0359281 
10 0 0 1 -0.330485 -0.313331 
10 0 6.5 1 -0.288758 0.0860022 
10 10 0 1 -0.100231 -0.212879 
10 10 6.5 1 -0.0748479 0.0378744 
0 10 0 1 0.303479 -0.278515 
0 10 6.5 1 0.330245 0.00281428 
0 5 10 1 0.359479 0.204918 
10 5 10 1 -0.140552 0.221172 
0 6 0 1 0.306662 -0.325626 
0 8 0 1 0.304926 -0.299923 
0 8 5 1 0.327402 -0.0635546 
0 6 5 1 0.331377 -0.0655408 
0 2 2.5 1 0.326912 -0.233299 
0 4 2.5 1 0.32254 -0.212204 
0 4 5 1 0.336235 -0.067968 
0 2 5 1 0.342307 -0.0710014 
0.5 0.5 -0.5 1 0.273251 -0.46121 
0.5 0.5 6 1 0.317297 0.000826895 
10.5 0.5 -0.5 1 -0.341647 -0.330064 
10.5 0.5 6 1 -0.301369 0.0548849 
10.5 10.5 -0.5 1 -0.112673 -0.225854 
10.5 10.5 6 1 -0.0878309 0.0191512 
0.5 10.5 -0.5 1 0.279095 -0.29132 
0.5 10.5 6 1 0.305268 -0.0172072 
0.5 5.5 9.5 1 0.327297 0.173347 
10.5 5.5 9.5 1 -0.154521 0.193195 
0.5 6.5 -0.5 1 0.277439 -0.339461 
0.5 8.5 -0.5 1 0.27834 -0.313258 
0.5 8.5 4.5 1 0.300274 -0.0834964 
0.5 6.5 4.5 1 0.3015 -0.0873524 
0.5 2.5 2 1 0.289944 -0.253975 
0.5 4.5 2 1 0.289694 -0.231381 
0.5 4.5 4.5 1 0.302989 -0.0920352 
0.5 2.5 4.5 1 0.304836 -0.0978427 
