-0.145194 -0.359505 -0.121134 -0.0969028 
0.271418 -0.412458 0.282909 -0.126236 
0.329758 -0.612093 0.34581 -0.114189 
-0.363416 -0.498965 -0.313275 -0.0683905 
-0.145194 -0.359505 0.271418 -0.412458 
0.271418 -0.412458 0.329758 -0.612093 
0.329758 -0.612093 -0.363416 -0.498965 
-0.363416 -0.498965 -0.145194 -0.359505 
-0.121134 -0.0969028 -0.178 0.0791346 
-0.178 0.0791346 -0.313275 -0.0683905 
0.282909 -0.126236 0.313025 0.0610106 
0.313025 0.0610106 0.34581 -0.114189 
-0.178 0.0791346 0.313025 0.0610106 
-0.121134 -0.0969028 0.282909 -0.126236 
-0.313275 -0.0683905 0.34581 -0.114189 
-0.249254 -0.426007 -0.299807 -0.458315 
-0.299807 -0.458315 -0.267365 -0.161497 
-0.267365 -0.161497 -0.221674 -0.159709 
-0.221674 -0.159709 -0.249254 -0.426007 
-0.163344 -0.265944 -0.195995 -0.277169 
-0.195995 -0.277169 -0.184237 -0.158245 
-0.184237 -0.158245 -0.153003 -0.157022 
-0.153003 -0.157022 -0.163344 -0.265944 
