0 0 0 1 -0.0625118 -0.272047 
0 0 6.5 1 -0.0190202 0.42394 
10 0 0 1 -0.254467 -0.0569841 
10 0 6.5 1 -0.242949 0.300368 
10 10 0 1 0.187268 -0.0470281 
10 10 6.5 1 0.215386 0.242371 
0 10 0 1 0.603899 -0.191019 
0 10 6.5 1 0.681172 0.286357 
0 5 10 1 0.440449 0.688904 
10 5 10 1 0.0230426 0.453299 
0 6 0 1 0.392039 -0.216778 
0 8 0 1 0.504752 -0.203074 
0 8 5 1 0.561438 0.181928 
0 6 5 1 0.445838 0.195346 
0 2 2.5 1 0.133597 -0.0192569 
0 4 2.5 1 0.286648 -0.0180045 
0 4 5 1 0.312121 0.210866 
0 2 5 1 0.15567 0.229026 
0.5 0.5 -0.5 1 -0.0380751 -0.292547 
0.5 0.5 6 1 0.00449158 0.348388 
10.5 0.5 -0.5 1 -0.234066 -0.0761259 
10.5 0.5 6 1 -0.221969 0.266177 
10.5 10.5 -0.5 1 0.190419 -0.0630721 
10.5 10.5 6 1 0.217764 0.216375 
0.5 10.5 -0.5 1 0.588311 -0.209674 
0.5 10.5 6 1 0.660433 0.241161 
0.5 5.5 9.5 1 0.430589 0.606869 
10.5 5.5 9.5 1 0.0327056 0.416281 
0.5 6.5 -0.5 1 0.386297 -0.236401 
0.5 8.5 -0.5 1 0.493431 -0.222227 
0.5 8.5 4.5 1 0.546354 0.140375 
0.5 6.5 4.5 1 0.436572 0.150157 
0.5 2.5 2 1 0.143944 -0.0556406 
0.5 4.5 2 1 0.286821 -0.0518772 
0.5 4.5 4.5 1 0.31068 0.161375 
0.5 2.5 4.5 1 0.164852 0.174369 
