-0.338458 -0.233916 -0.371425 0.0538366 
0.0634427 -0.160759 0.0397271 0.0879093 
0.313932 -0.25499 0.281352 0.132781 
-0.304172 -0.405458 -0.360195 0.0865166 
-0.338458 -0.233916 0.0634427 -0.160759 
0.0634427 -0.160759 0.313932 -0.25499 
0.313932 -0.25499 -0.304172 -0.405458 
-0.304172 -0.405458 -0.338458 -0.233916 
-0.371425 0.0538366 -0.390247 0.266552 
-0.390247 0.266552 -0.360195 0.0865166 
0.0397271 0.0879093 0.118715 0.27215 
0.118715 0.27215 0.281352 0.132781 
-0.390247 0.266552 0.118715 0.27215 
-0.371425 0.0538366 0.0397271 0.0879093 
-0.360195 0.0865166 0.281352 0.132781 
-0.322422 -0.314148 -0.314428 -0.354146 
-0.314428 -0.354146 -0.352058 -0.0242935 
-0.352058 -0.0242935 -0.355958 -0.0206089 
-0.355958 -0.0206089 -0.322422 -0.314148 
-0.347771 -0.13622 -0.343857 -0.150696 
-0.343857 -0.150696 -0.359073 -0.0176651 
-0.359073 -0.0176651 -0.361619 -0.0152591 
-0.361619 -0.0152591 -0.347771 -0.13622 
