0.375898 -0.616753 0.305741 -0.00142635 
-0.246642 -0.480223 -0.259279 -0.0825874 
0.0823498 -0.353172 0.061559 -0.0855598 
0.541362 -0.389876 0.492107 -0.0387079 
0.375898 -0.616753 -0.246642 -0.480223 
-0.246642 -0.480223 0.0823498 -0.353172 
0.0823498 -0.353172 0.541362 -0.389876 
0.541362 -0.389876 0.375898 -0.616753 
0.305741 -0.00142635 0.39447 0.194112 
0.39447 0.194112 0.492107 -0.0387079 
-0.259279 -0.0825874 -0.0783474 0.076572 
-0.0783474 0.076572 0.061559 -0.0855598 
0.39447 0.194112 -0.0783474 0.076572 
0.305741 -0.00142635 -0.259279 -0.0825874 
0.492107 -0.0387079 0.061559 -0.0855598 
0.495937 -0.452162 0.520799 -0.418071 
0.520799 -0.418071 0.479847 -0.118952 
0.479847 -0.118952 0.452013 -0.121642 
0.452013 -0.121642 0.495937 -0.452162 
0.400261 -0.332164 0.44103 -0.304842 
0.44103 -0.304842 0.418003 -0.124928 
0.418003 -0.124928 0.375506 -0.129034 
0.375506 -0.129034 0.400261 -0.332164 
