0 0 0 1 0.0537421 -0.229265 
0 0 6.5 1 0.0683192 0.453954 
10 0 0 1 -0.248704 -0.0319391 
10 0 6.5 1 -0.263704 0.334424 
10 10 0 1 0.166901 0.0148174 
10 10 6.5 1 0.179207 0.300654 
0 10 0 1 0.597076 -0.0911401 
0 10 6.5 1 0.656348 0.356477 
0 5 10 1 0.458224 0.739218 
10 5 10 1 -0.0126726 0.50617 
0 6 0 1 0.429807 -0.133663 
0 8 0 1 0.519406 -0.110885 
0 8 5 1 0.561677 0.25064 
0 6 5 1 0.468347 0.256026 
0 2 2.5 1 0.213344 0.028533 
0 4 2.5 1 0.341021 0.0421609 
0 4 5 1 0.358123 0.262386 
0 2 5 1 0.225962 0.270012 
0.5 0.5 -0.5 1 0.0650457 -0.2456 
0.5 0.5 6 1 0.079962 0.380878 
10.5 0.5 -0.5 1 -0.230226 -0.0490694 
10.5 0.5 6 1 -0.243268 0.300404 
10.5 10.5 -0.5 1 0.168393 -0.000228442 
10.5 10.5 6 1 0.180372 0.275231 
0.5 10.5 -0.5 1 0.578631 -0.108953 
0.5 10.5 6 1 0.633191 0.313673 
0.5 5.5 9.5 1 0.441853 0.658735 
10.5 5.5 9.5 1 -0.00387408 0.468644 
0.5 6.5 -0.5 1 0.417911 -0.151715 
0.5 8.5 -0.5 1 0.503707 -0.128887 
0.5 8.5 4.5 1 0.542544 0.211468 
0.5 6.5 4.5 1 0.453258 0.213476 
0.5 2.5 2 1 0.213395 -0.00440767 
0.5 4.5 2 1 0.333174 0.0110566 
0.5 4.5 4.5 1 0.348852 0.215824 
0.5 2.5 4.5 1 0.225127 0.218606 
