-0.102541 -0.316798 -0.0518702 0.376772 
-0.258791 -0.0903123 -0.240125 0.262376 
0.189865 -0.087841 0.220313 0.201687 
0.601043 -0.2471 0.67671 0.238115 
-0.102541 -0.316798 -0.258791 -0.0903123 
-0.258791 -0.0903123 0.189865 -0.087841 
0.189865 -0.087841 0.601043 -0.2471 
0.601043 -0.2471 -0.102541 -0.316798 
-0.0518702 0.376772 0.419746 0.635731 
0.419746 0.635731 0.67671 0.238115 
-0.240125 0.262376 0.0275406 0.410232 
0.0275406 0.410232 0.220313 0.201687 
0.419746 0.635731 0.0275406 0.410232 
-0.0518702 0.376772 -0.240125 0.262376 
0.67671 0.238115 0.220313 0.201687 
0.374902 -0.269502 0.494922 -0.257613 
0.494922 -0.257613 0.551122 0.13394 
0.551122 0.13394 0.428998 0.148377 
0.428998 0.148377 0.374902 -0.269502 
0.10283 -0.0640141 0.262792 -0.0648806 
0.262792 -0.0648806 0.288844 0.164945 
0.288844 0.164945 0.126347 0.184155 
0.126347 0.184155 0.10283 -0.0640141 
