0 0 0 1 -0.145194 -0.359505 
0 0 6.5 1 -0.121134 -0.0969028 
10 0 0 1 0.271418 -0.412458 
10 0 6.5 1 0.282909 -0.126236 
10 10 0 1 0.329758 -0.612093 
10 10 6.5 1 0.34581 -0.114189 
0 10 0 1 -0.363416 -0.498965 
0 10 6.5 1 -0.313275 -0.0683905 
0 5 10 1 -0.178 0.0791346 
10 5 10 1 0.313025 0.0610106 
0 6 0 1 -0.249254 -0.426007 
0 8 0 1 -0.299807 -0.458315 
0 8 5 1 -0.267365 -0.161497 
0 6 5 1 -0.221674 -0.159709 
0 2 2.5 1 -0.163344 -0.265944 
0 4 2.5 1 -0.195995 -0.277169 
0 4 5 1 -0.184237 -0.158245 
0 2 5 1 -0.153003 -0.157022 
0.5 0.5 -0.5 1 -0.134269 -0.387794 
0.5 0.5 6 1 -0.109946 -0.11744 
10.5 0.5 -0.5 1 0.295479 -0.444795 
10.5 0.5 6 1 0.30643 -0.14935 
10.5 10.5 -0.5 1 0.375642 -0.680065 
10.5 10.5 6 1 0.38962 -0.15364 
0.5 10.5 -0.5 1 -0.354928 -0.552606 
0.5 10.5 6 1 -0.303116 -0.10082 
0.5 5.5 9.5 1 -0.1662 0.0597326 
10.5 5.5 9.5 1 0.343183 0.0389302 
0.5 6.5 -0.5 1 -0.238529 -0.465667 
0.5 8.5 -0.5 1 -0.289809 -0.503969 
0.5 8.5 4.5 1 -0.256505 -0.194129 
0.5 6.5 4.5 1 -0.210366 -0.188929 
0.5 2.5 2 1 -0.152152 -0.293584 
0.5 4.5 2 1 -0.184773 -0.307777 
0.5 4.5 4.5 1 -0.172821 -0.184698 
0.5 2.5 4.5 1 -0.141673 -0.181187 
