0.286544 -0.404187 0.25067 -0.0750364 
0.66966 -0.676664 0.571709 -0.022036 
-0.377688 -0.830321 -0.39886 -0.0922511 
-0.228788 -0.461541 -0.245363 -0.112507 
0.286544 -0.404187 0.66966 -0.676664 
0.66966 -0.676664 -0.377688 -0.830321 
-0.377688 -0.830321 -0.228788 -0.461541 
-0.228788 -0.461541 0.286544 -0.404187 
0.25067 -0.0750364 -0.00445175 0.0781335 
-0.00445175 0.0781335 -0.245363 -0.112507 
0.571709 -0.022036 0.0809064 0.274653 
0.0809064 0.274653 -0.39886 -0.0922511 
-0.00445175 0.0781335 0.0809064 0.274653 
0.25067 -0.0750364 0.571709 -0.022036 
-0.245363 -0.112507 -0.39886 -0.0922511 
-0.0159372 -0.437852 -0.121194 -0.449566 
-0.121194 -0.449566 -0.137331 -0.181766 
-0.137331 -0.181766 -0.0351984 -0.173236 
-0.0351984 -0.173236 -0.0159372 -0.437852 
0.175111 -0.283926 0.0757572 -0.29358 
0.0757572 -0.29358 0.0648073 -0.164884 
0.0648073 -0.164884 0.162752 -0.156704 
0.162752 -0.156704 0.175111 -0.283926 
