-0.605578 -0.234593 -0.561231 0.160323 
-0.148001 -0.192577 -0.120446 0.0761812 
0.233777 -0.297708 0.268197 0.0681655 
-0.221294 -0.448086 -0.15426 0.199357 
-0.605578 -0.234593 -0.148001 -0.192577 
-0.148001 -0.192577 0.233777 -0.297708 
0.233777 -0.297708 -0.221294 -0.448086 
-0.221294 -0.448086 -0.605578 -0.234593 
-0.561231 0.160323 -0.378282 0.435053 
-0.378282 0.435053 -0.15426 0.199357 
-0.120446 0.0761812 0.0606947 0.237935 
0.0606947 0.237935 0.268197 0.0681655 
-0.378282 0.435053 0.0606947 0.237935 
-0.561231 0.160323 -0.120446 0.0761812 
-0.15426 0.199357 0.268197 0.0681655 
-0.422052 -0.336553 -0.333076 -0.385984 
-0.333076 -0.385984 -0.286104 0.0568381 
-0.286104 0.0568381 -0.379069 0.0610575 
-0.379069 0.0610575 -0.422052 -0.336553 
-0.536357 -0.0971377 -0.474678 -0.115183 
-0.474678 -0.115183 -0.454956 0.0645018 
-0.454956 0.0645018 -0.518075 0.0673666 
-0.518075 0.0673666 -0.536357 -0.0971377 
