0.325352 -0.56203 0.260026 0.0510138 
-0.224309 -0.394706 -0.258873 -0.0207263 
0.116583 -0.257693 0.0898765 0.0045026 
0.569093 -0.30438 0.528033 0.0564698 
0.325352 -0.56203 -0.224309 -0.394706 
-0.224309 -0.394706 0.116583 -0.257693 
0.116583 -0.257693 0.569093 -0.30438 
0.569093 -0.30438 0.325352 -0.56203 
0.260026 0.0510138 0.401627 0.294544 
0.401627 0.294544 0.528033 0.0564698 
-0.258873 -0.0207263 -0.0702223 0.157984 
-0.0702223 0.157984 0.0898765 0.0045026 
0.401627 0.294544 -0.0702223 0.157984 
0.260026 0.0510138 -0.258873 -0.0207263 
0.528033 0.0564698 0.0898765 0.0045026 
0.500394 -0.376999 0.537823 -0.337435 
0.537823 -0.337435 0.503606 -0.0342405 
0.503606 -0.0342405 0.46317 -0.0438671 
0.46317 -0.0438671 0.500394 -0.376999 
0.375319 -0.276528 0.434289 -0.239478 
0.434289 -0.239478 0.413989 -0.0555755 
0.413989 -0.0555755 0.352882 -0.0701233 
0.352882 -0.0701233 0.375319 -0.276528 
