0 0 0 1 -0.573096 -0.390976 
0 0 6.5 1 -0.520519 -0.0180313 
10 0 0 1 -0.104834 -0.346668 
10 0 6.5 1 -0.0871569 -0.0743998 
10 10 0 1 0.258173 -0.44386 
10 10 6.5 1 0.260166 -0.0520981 
0 10 0 1 -0.314864 -0.585836 
0 10 6.5 1 -0.253503 0.0551631 
0 5 10 1 -0.392383 0.234731 
10 5 10 1 0.0629993 0.0942184 
0 6 0 1 -0.453578 -0.481163 
0 8 0 1 -0.393173 -0.526745 
0 8 5 1 -0.345127 -0.0865763 
0 6 5 1 -0.406885 -0.0910118 
0 2 2.5 1 -0.518618 -0.252268 
0 4 2.5 1 -0.478485 -0.264645 
0 4 5 1 -0.45669 -0.094589 
0 2 5 1 -0.497708 -0.0975349 
0.5 0.5 -0.5 1 -0.537347 -0.424295 
0.5 0.5 6 1 -0.48661 -0.0467987 
10.5 0.5 -0.5 1 -0.0766197 -0.37048 
10.5 0.5 6 1 -0.0601264 -0.0957952 
10.5 10.5 -0.5 1 0.301736 -0.479061 
10.5 10.5 6 1 0.300959 -0.082305 
0.5 10.5 -0.5 1 -0.249059 -0.646595 
0.5 10.5 6 1 -0.193762 0.00785303 
0.5 5.5 9.5 1 -0.350585 0.202192 
10.5 5.5 9.5 1 0.094681 0.0707599 
0.5 6.5 -0.5 1 -0.404299 -0.526888 
0.5 8.5 -0.5 1 -0.336806 -0.578933 
0.5 8.5 4.5 1 -0.292281 -0.130597 
0.5 6.5 4.5 1 -0.360308 -0.130314 
0.5 2.5 2 1 -0.480148 -0.286678 
0.5 4.5 2 1 -0.435815 -0.302615 
0.5 4.5 4.5 1 -0.415064 -0.130086 
0.5 2.5 4.5 1 -0.460086 -0.129899 
