0 0 0 1 -0.567685 -0.356949 
0 0 6.5 1 -0.641659 0.195799 
10 0 0 1 -0.208792 -0.157934 
10 0 6.5 1 -0.241905 0.144545 
10 10 0 1 0.270295 -0.135993 
10 10 6.5 1 0.243442 0.203507 
0 10 0 1 0.31331 -0.360182 
0 10 6.5 1 0.259823 0.330195 
0 5 10 1 -0.279006 0.606548 
10 5 10 1 -0.0299585 0.350024 
0 6 0 1 -0.0851597 -0.35872 
0 8 0 1 0.104997 -0.359417 
0 8 5 1 0.0595047 0.141585 
0 6 5 1 -0.134432 0.119802 
0 2 2.5 1 -0.446666 -0.140976 
0 4 2.5 1 -0.285188 -0.132401 
0 4 5 1 -0.311696 0.0998919 
0 2 5 1 -0.47435 0.0816229 
0.5 0.5 -0.5 1 -0.49637 -0.379259 
0.5 0.5 6 1 -0.565387 0.153891 
10.5 0.5 -0.5 1 -0.175641 -0.174021 
10.5 0.5 6 1 -0.207513 0.122498 
10.5 10.5 -0.5 1 0.297471 -0.154393 
10.5 10.5 6 1 0.27175 0.177619 
0.5 10.5 -0.5 1 0.365282 -0.387472 
0.5 10.5 6 1 0.316251 0.272609 
0.5 5.5 9.5 1 -0.206806 0.543396 
10.5 5.5 9.5 1 0.00251415 0.322393 
0.5 6.5 -0.5 1 -0.0227673 -0.383773 
0.5 8.5 -0.5 1 0.162759 -0.385541 
0.5 8.5 4.5 1 0.12086 0.094659 
0.5 6.5 4.5 1 -0.0683201 0.0757354 
0.5 2.5 2 1 -0.375796 -0.171951 
0.5 4.5 2 1 -0.217254 -0.16495 
0.5 4.5 4.5 1 -0.241833 0.058379 
0.5 2.5 4.5 1 -0.401546 0.0424029 
