0 0 0 1 0.242376 -0.207528 
0 0 6.5 1 0.283013 0.161246 
10 0 0 1 -0.277861 -0.303615 
10 0 6.5 1 -0.226241 0.302242 
10 10 0 1 -0.540605 -0.125596 
10 10 6.5 1 -0.514722 0.235426 
0 10 0 1 -0.100211 -0.106367 
0 10 6.5 1 -0.0759315 0.154665 
0 5 10 1 0.089268 0.325783 
10 5 10 1 -0.38826 0.512228 
0 6 0 1 0.00964686 -0.138806 
0 8 0 1 -0.048688 -0.12158 
0 8 5 1 -0.0283671 0.0910129 
0 6 5 1 0.031969 0.0878065 
0 2 2.5 1 0.166688 -0.0514354 
0 4 2.5 1 0.0885217 -0.0378768 
0 4 5 1 0.100948 0.0841409 
0 2 5 1 0.180571 0.0799097 
0.5 0.5 -0.5 1 0.199287 -0.231132 
0.5 0.5 6 1 0.239041 0.136239 
10.5 0.5 -0.5 1 -0.345851 -0.341662 
10.5 0.5 6 1 -0.296468 0.260418 
10.5 10.5 -0.5 1 -0.580649 -0.148832 
10.5 10.5 6 1 -0.555535 0.210848 
0.5 10.5 -0.5 1 -0.130111 -0.12328 
0.5 10.5 6 1 -0.106255 0.137049 
0.5 5.5 9.5 1 0.0530433 0.304573 
10.5 5.5 9.5 1 -0.44057 0.480066 
0.5 6.5 -0.5 1 -0.0244282 -0.157883 
0.5 8.5 -0.5 1 -0.0805398 -0.13951 
0.5 8.5 4.5 1 -0.0605876 0.0724764 
0.5 6.5 4.5 1 -0.00252808 0.0680406 
0.5 2.5 2 1 0.126806 -0.0737621 
0.5 4.5 2 1 0.0516486 -0.058648 
0.5 4.5 4.5 1 0.0638294 0.0629708 
0.5 2.5 4.5 1 0.140401 0.0571207 
