-0.175023 -0.41971 -0.113372 0.273079 
-0.269729 -0.16628 -0.24113 0.180316 
0.191464 -0.172244 0.222956 0.119296 
0.594131 -0.361844 0.660338 0.141064 
-0.175023 -0.41971 -0.269729 -0.16628 
-0.269729 -0.16628 0.191464 -0.172244 
0.191464 -0.172244 0.594131 -0.361844 
0.594131 -0.361844 -0.175023 -0.41971 
-0.113372 0.273079 0.373015 0.526295 
0.373015 0.526295 0.660338 0.141064 
-0.24113 0.180316 0.0277704 0.322339 
0.0277704 0.322339 0.222956 0.119296 
0.373015 0.526295 0.0277704 0.322339 
-0.113372 0.273079 -0.24113 0.180316 
0.660338 0.141064 0.222956 0.119296 
0.342085 -0.380806 0.47527 -0.370786 
0.47527 -0.370786 0.526113 0.0357125 
0.526113 0.0357125 0.392854 0.0505355 
0.392854 0.0505355 0.342085 -0.380806 
0.0451748 -0.162594 0.216625 -0.165315 
0.216625 -0.165315 0.242067 0.0673082 
0.242067 0.0673082 0.0700501 0.0864424 
0.0700501 0.0864424 0.0451748 -0.162594 
