0 0 0 1 0.313662 -0.436829 
0 0 6.5 1 0.361397 0.0415084 
10 0 0 1 -0.329649 -0.305288 
10 0 6.5 1 -0.289441 0.0936641 
10 10 0 1 -0.103294 -0.202443 
10 10 6.5 1 -0.0781525 0.0478238 
0 10 0 1 0.298674 -0.267314 
0 10 6.5 1 0.326564 0.0120351 
0 5 10 1 0.358352 0.21267 
10 5 10 1 -0.142963 0.231 
0 6 0 1 0.302874 -0.314816 
0 8 0 1 0.300583 -0.288909 
0 8 5 1 0.323986 -0.0544998 
0 6 5 1 0.32861 -0.0570075 
0 2 2.5 1 0.325248 -0.224917 
0 4 2.5 1 0.319969 -0.203238 
0 4 5 1 0.33426 -0.060071 
0 2 5 1 0.341318 -0.0638984 
0.5 0.5 -0.5 1 0.272036 -0.450624 
0.5 0.5 6 1 0.317723 0.00691621 
10.5 0.5 -0.5 1 -0.341095 -0.321689 
10.5 0.5 6 1 -0.302351 0.0626912 
10.5 10.5 -0.5 1 -0.115837 -0.215265 
10.5 10.5 6 1 -0.091276 0.0291886 
0.5 10.5 -0.5 1 0.274305 -0.279907 
0.5 10.5 6 1 0.301484 -0.0077815 
0.5 5.5 9.5 1 0.325878 0.181319 
10.5 5.5 9.5 1 -0.15716 0.20302 
0.5 6.5 -0.5 1 0.273661 -0.328377 
0.5 8.5 -0.5 1 0.274011 -0.302005 
0.5 8.5 4.5 1 0.296763 -0.0741919 
0.5 6.5 4.5 1 0.298613 -0.0785262 
0.5 2.5 2 1 0.288179 -0.24517 
0.5 4.5 2 1 0.28705 -0.222065 
0.5 4.5 4.5 1 0.300859 -0.0837886 
0.5 2.5 4.5 1 0.303643 -0.0903126 
