0 0 0 1 0.320269 -0.168936 
0 0 6.5 1 0.356639 0.261698 
10 0 0 1 -0.310554 -0.14618 
10 0 6.5 1 -0.329569 0.271495 
10 10 0 1 -0.171482 -0.0157681 
10 10 6.5 1 -0.175747 0.242418 
0 10 0 1 0.218602 -0.0271008 
0 10 6.5 1 0.234826 0.235984 
0 5 10 1 0.293844 0.440009 
10 5 10 1 -0.238754 0.442829 
0 6 0 1 0.248127 -0.0682921 
0 8 0 1 0.232129 -0.0459731 
0 8 5 1 0.246126 0.170603 
0 6 5 1 0.264227 0.16794 
0 2 2.5 1 0.301743 0.0122763 
0 4 2.5 1 0.276508 0.0314658 
0 4 5 1 0.286159 0.164714 
0 2 5 1 0.313282 0.160724 
0.5 0.5 -0.5 1 0.278484 -0.185961 
0.5 0.5 6 1 0.309798 0.225521 
10.5 0.5 -0.5 1 -0.327894 -0.163517 
10.5 0.5 6 1 -0.347583 0.236131 
10.5 10.5 -0.5 1 -0.185631 -0.0297142 
10.5 10.5 6 1 -0.190504 0.221492 
0.5 10.5 -0.5 1 0.194968 -0.0410549 
0.5 10.5 6 1 0.209574 0.214784 
0.5 5.5 9.5 1 0.259332 0.406083 
10.5 5.5 9.5 1 -0.255739 0.409701 
0.5 6.5 -0.5 1 0.219477 -0.0835792 
0.5 8.5 -0.5 1 0.206223 -0.0605833 
0.5 8.5 4.5 1 0.218748 0.14961 
0.5 6.5 4.5 1 0.23378 0.145075 
0.5 2.5 2 1 0.26408 -0.00962374 
0.5 4.5 2 1 0.243395 0.0111529 
0.5 4.5 4.5 1 0.25189 0.13961 
0.5 2.5 4.5 1 0.274134 0.132899 
