-0.43983 -0.865347 -0.350255 -0.0876307 
-0.300372 -0.48058 -0.263937 -0.119598 
0.222615 -0.483968 0.230138 -0.151437 
0.615249 -0.808675 0.592635 -0.152334 
-0.43983 -0.865347 -0.300372 -0.48058 
-0.300372 -0.48058 0.222615 -0.483968 
0.222615 -0.483968 0.615249 -0.808675 
0.615249 -0.808675 -0.43983 -0.865347 
-0.350255 -0.0876307 0.170298 0.204124 
0.170298 0.204124 0.592635 -0.152334 
-0.263937 -0.119598 0.00362576 0.0357712 
0.00362576 0.0357712 0.230138 -0.151437 
0.170298 0.204124 0.00362576 0.0357712 
-0.350255 -0.0876307 -0.263937 -0.119598 
0.592635 -0.152334 0.230138 -0.151437 
0.237853 -0.828946 0.432977 -0.818465 
0.432977 -0.818465 0.428483 -0.285452 
0.428483 -0.285452 0.248515 -0.277793 
0.248515 -0.277793 0.237853 -0.828946 
-0.171823 -0.543642 0.043056 -0.542856 
0.043056 -0.542856 0.056461 -0.26962 
0.056461 -0.26962 -0.14894 -0.260879 
-0.14894 -0.260879 -0.171823 -0.543642 
