0 0 0 1 0.28387 -0.318453 
0 0 6.5 1 0.247851 0.00565432 
10 0 0 1 0.614319 -0.567068 
10 0 6.5 1 0.530169 0.078502 
10 10 0 1 -0.406451 -0.694803 
10 10 6.5 1 -0.451028 -0.00950748 
0 10 0 1 -0.221291 -0.373858 
0 10 6.5 1 -0.247426 -0.0400224 
0 5 10 1 -0.0128323 0.154511 
10 5 10 1 0.0192206 0.370995 
0 6 0 1 -0.0159966 -0.351342 
0 8 0 1 -0.118094 -0.36254 
0 8 5 1 -0.139893 -0.106012 
0 6 5 1 -0.0393562 -0.0963421 
0 2 2.5 1 0.171671 -0.202271 
0 4 2.5 1 0.072473 -0.212475 
0 4 5 1 0.0601322 -0.0867732 
0 2 5 1 0.158589 -0.0773035 
0.5 0.5 -0.5 1 0.269971 -0.353814 
0.5 0.5 6 1 0.233236 -0.0198209 
10.5 0.5 -0.5 1 0.605271 -0.654684 
10.5 0.5 6 1 0.516738 0.0313048 
10.5 10.5 -0.5 1 -0.480129 -0.795599 
10.5 10.5 6 1 -0.524008 -0.0646298 
0.5 10.5 -0.5 1 -0.250516 -0.411838 
0.5 10.5 6 1 -0.276761 -0.0675094 
0.5 5.5 9.5 1 -0.0348233 0.133192 
10.5 5.5 9.5 1 -0.0233383 0.340292 
0.5 6.5 -0.5 1 -0.0388956 -0.388247 
0.5 8.5 -0.5 1 -0.144122 -0.399977 
0.5 8.5 4.5 1 -0.166109 -0.135398 
0.5 6.5 4.5 1 -0.0625404 -0.125291 
0.5 2.5 2 1 0.154595 -0.234191 
0.5 4.5 2 1 0.0524435 -0.244862 
0.5 4.5 4.5 1 0.0399178 -0.115293 
0.5 2.5 4.5 1 0.141283 -0.105402 
