0 0 0 1 0.326049 -0.154003 
0 0 6.5 1 0.296345 0.255271 
10 0 0 1 -0.317772 -0.244006 
10 0 6.5 1 -0.371536 0.211245 
10 10 0 1 -0.259896 -0.123685 
10 10 6.5 1 -0.290339 0.145497 
0 10 0 1 0.135574 -0.0756146 
0 10 6.5 1 0.114027 0.176802 
0 5 10 1 0.169354 0.380436 
10 5 10 1 -0.34206 0.358656 
0 6 0 1 0.191281 -0.0985402 
0 8 0 1 0.161137 -0.0861347 
0 8 5 1 0.143622 0.123236 
0 6 5 1 0.172649 0.129693 
0 2 2.5 1 0.260803 0.00638809 
0 4 2.5 1 0.21751 0.0109463 
0 4 5 1 0.207489 0.137444 
0 2 5 1 0.250085 0.14692 
0.5 0.5 -0.5 1 0.285184 -0.181566 
0.5 0.5 6 1 0.255168 0.215654 
10.5 0.5 -0.5 1 -0.343998 -0.271974 
10.5 0.5 6 1 -0.396917 0.1684 
10.5 10.5 -0.5 1 -0.276703 -0.142661 
10.5 10.5 6 1 -0.306898 0.121252 
0.5 10.5 -0.5 1 0.113178 -0.0941991 
0.5 10.5 6 1 0.0916161 0.153581 
0.5 5.5 9.5 1 0.140185 0.347087 
10.5 5.5 9.5 1 -0.361897 0.322903 
0.5 6.5 -0.5 1 0.16385 -0.119936 
0.5 8.5 -0.5 1 0.136468 -0.106029 
0.5 8.5 4.5 1 0.118926 0.0991993 
0.5 6.5 4.5 1 0.145166 0.103383 
0.5 2.5 2 1 0.225531 -0.0223509 
0.5 4.5 2 1 0.18661 -0.0151014 
0.5 4.5 4.5 1 0.176547 0.108386 
0.5 2.5 4.5 1 0.214742 0.114475 
