0.0762724 -0.0960163 0.0573759 0.16036 
0.504965 -0.131763 0.497022 0.209481 
0.306572 -0.340731 0.279262 0.228884 
-0.238039 -0.216342 -0.279251 0.150494 
0.0762724 -0.0960163 0.504965 -0.131763 
0.504965 -0.131763 0.306572 -0.340731 
0.306572 -0.340731 -0.238039 -0.216342 
-0.238039 -0.216342 0.0762724 -0.0960163 
0.0573759 0.16036 -0.0952969 0.327975 
-0.0952969 0.327975 -0.279251 0.150494 
0.497022 0.209481 0.408671 0.464986 
0.408671 0.464986 0.279262 0.228884 
-0.0952969 0.327975 0.408671 0.464986 
0.0573759 0.16036 0.497022 0.209481 
-0.279251 0.150494 0.279262 0.228884 
-0.084502 -0.157565 -0.155159 -0.184614 
-0.155159 -0.184614 -0.181427 0.0727926 
-0.181427 0.0727926 -0.106776 0.0810897 
-0.106776 0.0810897 -0.084502 -0.157565 
0.0214018 -0.0110105 -0.0329752 -0.0244524 
-0.0329752 -0.0244524 -0.0426489 0.0882171 
-0.0426489 0.0882171 0.013034 0.094406 
0.013034 0.094406 0.0214018 -0.0110105 
