0.278976 -0.262254 0.244732 0.0603502 
0.575528 -0.495464 0.502663 0.14754 
-0.426733 -0.606355 -0.483772 0.0520583 
-0.220541 -0.314708 -0.250823 0.0117307 
0.278976 -0.262254 0.575528 -0.495464 
0.575528 -0.495464 -0.426733 -0.606355 
-0.426733 -0.606355 -0.220541 -0.314708 
-0.220541 -0.314708 0.278976 -0.262254 
0.244732 0.0603502 -0.0189089 0.208601 
-0.0189089 0.208601 -0.250823 0.0117307 
0.502663 0.14754 -0.0195853 0.441477 
-0.0195853 0.441477 -0.483772 0.0520583 
-0.0189089 0.208601 -0.0195853 0.441477 
0.244732 0.0603502 0.502663 0.14754 
-0.250823 0.0117307 -0.483772 0.0520583 
-0.0194721 -0.293594 -0.119794 -0.304129 
-0.119794 -0.304129 -0.143756 -0.0531173 
-0.143756 -0.0531173 -0.0440499 -0.0431774 
-0.0440499 -0.0431774 -0.0194721 -0.293594 
0.166971 -0.147626 0.0677925 -0.157776 
0.0677925 -0.157776 0.0552401 -0.033279 
0.0552401 -0.033279 0.154117 -0.0234218 
0.154117 -0.0234218 0.166971 -0.147626 
