0.29376 -0.298078 0.255398 0.0514229 
0.245209 -0.598127 0.169288 0.117695 
-0.593301 -0.529248 -0.629523 0.00195936 
-0.184911 -0.303537 -0.211116 -0.00472922 
0.29376 -0.298078 0.245209 -0.598127 
0.245209 -0.598127 -0.593301 -0.529248 
-0.593301 -0.529248 -0.184911 -0.303537 
-0.184911 -0.303537 0.29376 -0.298078 
0.255398 0.0514229 -0.0127177 0.190698 
-0.0127177 0.190698 -0.211116 -0.00472922 
0.169288 0.117695 -0.315152 0.365914 
-0.315152 0.365914 -0.629523 0.00195936 
-0.0127177 0.190698 -0.315152 0.365914 
0.255398 0.0514229 0.169288 0.117695 
-0.211116 -0.00472922 -0.629523 0.00195936 
-0.0114218 -0.301558 -0.100799 -0.302578 
-0.100799 -0.302578 -0.122548 -0.0650821 
-0.122548 -0.0650821 -0.034851 -0.0567242 
-0.034851 -0.0567242 -0.0114218 -0.301558 
0.171488 -0.168046 0.0710154 -0.173414 
0.0710154 -0.173414 0.0584472 -0.0478324 
0.0584472 -0.0478324 0.157901 -0.0383539 
0.157901 -0.0383539 0.171488 -0.168046 
