0.149411 -0.0956018 0.177209 0.179426 
0.577256 -0.234967 0.64133 0.186304 
0.0647501 -0.355313 0.126852 0.303723 
-0.260296 -0.120044 -0.240634 0.239652 
0.149411 -0.0956018 0.577256 -0.234967 
0.577256 -0.234967 0.0647501 -0.355313 
0.0647501 -0.355313 -0.260296 -0.120044 
-0.260296 -0.120044 0.149411 -0.0956018 
0.177209 0.179426 0.0107791 0.382663 
0.0107791 0.382663 -0.240634 0.239652 
0.64133 0.186304 0.481669 0.534702 
0.481669 0.534702 0.126852 0.303723 
0.0107791 0.382663 0.481669 0.534702 
0.177209 0.179426 0.64133 0.186304 
-0.240634 0.239652 0.126852 0.303723 
-0.0701352 -0.1087 -0.159847 -0.114052 
-0.159847 -0.114052 -0.142779 0.144289 
-0.142779 0.144289 -0.051511 0.135598 
-0.051511 0.135598 -0.0701352 -0.1087 
0.0934812 0.00926252 0.0202339 0.0104539 
0.0202339 0.0104539 0.0302518 0.127812 
0.0302518 0.127812 0.103921 0.120797 
0.103921 0.120797 0.0934812 0.00926252 
