-0.303535 -0.0412787 -0.333839 0.239007 
0.09307 -0.00089359 0.0825242 0.253748 
0.301056 -0.0880884 0.298257 0.316743 
-0.326592 -0.170732 -0.380823 0.303046 
-0.303535 -0.0412787 0.09307 -0.00089359 
0.09307 -0.00089359 0.301056 -0.0880884 
0.301056 -0.0880884 -0.326592 -0.170732 
-0.326592 -0.170732 -0.303535 -0.0412787 
-0.333839 0.239007 -0.373991 0.470048 
-0.373991 0.470048 -0.380823 0.303046 
0.0825242 0.253748 0.159951 0.460128 
0.159951 0.460128 0.298257 0.316743 
-0.373991 0.470048 0.159951 0.460128 
-0.333839 0.239007 0.0825242 0.253748 
-0.380823 0.303046 0.298257 0.316743 
-0.314434 -0.102472 -0.319792 -0.132552 
-0.319792 -0.132552 -0.355257 0.182516 
-0.355257 0.182516 -0.345703 0.179015 
-0.345703 0.179015 -0.314434 -0.102472 
-0.318928 0.0556913 -0.323789 0.0463574 
-0.323789 0.0463574 -0.33806 0.176215 
-0.33806 0.176215 -0.331807 0.173924 
-0.331807 0.173924 -0.318928 0.0556913 
