0 0 0 1 -0.25961 0.0353206 
0 0 6.5 1 -0.272333 0.312055 
10 0 0 1 0.136661 0.042174 
10 0 6.5 1 0.145426 0.303172 
10 10 0 1 0.307768 -0.0541688 
10 10 6.5 1 0.337009 0.36811 
0 10 0 1 -0.331923 -0.0748528 
0 10 6.5 1 -0.360699 0.390271 
0 5 10 1 -0.315616 0.548658 
10 5 10 1 0.226767 0.519434 
0 6 0 1 -0.293978 -0.0170414 
0 8 0 1 -0.31075 -0.042594 
0 8 5 1 -0.328402 0.26634 
0 6 5 1 -0.308752 0.259413 
0 2 2.5 1 -0.274456 0.132517 
0 4 2.5 1 -0.286521 0.125693 
0 4 5 1 -0.292989 0.253857 
0 2 5 1 -0.280063 0.249301 
0.5 0.5 -0.5 1 -0.239637 0.0118901 
0.5 0.5 6 1 -0.251409 0.291104 
10.5 0.5 -0.5 1 0.16038 0.0201384 
10.5 0.5 6 1 0.170516 0.283341 
10.5 10.5 -0.5 1 0.349336 -0.0915489 
10.5 10.5 6 1 0.382873 0.336511 
0.5 10.5 -0.5 1 -0.300131 -0.116382 
0.5 10.5 6 1 -0.326483 0.355766 
0.5 5.5 9.5 1 -0.288785 0.525295 
10.5 5.5 9.5 1 0.26063 0.497365 
0.5 6.5 -0.5 1 -0.268259 -0.0487998 
0.5 8.5 -0.5 1 -0.282311 -0.0785962 
0.5 8.5 4.5 1 -0.298494 0.234318 
0.5 6.5 4.5 1 -0.28183 0.230845 
0.5 2.5 2 1 -0.252459 0.107865 
0.5 4.5 2 1 -0.26256 0.0985177 
0.5 4.5 4.5 1 -0.268517 0.228069 
0.5 2.5 4.5 1 -0.257636 0.225801 
