0 0 0 1 0.340522 -0.3231 
0 0 6.5 1 0.294307 0.0810245 
10 0 0 1 -0.317073 -0.445219 
10 0 6.5 1 -0.352807 0.0421858 
10 10 0 1 -0.298341 -0.295128 
10 10 6.5 1 -0.319617 -0.0120081 
0 10 0 1 0.109503 -0.234815 
0 10 6.5 1 0.0840463 0.0180382 
0 5 10 1 0.148015 0.20496 
10 5 10 1 -0.345766 0.19443 
0 6 0 1 0.177312 -0.260729 
0 8 0 1 0.140645 -0.246716 
0 8 5 1 0.119004 -0.0356508 
0 6 5 1 0.153257 -0.031002 
0 2 2.5 1 0.258834 -0.157074 
0 4 2.5 1 0.207493 -0.150478 
0 4 5 1 0.194078 -0.0254619 
0 2 5 1 0.243555 -0.0187471 
0.5 0.5 -0.5 1 0.299125 -0.352391 
0.5 0.5 6 1 0.254798 0.0447839 
10.5 0.5 -0.5 1 -0.351362 -0.477476 
10.5 0.5 6 1 -0.38529 -0.000156811 
10.5 10.5 -0.5 1 -0.318643 -0.316031 
10.5 10.5 6 1 -0.339285 -0.0363406 
0.5 10.5 -0.5 1 0.0863339 -0.254282 
0.5 10.5 6 1 0.0615409 -0.00416554 
0.5 5.5 9.5 1 0.119807 0.175328 
10.5 5.5 9.5 1 -0.369758 0.160778 
0.5 6.5 -0.5 1 0.149117 -0.283229 
0.5 8.5 -0.5 1 0.115201 -0.267591 
0.5 8.5 4.5 1 0.0941695 -0.0590043 
0.5 6.5 4.5 1 0.125798 -0.0564351 
0.5 2.5 2 1 0.223549 -0.185898 
0.5 4.5 2 1 0.176364 -0.176663 
0.5 4.5 4.5 1 0.163395 -0.053381 
0.5 2.5 4.5 1 0.208829 -0.0496904 
