0.378667 -0.605539 0.323399 -0.00663569 
-0.274446 -0.485145 -0.265834 -0.0785135 
0.0426493 -0.378567 0.0330913 -0.109561 
0.498128 -0.416726 0.458259 -0.0752892 
0.378667 -0.605539 -0.274446 -0.485145 
-0.274446 -0.485145 0.0426493 -0.378567 
0.0426493 -0.378567 0.498128 -0.416726 
0.498128 -0.416726 0.378667 -0.605539 
0.323399 -0.00663569 0.385881 0.157745 
0.385881 0.157745 0.458259 -0.0752892 
-0.265834 -0.0785135 -0.0893258 0.0622365 
-0.0893258 0.0622365 0.0330913 -0.109561 
0.385881 0.157745 -0.0893258 0.0622365 
0.323399 -0.00663569 -0.265834 -0.0785135 
0.458259 -0.0752892 0.0330913 -0.109561 
0.465542 -0.46823 0.483397 -0.44001 
0.483397 -0.44001 0.450228 -0.148192 
0.450228 -0.148192 0.430079 -0.14563 
0.430079 -0.14563 0.465542 -0.46823 
0.394292 -0.335444 0.42383 -0.316906 
0.42383 -0.316906 0.405454 -0.1425 
0.405454 -0.1425 0.374677 -0.138586 
0.374677 -0.138586 0.394292 -0.335444 
