0.344713 -0.541115 0.34605 0.0017969 
-0.322218 -0.411001 -0.279808 -0.00548227 
-0.045104 -0.330476 -0.0286799 -0.0695541 
0.386304 -0.388678 0.385099 -0.0770463 
0.344713 -0.541115 -0.322218 -0.411001 
-0.322218 -0.411001 -0.045104 -0.330476 
-0.045104 -0.330476 0.386304 -0.388678 
0.386304 -0.388678 0.344713 -0.541115 
0.34605 0.0017969 0.370349 0.146177 
0.370349 0.146177 0.385099 -0.0770463 
-0.279808 -0.00548227 -0.115185 0.114147 
-0.115185 0.114147 -0.0286799 -0.0695541 
0.370349 0.146177 -0.115185 0.114147 
0.34605 0.0017969 -0.279808 -0.00548227 
0.385099 -0.0770463 -0.0286799 -0.0695541 
0.3749 -0.430477 0.381143 -0.407595 
0.381143 -0.407595 0.38033 -0.142368 
0.38033 -0.142368 0.374284 -0.137667 
0.374284 -0.137667 0.3749 -0.430477 
0.35755 -0.30428 0.367039 -0.291159 
0.367039 -0.291159 0.366892 -0.13192 
0.366892 -0.13192 0.35765 -0.124733 
0.35765 -0.124733 0.35755 -0.30428 
