0.263212 -0.537643 0.268536 -0.127391 
-0.392986 -0.677177 -0.32594 -0.0690274 
-0.506532 -0.436 -0.461364 -0.0934305 
-0.0508687 -0.396916 -0.0341717 -0.1275 
0.263212 -0.537643 -0.392986 -0.677177 
-0.392986 -0.677177 -0.506532 -0.436 
-0.506532 -0.436 -0.0508687 -0.396916 
-0.0508687 -0.396916 0.263212 -0.537643 
0.268536 -0.127391 0.0942398 0.0345526 
0.0942398 0.0345526 -0.0341717 -0.1275 
-0.32594 -0.0690274 -0.385078 0.128183 
-0.385078 0.128183 -0.461364 -0.0934305 
0.0942398 0.0345526 -0.385078 0.128183 
0.268536 -0.127391 -0.32594 -0.0690274 
-0.0341717 -0.1275 -0.461364 -0.0934305 
0.0447665 -0.439767 -0.00657632 -0.416762 
-0.00657632 -0.416762 0.00577556 -0.19192 
0.00577556 -0.19192 0.0561429 -0.196838 
0.0561429 -0.196838 0.0447665 -0.439767 
0.180501 -0.350821 0.110031 -0.331928 
0.110031 -0.331928 0.114868 -0.202572 
0.114868 -0.202572 0.184219 -0.209344 
0.184219 -0.209344 0.180501 -0.350821 
