-0.450443 -0.879151 -0.361273 -0.0974017 
-0.299021 -0.49127 -0.26378 -0.129176 
0.22688 -0.493468 0.23197 -0.158262 
0.618386 -0.82286 0.589287 -0.156844 
-0.450443 -0.879151 -0.299021 -0.49127 
-0.299021 -0.49127 0.22688 -0.493468 
0.22688 -0.493468 0.618386 -0.82286 
0.618386 -0.82286 -0.450443 -0.879151 
-0.361273 -0.0974017 0.159469 0.197952 
0.159469 0.197952 0.589287 -0.156844 
-0.26378 -0.129176 0.00309329 0.0279419 
0.00309329 0.0279419 0.23197 -0.158262 
0.159469 0.197952 0.00309329 0.0279419 
-0.361273 -0.0974017 -0.26378 -0.129176 
0.589287 -0.156844 0.23197 -0.158262 
0.233648 -0.843122 0.432228 -0.832664 
0.432228 -0.832664 0.423564 -0.292022 
0.423564 -0.292022 0.241125 -0.285068 
0.241125 -0.285068 0.233648 -0.843122 
-0.181702 -0.554314 0.0348362 -0.553156 
0.0348362 -0.553156 0.0471645 -0.277675 
0.0471645 -0.277675 -0.159444 -0.2698 
-0.159444 -0.2698 -0.181702 -0.554314 
