0.0369254 -0.237939 0.0129046 0.0173354 
0.469849 -0.23854 0.429917 0.078089 
0.385492 -0.400089 0.320476 0.148756 
-0.247157 -0.350691 -0.275236 0.0367129 
0.0369254 -0.237939 0.469849 -0.23854 
0.469849 -0.23854 0.385492 -0.400089 
0.385492 -0.400089 -0.247157 -0.350691 
-0.247157 -0.350691 0.0369254 -0.237939 
0.0129046 0.0173354 -0.115796 0.185071 
-0.115796 0.185071 -0.275236 0.0367129 
0.429917 0.078089 0.364108 0.310688 
0.364108 0.310688 0.320476 0.148756 
-0.115796 0.185071 0.364108 0.310688 
0.0129046 0.0173354 0.429917 0.078089 
-0.275236 0.0367129 0.320476 0.148756 
-0.104183 -0.293945 -0.168938 -0.319646 
-0.168938 -0.319646 -0.190236 -0.0479807 
-0.190236 -0.0479807 -0.124866 -0.0457037 
-0.124866 -0.0457037 -0.104183 -0.293945 
-0.0129153 -0.147167 -0.059772 -0.157078 
-0.059772 -0.157078 -0.0696818 -0.0437815 
-0.0696818 -0.0437815 -0.0224754 -0.0421372 
-0.0224754 -0.0421372 -0.0129153 -0.147167 
