0 0 0 1 -0.584806 -0.35233 
0 0 6.5 1 -0.529572 0.0234251 
10 0 0 1 -0.117951 -0.314391 
10 0 6.5 1 -0.0961132 -0.0437394 
10 10 0 1 0.249109 -0.412212 
10 10 6.5 1 0.259717 -0.0269615 
0 10 0 1 -0.300799 -0.545417 
0 10 6.5 1 -0.234491 0.0950391 
0 5 10 1 -0.388557 0.279994 
10 5 10 1 0.0612707 0.122755 
0 6 0 1 -0.452632 -0.442191 
0 8 0 1 -0.386307 -0.487283 
0 8 5 1 -0.33513 -0.0474997 
0 6 5 1 -0.403221 -0.0515062 
0 2 2.5 1 -0.525723 -0.213389 
0 4 2.5 1 -0.481314 -0.225977 
0 4 5 1 -0.458261 -0.0547448 
0 2 5 1 -0.503675 -0.057417 
0.5 0.5 -0.5 1 -0.548127 -0.385994 
0.5 0.5 6 1 -0.494598 -0.00655298 
10.5 0.5 -0.5 1 -0.0900893 -0.338216 
10.5 0.5 6 1 -0.0692608 -0.0656617 
10.5 10.5 -0.5 1 0.290895 -0.446789 
10.5 10.5 6 1 0.299263 -0.0576935 
0.5 10.5 -0.5 1 -0.234774 -0.605399 
0.5 10.5 6 1 -0.17385 0.0457447 
0.5 5.5 9.5 1 -0.345551 0.245393 
10.5 5.5 9.5 1 0.0925448 0.0984331 
0.5 6.5 -0.5 1 -0.402592 -0.487896 
0.5 8.5 -0.5 1 -0.329369 -0.539166 
0.5 8.5 4.5 1 -0.281349 -0.092886 
0.5 6.5 4.5 1 -0.35563 -0.0920768 
0.5 2.5 2 1 -0.48627 -0.248515 
0.5 4.5 2 1 -0.437687 -0.264654 
0.5 4.5 4.5 1 -0.41559 -0.0914236 
0.5 2.5 4.5 1 -0.465004 -0.0908853 
