0 0 0 1 0.321892 -0.129259 
0 0 6.5 1 0.346698 0.300872 
10 0 0 1 -0.312479 -0.132696 
10 0 6.5 1 -0.344018 0.2941 
10 10 0 1 -0.189517 -0.00463479 
10 10 6.5 1 -0.201849 0.256989 
0 10 0 1 0.201639 -0.0020044 
0 10 6.5 1 0.210024 0.260865 
0 5 10 1 0.26911 0.470156 
10 5 10 1 -0.266046 0.46398 
0 6 0 1 0.23664 -0.0390428 
0 8 0 1 0.217683 -0.0189822 
0 8 5 1 0.225312 0.197388 
0 6 5 1 0.245905 0.19695 
0 2 2.5 1 0.294182 0.0474743 
0 4 2.5 1 0.264958 0.063301 
0 4 5 1 0.270829 0.196421 
0 2 5 1 0.301611 0.195767 
0.5 0.5 -0.5 1 0.280035 -0.148741 
0.5 0.5 6 1 0.300274 0.262706 
10.5 0.5 -0.5 1 -0.331105 -0.151932 
10.5 0.5 6 1 -0.362989 0.256458 
10.5 10.5 -0.5 1 -0.203965 -0.0195804 
10.5 10.5 6 1 -0.216749 0.235035 
0.5 10.5 -0.5 1 0.178232 -0.0170685 
0.5 10.5 6 1 0.185204 0.238728 
0.5 5.5 9.5 1 0.235244 0.435112 
10.5 5.5 9.5 1 -0.283284 0.429311 
0.5 6.5 -0.5 1 0.20816 -0.055777 
0.5 8.5 -0.5 1 0.191981 -0.0348515 
0.5 8.5 4.5 1 0.198317 0.175289 
0.5 6.5 4.5 1 0.215836 0.17282 
0.5 2.5 2 1 0.256703 0.02369 
0.5 4.5 2 1 0.232082 0.0414031 
0.5 4.5 4.5 1 0.236926 0.169848 
0.5 2.5 4.5 1 0.262802 0.166202 
