0 0 0 1 -0.0144694 -0.356251 
0 0 6.5 1 -0.0246718 -0.0929044 
10 0 0 1 0.422883 -0.369755 
10 0 6.5 1 0.387683 -0.0587597 
10 10 0 1 0.40404 -0.52944 
10 10 6.5 1 0.345892 0.0136998 
0 10 0 1 -0.281083 -0.468249 
0 10 6.5 1 -0.278331 -0.0556429 
0 5 10 1 -0.127967 0.0807867 
10 5 10 1 0.350923 0.159923 
0 6 0 1 -0.144428 -0.410844 
0 8 0 1 -0.205683 -0.436576 
0 8 5 1 -0.207418 -0.14734 
0 6 5 1 -0.148725 -0.148676 
0 2 2.5 1 -0.0545951 -0.25904 
0 4 2.5 1 -0.0967462 -0.267168 
0 4 5 1 -0.0996887 -0.149793 
0 2 5 1 -0.0581068 -0.150739 
0.5 0.5 -0.5 1 -0.00336368 -0.382361 
0.5 0.5 6 1 -0.0143796 -0.110079 
10.5 0.5 -0.5 1 0.452233 -0.401455 
10.5 0.5 6 1 0.414201 -0.0779153 
10.5 10.5 -0.5 1 0.456227 -0.597857 
10.5 10.5 6 1 0.389571 -0.0152933 
0.5 10.5 -0.5 1 -0.276419 -0.515708 
0.5 10.5 6 1 -0.273878 -0.0807624 
0.5 5.5 9.5 1 -0.119373 0.0664921 
10.5 5.5 9.5 1 0.381838 0.145767 
0.5 6.5 -0.5 1 -0.13524 -0.446763 
0.5 8.5 -0.5 1 -0.198201 -0.47751 
0.5 8.5 4.5 1 -0.200389 -0.174101 
0.5 6.5 4.5 1 -0.140123 -0.172998 
0.5 2.5 2 1 -0.0441295 -0.283551 
0.5 4.5 2 1 -0.0868648 -0.294098 
0.5 4.5 4.5 1 -0.0901176 -0.172082 
0.5 2.5 4.5 1 -0.0479567 -0.171311 
