0 0 0 1 0.34443 -0.484242 
0 0 6.5 1 0.298379 -0.0664367 
10 0 0 1 -0.335659 -0.630665 
10 0 6.5 1 -0.343067 -0.0914049 
10 10 0 1 -0.348574 -0.433064 
10 10 6.5 1 -0.352339 -0.126553 
0 10 0 1 0.0788804 -0.368915 
0 10 6.5 1 0.0594506 -0.105867 
0 5 10 1 0.138456 0.0713157 
10 5 10 1 -0.351395 0.079532 
0 6 0 1 0.157061 -0.402869 
0 8 0 1 0.114809 -0.384519 
0 8 5 1 0.0974138 -0.163913 
0 6 5 1 0.136737 -0.162887 
0 2 2.5 1 0.253777 -0.302691 
0 4 2.5 1 0.195184 -0.2907 
0 4 5 1 0.183362 -0.161672 
0 2 5 1 0.239534 -0.160208 
0.5 0.5 -0.5 1 0.30114 -0.514458 
0.5 0.5 6 1 0.25821 -0.1003 
10.5 0.5 -0.5 1 -0.379132 -0.666789 
10.5 0.5 6 1 -0.383223 -0.133671 
10.5 10.5 -0.5 1 -0.373214 -0.455629 
10.5 10.5 6 1 -0.375877 -0.151085 
0.5 10.5 -0.5 1 0.0539423 -0.388923 
0.5 10.5 6 1 0.0356097 -0.127314 
0.5 5.5 9.5 1 0.10935 0.0440836 
10.5 5.5 9.5 1 -0.380199 0.0471035 
0.5 6.5 -0.5 1 0.126985 -0.426016 
0.5 8.5 -0.5 1 0.0875377 -0.405983 
0.5 8.5 4.5 1 0.0711548 -0.1867 
0.5 6.5 4.5 1 0.107883 -0.187602 
0.5 2.5 2 1 0.216952 -0.331343 
0.5 4.5 2 1 0.162445 -0.316801 
0.5 4.5 4.5 1 0.151358 -0.18867 
0.5 2.5 4.5 1 0.20363 -0.189954 
