0 0 0 1 0.339941 -0.580637 
0 0 6.5 1 0.271436 0.0344553 
10 0 0 1 -0.22639 -0.418865 
10 0 6.5 1 -0.25779 -0.03998 
10 10 0 1 0.111957 -0.281345 
10 10 6.5 1 0.0853341 -0.018234 
0 10 0 1 0.566585 -0.325181 
0 10 6.5 1 0.521845 0.0336028 
0 5 10 1 0.400642 0.269222 
10 5 10 1 -0.0711573 0.135906 
0 6 0 1 0.503129 -0.396703 
0 8 0 1 0.537742 -0.35769 
0 8 5 1 0.500539 -0.0551864 
0 6 5 1 0.46287 -0.0637919 
0 2 2.5 1 0.383649 -0.293386 
0 4 2.5 1 0.438694 -0.257535 
0 4 5 1 0.416989 -0.0742733 
0 2 5 1 0.359882 -0.0873191 
0.5 0.5 -0.5 1 0.319953 -0.593581 
0.5 0.5 6 1 0.256083 -0.0143647 
10.5 0.5 -0.5 1 -0.217327 -0.433175 
10.5 0.5 6 1 -0.247722 -0.0682098 
10.5 10.5 -0.5 1 0.109245 -0.295104 
10.5 10.5 6 1 0.0833647 -0.03878 
0.5 10.5 -0.5 1 0.546382 -0.342217 
0.5 10.5 6 1 0.503605 0.00406369 
0.5 5.5 9.5 1 0.38352 0.222516 
10.5 5.5 9.5 1 -0.0686287 0.107297 
0.5 6.5 -0.5 1 0.481809 -0.413901 
0.5 8.5 -0.5 1 0.516915 -0.374929 
0.5 8.5 4.5 1 0.481477 -0.0839429 
0.5 6.5 4.5 1 0.443618 -0.0948876 
0.5 2.5 2 1 0.36389 -0.319912 
0.5 4.5 2 1 0.418394 -0.282982 
0.5 4.5 4.5 1 0.397895 -0.108106 
0.5 2.5 4.5 1 0.341573 -0.124389 
