0 0 0 1 0.325352 -0.56203 
0 0 6.5 1 0.260026 0.0510138 
10 0 0 1 -0.224309 -0.394706 
10 0 6.5 1 -0.258873 -0.0207263 
10 10 0 1 0.116583 -0.257693 
10 10 6.5 1 0.0898765 0.0045026 
0 10 0 1 0.569093 -0.30438 
0 10 6.5 1 0.528033 0.0564698 
0 5 10 1 0.401627 0.294544 
10 5 10 1 -0.0702223 0.157984 
0 6 0 1 0.500394 -0.376999 
0 8 0 1 0.537823 -0.337435 
0 8 5 1 0.503606 -0.0342405 
0 6 5 1 0.46317 -0.0438671 
0 2 2.5 1 0.375319 -0.276528 
0 4 2.5 1 0.434289 -0.239478 
0 4 5 1 0.413989 -0.0555755 
0 2 5 1 0.352882 -0.0701233 
0.5 0.5 -0.5 1 0.307216 -0.573581 
0.5 0.5 6 1 0.246137 0.00237576 
10.5 0.5 -0.5 1 -0.214457 -0.408357 
10.5 0.5 6 1 -0.247797 -0.0485114 
10.5 10.5 -0.5 1 0.114258 -0.271126 
10.5 10.5 6 1 0.0882925 -0.015957 
0.5 10.5 -0.5 1 0.549051 -0.320964 
0.5 10.5 6 1 0.509693 0.0267105 
0.5 5.5 9.5 1 0.384725 0.246879 
10.5 5.5 9.5 1 -0.0670088 0.129333 
0.5 6.5 -0.5 1 0.479624 -0.393487 
0.5 8.5 -0.5 1 0.517323 -0.354107 
0.5 8.5 4.5 1 0.484639 -0.0629642 
0.5 6.5 4.5 1 0.44421 -0.0748477 
0.5 2.5 2 1 0.356657 -0.302185 
0.5 4.5 2 1 0.414686 -0.264287 
0.5 4.5 4.5 1 0.395461 -0.0891768 
0.5 2.5 4.5 1 0.335528 -0.106793 
