0 0 0 1 0.362001 -0.571083 
0 0 6.5 1 0.337166 -0.00275737 
10 0 0 1 -0.305474 -0.450507 
10 0 6.5 1 -0.274373 -0.0427968 
10 10 0 1 -0.0091818 -0.36479 
10 10 6.5 1 -0.00308283 -0.0990885 
0 10 0 1 0.434547 -0.413175 
0 10 6.5 1 0.4156 -0.0875705 
0 5 10 1 0.37603 0.142148 
10 5 10 1 -0.104177 0.0813648 
0 6 0 1 0.414737 -0.456296 
0 8 0 1 0.425589 -0.432673 
0 8 5 1 0.409922 -0.154679 
0 6 5 1 0.398108 -0.149221 
0 2 2.5 1 0.374627 -0.321399 
0 4 2.5 1 0.392213 -0.308566 
0 4 5 1 0.383671 -0.14255 
0 2 5 1 0.36563 -0.134215 
0.5 0.5 -0.5 1 0.325512 -0.595965 
0.5 0.5 6 1 0.30527 -0.0498618 
10.5 0.5 -0.5 1 -0.308712 -0.472637 
10.5 0.5 6 1 -0.278379 -0.0764447 
10.5 10.5 -0.5 1 -0.0179866 -0.381169 
10.5 10.5 6 1 -0.0115975 -0.120397 
0.5 10.5 -0.5 1 0.411544 -0.431853 
0.5 10.5 6 1 0.39442 -0.113633 
0.5 5.5 9.5 1 0.351787 0.103608 
10.5 5.5 9.5 1 -0.111547 0.0520891 
0.5 6.5 -0.5 1 0.387688 -0.47736 
0.5 8.5 -0.5 1 0.400723 -0.452496 
0.5 8.5 4.5 1 0.386725 -0.1815 
0.5 6.5 4.5 1 0.373038 -0.178808 
0.5 2.5 2 1 0.343417 -0.352406 
0.5 4.5 2 1 0.363817 -0.33661 
0.5 4.5 4.5 1 0.356419 -0.175539 
0.5 2.5 4.5 1 0.335812 -0.171486 
