0 0 0 1 0.28895 -0.272453 
0 0 6.5 1 0.253405 0.0757578 
10 0 0 1 0.205568 -0.581166 
10 0 6.5 1 0.134354 0.121917 
10 10 0 1 -0.586474 -0.497021 
10 10 6.5 1 -0.635397 0.0131266 
0 10 0 1 -0.17959 -0.272877 
0 10 6.5 1 -0.208581 0.0204009 
0 5 10 1 -0.0145104 0.216574 
10 5 10 1 -0.342677 0.375279 
0 6 0 1 -0.0111498 -0.272725 
0 8 0 1 -0.0981195 -0.272804 
0 8 5 1 -0.121288 -0.0397429 
0 6 5 1 -0.0352435 -0.0318116 
0 2 2.5 1 0.168575 -0.143275 
0 4 2.5 1 0.0693378 -0.147877 
0 4 5 1 0.0568018 -0.0233272 
0 2 5 1 0.155498 -0.0142297 
0.5 0.5 -0.5 1 0.261358 -0.307533 
0.5 0.5 6 1 0.225303 0.0464264 
10.5 0.5 -0.5 1 0.146105 -0.663555 
10.5 0.5 6 1 0.0728153 0.0633651 
10.5 10.5 -0.5 1 -0.648248 -0.554188 
10.5 10.5 6 1 -0.698122 -0.0316059 
0.5 10.5 -0.5 1 -0.209175 -0.302342 
0.5 10.5 6 1 -0.238501 -0.00499636 
0.5 5.5 9.5 1 -0.0441137 0.191912 
10.5 5.5 9.5 1 -0.40733 0.333439 
0.5 6.5 -0.5 1 -0.0402969 -0.304205 
0.5 8.5 -0.5 1 -0.127532 -0.303243 
0.5 8.5 4.5 1 -0.15098 -0.0668414 
0.5 6.5 4.5 1 -0.0646934 -0.0597206 
0.5 2.5 2 1 0.140133 -0.175008 
0.5 4.5 2 1 0.0404016 -0.178555 
0.5 4.5 4.5 1 0.0277012 -0.0520957 
0.5 2.5 4.5 1 0.126877 -0.0439113 
