0 0 0 1 -0.518505 -0.816302 
0 0 6.5 1 -0.472371 -0.0783057 
10 0 0 1 -0.253106 -0.488125 
10 0 6.5 1 -0.246395 -0.135936 
10 10 0 1 0.281473 -0.469853 
10 10 6.5 1 0.255047 -0.12241 
0 10 0 1 0.606421 -0.770543 
0 10 6.5 1 0.515212 -0.0529474 
0 5 10 1 0.0157857 0.257047 
10 5 10 1 0.000716606 0.0417827 
0 6 0 1 0.162691 -0.788593 
0 8 0 1 0.385577 -0.779527 
0 8 5 1 0.334377 -0.208411 
0 6 5 1 0.132846 -0.214215 
0 2 2.5 1 -0.281955 -0.501574 
0 4 2.5 1 -0.0665276 -0.494156 
0 4 5 1 -0.0703756 -0.220069 
0 2 5 1 -0.275308 -0.225971 
0.5 0.5 -0.5 1 -0.440484 -0.842761 
0.5 0.5 6 1 -0.405427 -0.130352 
10.5 0.5 -0.5 1 -0.221068 -0.507922 
10.5 0.5 6 1 -0.216454 -0.161582 
10.5 10.5 -0.5 1 0.301873 -0.489823 
10.5 10.5 6 1 0.274735 -0.148066 
0.5 10.5 -0.5 1 0.634108 -0.7984 
0.5 10.5 6 1 0.543152 -0.104955 
0.5 5.5 9.5 1 0.0604239 0.196424 
10.5 5.5 9.5 1 0.0247875 0.0136449 
0.5 6.5 -0.5 1 0.209972 -0.815909 
0.5 8.5 -0.5 1 0.422973 -0.807116 
0.5 8.5 4.5 1 0.370329 -0.255946 
0.5 6.5 4.5 1 0.176913 -0.261711 
0.5 2.5 2 1 -0.217996 -0.539786 
0.5 4.5 2 1 -0.0118123 -0.532515 
0.5 4.5 4.5 1 -0.0180604 -0.267523 
0.5 2.5 4.5 1 -0.21461 -0.273382 
