0 0 0 1 -0.598834 -0.195036 
0 0 6.5 1 -0.62234 0.245041 
10 0 0 1 -0.172464 -0.0728503 
10 0 6.5 1 -0.166216 0.206248 
10 10 0 1 0.241471 -0.15954 
10 10 6.5 1 0.275148 0.19005 
0 10 0 1 -0.0403194 -0.411197 
0 10 6.5 1 -0.0090894 0.234122 
0 5 10 1 -0.38378 0.56596 
10 5 10 1 0.0380258 0.380752 
0 6 0 1 -0.316665 -0.304244 
0 8 0 1 -0.190342 -0.353134 
0 8 5 1 -0.181372 0.0898098 
0 6 5 1 -0.317885 0.104751 
0 2 2.5 1 -0.524327 -0.0546542 
0 4 2.5 1 -0.428622 -0.0788954 
0 4 5 1 -0.433035 0.117354 
0 2 5 1 -0.531474 0.128127 
0.5 0.5 -0.5 1 -0.545705 -0.223688 
0.5 0.5 6 1 -0.56466 0.205802 
10.5 0.5 -0.5 1 -0.143172 -0.0926433 
10.5 0.5 6 1 -0.135584 0.182179 
10.5 10.5 -0.5 1 0.272271 -0.183096 
10.5 10.5 6 1 0.307326 0.15978 
0.5 10.5 -0.5 1 0.0227125 -0.447379 
0.5 10.5 6 1 0.0603985 0.175173 
0.5 5.5 9.5 1 -0.316469 0.50852 
10.5 5.5 9.5 1 0.0705027 0.350644 
0.5 6.5 -0.5 1 -0.25736 -0.337161 
0.5 8.5 -0.5 1 -0.129051 -0.387655 
0.5 8.5 4.5 1 -0.115437 0.0412689 
0.5 6.5 4.5 1 -0.254229 0.0598851 
0.5 2.5 2 1 -0.467371 -0.0888766 
0.5 4.5 2 1 -0.369443 -0.115147 
0.5 4.5 4.5 1 -0.37177 0.075651 
0.5 2.5 4.5 1 -0.472594 0.0891746 
