-0.278747 0.0203411 -0.299778 0.299616 
0.118095 0.0405772 0.118901 0.30015 
0.304247 -0.0498727 0.321138 0.367545 
-0.331923 -0.0949406 -0.373275 0.375949 
-0.278747 0.0203411 0.118095 0.0405772 
0.118095 0.0405772 0.304247 -0.0498727 
0.304247 -0.0498727 -0.331923 -0.0949406 
-0.331923 -0.0949406 -0.278747 0.0203411 
-0.299778 0.299616 -0.343521 0.537487 
-0.343521 0.537487 -0.373275 0.375949 
0.118901 0.30015 0.198884 0.515471 
0.198884 0.515471 0.321138 0.367545 
-0.343521 0.537487 0.198884 0.515471 
-0.299778 0.299616 0.118901 0.30015 
-0.373275 0.375949 0.321138 0.367545 
-0.30397 -0.0343405 -0.316311 -0.0610962 
-0.316311 -0.0610962 -0.342587 0.2514 
-0.342587 0.2514 -0.326651 0.245096 
-0.326651 0.245096 -0.30397 -0.0343405 
-0.294369 0.118015 -0.303684 0.110597 
-0.303684 0.110597 -0.313889 0.240048 
-0.313889 0.240048 -0.303437 0.235914 
-0.303437 0.235914 -0.294369 0.118015 
