-0.129124 -0.386653 -0.108298 -0.121149 
0.293736 -0.437247 0.298332 -0.143908 
0.344109 -0.63816 0.348228 -0.124607 
-0.357848 -0.524823 -0.310081 -0.0908788 
-0.129124 -0.386653 0.293736 -0.437247 
0.293736 -0.437247 0.344109 -0.63816 
0.344109 -0.63816 -0.357848 -0.524823 
-0.357848 -0.524823 -0.129124 -0.386653 
-0.108298 -0.121149 -0.17096 0.0549919 
-0.17096 0.0549919 -0.310081 -0.0908788 
0.298332 -0.143908 0.319181 0.0479673 
0.319181 0.0479673 0.348228 -0.124607 
-0.17096 0.0549919 0.319181 0.0479673 
-0.108298 -0.121149 0.298332 -0.143908 
-0.310081 -0.0908788 0.348228 -0.124607 
-0.238314 -0.452614 -0.291279 -0.48461 
-0.291279 -0.48461 -0.260969 -0.184502 
-0.260969 -0.184502 -0.213072 -0.183223 
-0.213072 -0.183223 -0.238314 -0.452614 
-0.149944 -0.291223 -0.184256 -0.302122 
-0.184256 -0.302122 -0.173736 -0.182172 
-0.173736 -0.182172 -0.140853 -0.181293 
-0.140853 -0.181293 -0.149944 -0.291223 
