-0.363162 -0.348163 -0.389073 -0.0461643 
0.0498299 -0.261992 0.0246391 -0.00938331 
0.326317 -0.363143 0.283873 0.0279903 
-0.297373 -0.546776 -0.343149 -0.0230125 
-0.363162 -0.348163 0.0498299 -0.261992 
0.0498299 -0.261992 0.326317 -0.363143 
0.326317 -0.363143 -0.297373 -0.546776 
-0.297373 -0.546776 -0.363162 -0.348163 
-0.389073 -0.0461643 -0.389684 0.164645 
-0.389684 0.164645 -0.343149 -0.0230125 
0.0246391 -0.00938331 0.109782 0.168034 
0.109782 0.168034 0.283873 0.0279903 
-0.389684 0.164645 0.109782 0.168034 
-0.389073 -0.0461643 0.0246391 -0.00938331 
-0.343149 -0.0230125 0.283873 0.0279903 
-0.332663 -0.440237 -0.317281 -0.486674 
-0.317281 -0.486674 -0.347922 -0.134152 
-0.347922 -0.134152 -0.359698 -0.127855 
-0.359698 -0.127855 -0.332663 -0.440237 
-0.365866 -0.245414 -0.357055 -0.262404 
-0.357055 -0.262404 -0.369092 -0.122832 
-0.369092 -0.122832 -0.376761 -0.118731 
-0.376761 -0.118731 -0.365866 -0.245414 
