0 0 0 1 -0.193726 -0.118844 
0 0 6.5 1 -0.173359 0.136614 
10 0 0 1 0.198576 -0.158069 
10 0 6.5 1 0.226751 0.0998705 
10 10 0 1 0.303482 -0.307369 
10 10 6.5 1 0.354062 0.119917 
0 10 0 1 -0.342373 -0.239997 
0 10 6.5 1 -0.313234 0.180538 
0 5 10 1 -0.212469 0.330592 
10 5 10 1 0.294586 0.287087 
0 6 0 1 -0.264714 -0.176703 
0 8 0 1 -0.299132 -0.204754 
0 8 5 1 -0.27854 0.0798786 
0 6 5 1 -0.245607 0.0788703 
0 2 2.5 1 -0.205129 -0.029576 
0 4 2.5 1 -0.22785 -0.0388909 
0 4 5 1 -0.218877 0.0780519 
0 2 5 1 -0.196748 0.0773744 
0.5 0.5 -0.5 1 -0.180164 -0.144232 
0.5 0.5 6 1 -0.15914 0.115699 
10.5 0.5 -0.5 1 0.219883 -0.184536 
10.5 0.5 6 1 0.249031 0.0779621 
10.5 10.5 -0.5 1 0.34257 -0.356537 
10.5 10.5 6 1 0.396143 0.0833916 
0.5 10.5 -0.5 1 -0.324553 -0.286009 
0.5 10.5 6 1 -0.29388 0.146779 
0.5 5.5 9.5 1 -0.19536 0.308798 
10.5 5.5 9.5 1 0.32471 0.263842 
0.5 6.5 -0.5 1 -0.248676 -0.211505 
0.5 8.5 -0.5 1 -0.282183 -0.244406 
0.5 8.5 4.5 1 -0.260631 0.0474936 
0.5 6.5 4.5 1 -0.228766 0.0499128 
0.5 2.5 2 1 -0.190515 -0.0555166 
0.5 4.5 2 1 -0.212359 -0.0675223 
0.5 4.5 4.5 1 -0.203042 0.0518658 
0.5 2.5 4.5 1 -0.18184 0.0534755 
