0.0334101 -0.249153 0.0100823 0.00658219 
0.466719 -0.249655 0.426203 0.0659972 
0.388801 -0.409025 0.323066 0.138585 
-0.249036 -0.361093 -0.274875 0.0282226 
0.0334101 -0.249153 0.466719 -0.249655 
0.466719 -0.249655 0.388801 -0.409025 
0.388801 -0.409025 -0.249036 -0.361093 
-0.249036 -0.361093 0.0334101 -0.249153 
0.0100823 0.00658219 -0.116519 0.174784 
-0.116519 0.174784 -0.274875 0.0282226 
0.426203 0.0659972 0.362541 0.297273 
0.362541 0.297273 0.323066 0.138585 
-0.116519 0.174784 0.362541 0.297273 
0.0100823 0.00658219 0.426203 0.0659972 
-0.274875 0.0282226 0.323066 0.138585 
-0.106635 -0.304656 -0.171067 -0.330192 
-0.171067 -0.330192 -0.191049 -0.057155 
-0.191049 -0.057155 -0.126289 -0.05536 
-0.126289 -0.05536 -0.106635 -0.304656 
-0.0157624 -0.157761 -0.0621791 -0.167388 
-0.0621791 -0.167388 -0.0716723 -0.0538462 
-0.0716723 -0.0538462 -0.0249882 -0.0525522 
-0.0249882 -0.0525522 -0.0157624 -0.157761 
