0 0 0 1 0.252978 -0.109968 
0 0 6.5 1 0.258462 0.245427 
10 0 0 1 -0.0438676 -0.367031 
10 0 6.5 1 -0.0726271 0.275867 
10 10 0 1 -0.575089 -0.200294 
10 10 6.5 1 -0.638466 0.225722 
0 10 0 1 -0.157343 -0.0567966 
0 10 6.5 1 -0.175088 0.220604 
0 5 10 1 0.00848413 0.415328 
10 5 10 1 -0.452282 0.56758 
0 6 0 1 -0.0164863 -0.0750495 
0 8 0 1 -0.0900931 -0.0655112 
0 8 5 1 -0.101344 0.154814 
0 6 5 1 -0.0250011 0.155728 
0 2 2.5 1 0.153293 0.0272851 
0 4 2.5 1 0.0619074 0.0328175 
0 4 5 1 0.0592731 0.156738 
0 2 5 1 0.152782 0.157857 
0.5 0.5 -0.5 1 0.218047 -0.139389 
0.5 0.5 6 1 0.221121 0.215274 
10.5 0.5 -0.5 1 -0.108735 -0.42171 
10.5 0.5 6 1 -0.146326 0.218464 
10.5 10.5 -0.5 1 -0.620593 -0.236089 
10.5 10.5 6 1 -0.688124 0.18881 
0.5 10.5 -0.5 1 -0.185824 -0.0797037 
0.5 10.5 6 1 -0.20515 0.197259 
0.5 5.5 9.5 1 -0.0259819 0.388737 
10.5 5.5 9.5 1 -0.515371 0.521874 
0.5 6.5 -0.5 1 -0.0472498 -0.100183 
0.5 8.5 -0.5 1 -0.119673 -0.0894798 
0.5 8.5 4.5 1 -0.132222 0.130473 
0.5 6.5 4.5 1 -0.0571712 0.130184 
0.5 2.5 2 1 0.119052 -0.000811058 
0.5 4.5 2 1 0.0291185 0.00616935 
0.5 4.5 4.5 1 0.0257017 0.129865 
0.5 2.5 4.5 1 0.117687 0.129511 
