0.328348 -0.180603 0.294003 0.225771 
-0.316872 -0.277596 -0.368748 0.181547 
-0.266725 -0.154267 -0.296551 0.116374 
0.130126 -0.102991 0.106795 0.148409 
0.328348 -0.180603 -0.316872 -0.277596 
-0.316872 -0.277596 -0.266725 -0.154267 
-0.266725 -0.154267 0.130126 -0.102991 
0.130126 -0.102991 0.328348 -0.180603 
0.294003 0.225771 0.162892 0.348664 
0.162892 0.348664 0.106795 0.148409 
-0.368748 0.181547 -0.3441 0.328038 
-0.3441 0.328038 -0.296551 0.116374 
0.162892 0.348664 -0.3441 0.328038 
0.294003 0.225771 -0.368748 0.181547 
0.106795 0.148409 -0.296551 0.116374 
0.188142 -0.125706 0.156753 -0.113416 
0.156753 -0.113416 0.137609 0.0953687 
0.137609 0.0953687 0.167578 0.101813 
0.167578 0.101813 0.188142 -0.125706 
0.259457 -0.0205054 0.214658 -0.0161096 
0.214658 -0.0161096 0.203498 0.109537 
0.203498 0.109537 0.247337 0.118964 
0.247337 0.118964 0.259457 -0.0205054 
