-0.521526 -0.775538 -0.486592 -0.0565637 
-0.244934 -0.466537 -0.243517 -0.119498 
0.286266 -0.444849 0.25632 -0.0990915 
0.591647 -0.730086 0.497216 -0.0163985 
-0.521526 -0.775538 -0.244934 -0.466537 
-0.244934 -0.466537 0.286266 -0.444849 
0.286266 -0.444849 0.591647 -0.730086 
0.591647 -0.730086 -0.521526 -0.775538 
-0.486592 -0.0565637 -0.00800963 0.284335 
-0.00800963 0.284335 0.497216 -0.0163985 
-0.243517 -0.119498 -0.000602592 0.0608066 
-0.000602592 0.0608066 0.25632 -0.0990915 
-0.00800963 0.284335 -0.000602592 0.0608066 
-0.486592 -0.0565637 -0.243517 -0.119498 
0.497216 -0.0163985 0.25632 -0.0990915 
0.146379 -0.748267 0.369013 -0.739177 
0.369013 -0.739177 0.314823 -0.174222 
0.314823 -0.174222 0.11264 -0.182476 
0.11264 -0.182476 0.146379 -0.748267 
-0.295137 -0.469058 -0.0832193 -0.460405 
-0.0832193 -0.460405 -0.0895439 -0.190731 
-0.0895439 -0.190731 -0.291728 -0.198985 
-0.291728 -0.198985 -0.295137 -0.469058 
