-0.0402975 -0.388074 -0.0429204 -0.121538 
0.397292 -0.411459 0.369292 -0.101479 
0.399039 -0.581636 0.351286 -0.038341 
-0.300206 -0.505287 -0.284412 -0.0828239 
-0.0402975 -0.388074 0.397292 -0.411459 
0.397292 -0.411459 0.399039 -0.581636 
0.399039 -0.581636 -0.300206 -0.505287 
-0.300206 -0.505287 -0.0402975 -0.388074 
-0.0429204 -0.121538 -0.136195 0.0539143 
-0.136195 0.0539143 -0.284412 -0.0828239 
0.369292 -0.101479 0.345636 0.111832 
0.345636 0.111832 0.351286 -0.038341 
-0.136195 0.0539143 0.345636 0.111832 
-0.0429204 -0.121538 0.369292 -0.101479 
-0.284412 -0.0828239 0.351286 -0.038341 
-0.16618 -0.444844 -0.226045 -0.471842 
-0.226045 -0.471842 -0.218916 -0.176224 
-0.218916 -0.176224 -0.16263 -0.177647 
-0.16263 -0.177647 -0.16618 -0.444844 
-0.0758576 -0.289523 -0.116308 -0.297922 
-0.116308 -0.297922 -0.115798 -0.178831 
-0.115798 -0.178831 -0.0762228 -0.179832 
-0.0762228 -0.179832 -0.0758576 -0.289523 
