0.252159 -0.103759 0.260296 0.252862 
-0.0554378 -0.353779 -0.0814576 0.289209 
-0.574993 -0.184792 -0.636187 0.239386 
-0.155509 -0.0477939 -0.171524 0.229555 
0.252159 -0.103759 -0.0554378 -0.353779 
-0.0554378 -0.353779 -0.574993 -0.184792 
-0.574993 -0.184792 -0.155509 -0.0477939 
-0.155509 -0.0477939 0.252159 -0.103759 
0.260296 0.252862 0.0120351 0.424215 
0.0120351 0.424215 -0.171524 0.229555 
-0.0814576 0.289209 -0.453703 0.581068 
-0.453703 0.581068 -0.636187 0.239386 
0.0120351 0.424215 -0.453703 0.581068 
0.260296 0.252862 -0.0814576 0.289209 
-0.171524 0.229555 -0.636187 0.239386 
-0.0159146 -0.0669577 -0.0889076 -0.0569371 
-0.0889076 -0.0569371 -0.0987579 0.16342 
-0.0987579 0.16342 -0.0229257 0.163998 
-0.0229257 0.163998 -0.0159146 -0.0669577 
0.153705 0.0344157 0.0627184 0.0404762 
0.0627184 0.0404762 0.0609179 0.164637 
0.0609179 0.164637 0.154113 0.165347 
0.154113 0.165347 0.153705 0.0344157 
