-0.00154845 -0.230087 0.0284403 0.465406 
-0.250601 -0.0270837 -0.252269 0.336865 
0.179084 -0.000717313 0.20062 0.28813 
0.603726 -0.123546 0.676296 0.340803 
-0.00154845 -0.230087 -0.250601 -0.0270837 
-0.250601 -0.0270837 0.179084 -0.000717313 
0.179084 -0.000717313 0.603726 -0.123546 
0.603726 -0.123546 -0.00154845 -0.230087 
0.0284403 0.465406 0.459076 0.741648 
0.459076 0.741648 0.676296 0.340803 
-0.252269 0.336865 0.00826253 0.499442 
0.00826253 0.499442 0.20062 0.28813 
0.459076 0.741648 0.00826253 0.499442 
0.0284403 0.465406 -0.252269 0.336865 
0.676296 0.340803 0.20062 0.28813 
0.41453 -0.156848 0.515552 -0.139066 
0.515552 -0.139066 0.568009 0.235416 
0.568009 0.235416 0.463393 0.245641 
0.463393 0.245641 0.41453 -0.156848 
0.177536 0.0248977 0.318442 0.0314436 
0.318442 0.0314436 0.340974 0.257605 
0.340974 0.257605 0.195788 0.271795 
0.195788 0.271795 0.177536 0.0248977 
