0.330842 -0.511943 0.352584 0.00860071 
-0.330037 -0.374849 -0.283556 0.0283099 
-0.0701675 -0.290562 -0.0477365 -0.0340346 
0.350058 -0.354986 0.362148 -0.0554942 
0.330842 -0.511943 -0.330037 -0.374849 
-0.330037 -0.374849 -0.0701675 -0.290562 
-0.0701675 -0.290562 0.350058 -0.354986 
0.350058 -0.354986 0.330842 -0.511943 
0.352584 0.00860071 0.36646 0.160035 
0.36646 0.160035 0.362148 -0.0554942 
-0.283556 0.0283099 -0.12424 0.15031 
-0.12424 0.15031 -0.0477365 -0.0340346 
0.36646 0.160035 -0.12424 0.15031 
0.352584 0.00860071 -0.283556 0.0283099 
0.362148 -0.0554942 -0.0477365 -0.0340346 
0.344759 -0.398268 0.347657 -0.374596 
0.347657 -0.374596 0.35795 -0.120724 
0.35795 -0.120724 0.356174 -0.118192 
0.356174 -0.118192 0.344759 -0.398268 
0.344132 -0.284219 0.347709 -0.26853 
0.347709 -0.26853 0.354002 -0.115094 
0.354002 -0.115094 0.351285 -0.111218 
0.351285 -0.111218 0.344132 -0.284219 
