0 0 0 1 0.239166 -0.436596 
0 0 6.5 1 0.246724 -0.0940097 
10 0 0 1 0.497655 -0.737361 
10 0 6.5 1 0.486549 -0.0304033 
10 10 0 1 -0.59165 -0.664047 
10 10 6.5 1 -0.494041 0.0284624 
0 10 0 1 -0.285105 -0.402844 
0 10 6.5 1 -0.25099 -0.0637307 
0 5 10 1 0.0076258 0.0907218 
10 5 10 1 0.0139167 0.320821 
0 6 0 1 -0.0760791 -0.416301 
0 8 0 1 -0.180705 -0.409565 
0 8 5 1 -0.158251 -0.145078 
0 6 5 1 -0.0577413 -0.151272 
0 2 2.5 1 0.138984 -0.294066 
0 4 2.5 1 0.0360197 -0.287582 
0 4 5 1 0.0429782 -0.157478 
0 2 5 1 0.143908 -0.163698 
0.5 0.5 -0.5 1 0.217758 -0.470907 
0.5 0.5 6 1 0.22666 -0.116525 
10.5 0.5 -0.5 1 0.468656 -0.831321 
10.5 0.5 6 1 0.459985 -0.0724045 
10.5 10.5 -0.5 1 -0.69177 -0.752075 
10.5 10.5 6 1 -0.577866 -0.00963532 
0.5 10.5 -0.5 1 -0.322447 -0.435931 
0.5 10.5 6 1 -0.285393 -0.0852483 
0.5 5.5 9.5 1 -0.0186032 0.0741099 
10.5 5.5 9.5 1 -0.0374539 0.300905 
0.5 6.5 -0.5 1 -0.10709 -0.449875 
0.5 8.5 -0.5 1 -0.214889 -0.442895 
0.5 8.5 4.5 1 -0.190383 -0.169274 
0.5 6.5 4.5 1 -0.086949 -0.175676 
0.5 2.5 2 1 0.115028 -0.323332 
0.5 4.5 2 1 0.00899293 -0.316621 
0.5 4.5 4.5 1 0.0167074 -0.182091 
0.5 2.5 4.5 1 0.120587 -0.188521 
