0 0 0 1 0.121098 -0.0396112 
0 0 6.5 1 0.13242 0.22807 
10 0 0 1 0.545036 -0.147824 
10 0 6.5 1 0.59481 0.234048 
10 10 0 1 0.174468 -0.336767 
10 10 6.5 1 0.208714 0.27053 
0 10 0 1 -0.247608 -0.115158 
0 10 6.5 1 -0.259295 0.246593 
0 5 10 1 -0.0307394 0.41797 
10 5 10 1 0.479311 0.540362 
0 6 0 1 -0.0731848 -0.0794193 
0 8 0 1 -0.154742 -0.0961301 
0 8 5 1 -0.158146 0.159805 
0 6 5 1 -0.0723988 0.160987 
0 2 2.5 1 0.0665958 0.0534883 
0 4 2.5 1 0.000987196 0.0461636 
0 4 5 1 0.00305474 0.162027 
0 2 5 1 0.0699633 0.162949 
0.5 0.5 -0.5 1 0.121467 -0.0663916 
0.5 0.5 6 1 0.1331 0.206715 
10.5 0.5 -0.5 1 0.560484 -0.190194 
10.5 0.5 6 1 0.61341 0.20276 
10.5 10.5 -0.5 1 0.17835 -0.415795 
10.5 10.5 6 1 0.215344 0.219795 
0.5 10.5 -0.5 1 -0.259346 -0.154038 
0.5 10.5 6 1 -0.272348 0.217665 
0.5 5.5 9.5 1 -0.034983 0.398168 
10.5 5.5 9.5 1 0.498231 0.514215 
0.5 6.5 -0.5 1 -0.078388 -0.112389 
0.5 8.5 -0.5 1 -0.162819 -0.131822 
0.5 8.5 4.5 1 -0.166768 0.130548 
0.5 6.5 4.5 1 -0.0778391 0.133692 
0.5 2.5 2 1 0.0655562 0.0270573 
0.5 4.5 2 1 -0.00194881 0.0179336 
0.5 4.5 4.5 1 0.00010874 0.136446 
0.5 2.5 4.5 1 0.0689913 0.138881 
