0 0 0 1 -0.249827 0.0344044 
0 0 6.5 1 -0.258073 0.309108 
10 0 0 1 0.145829 0.0347594 
10 0 6.5 1 0.158381 0.295749 
10 10 0 1 0.309184 -0.0656691 
10 10 6.5 1 0.343882 0.357654 
0 10 0 1 -0.331414 -0.0745424 
0 10 6.5 1 -0.35313 0.386131 
0 5 10 1 -0.30058 0.543077 
10 5 10 1 0.239935 0.510724 
0 6 0 1 -0.288639 -0.0174233 
0 8 0 1 -0.307555 -0.0426832 
0 8 5 1 -0.320439 0.263653 
0 6 5 1 -0.29908 0.256831 
0 2 2.5 1 -0.264118 0.130986 
0 4 2.5 1 -0.277497 0.124237 
0 4 5 1 -0.281929 0.251354 
0 2 5 1 -0.267852 0.246858 
0.5 0.5 -0.5 1 -0.230668 0.0107695 
0.5 0.5 6 1 -0.237978 0.28808 
10.5 0.5 -0.5 1 0.169143 0.0122671 
10.5 0.5 6 1 0.183082 0.275606 
10.5 10.5 -0.5 1 0.350243 -0.104096 
10.5 10.5 6 1 0.389303 0.32542 
0.5 10.5 -0.5 1 -0.301294 -0.116411 
0.5 10.5 6 1 -0.320677 0.35162 
0.5 5.5 9.5 1 -0.274906 0.519761 
10.5 5.5 9.5 1 0.273385 0.488374 
0.5 6.5 -0.5 1 -0.26411 -0.0494517 
0.5 8.5 -0.5 1 -0.280511 -0.0789864 
0.5 8.5 4.5 1 -0.29197 0.23153 
0.5 6.5 4.5 1 -0.27338 0.228156 
0.5 2.5 2 1 -0.243041 0.106168 
0.5 4.5 2 1 -0.254581 0.0968838 
0.5 4.5 4.5 1 -0.258513 0.225457 
0.5 2.5 4.5 1 -0.246352 0.22325 
