0 0 0 1 0.322214 -0.09713 
0 0 6.5 1 0.316481 0.325889 
10 0 0 1 -0.318384 -0.152874 
10 0 6.5 1 -0.369899 0.291012 
10 10 0 1 -0.23009 -0.0333147 
10 10 6.5 1 -0.256731 0.233013 
0 10 0 1 0.162901 -0.00270783 
0 10 6.5 1 0.153016 0.255962 
0 5 10 1 0.209083 0.468883 
10 5 10 1 -0.319251 0.448681 
0 6 0 1 0.209381 -0.0302556 
0 8 0 1 0.184218 -0.015342 
0 8 5 1 0.176752 0.198233 
0 6 5 1 0.202135 0.202744 
0 2 2.5 1 0.273436 0.069346 
0 4 2.5 1 0.236212 0.0774992 
0 4 5 1 0.232756 0.208186 
0 2 5 1 0.270419 0.21488 
0.5 0.5 -0.5 1 0.280745 -0.12181 
0.5 0.5 6 1 0.272524 0.285159 
10.5 0.5 -0.5 1 -0.340405 -0.176977 
10.5 0.5 6 1 -0.391565 0.249237 
10.5 10.5 -0.5 1 -0.245428 -0.0505778 
10.5 10.5 6 1 -0.272121 0.209299 
0.5 10.5 -0.5 1 0.140157 -0.0200423 
0.5 10.5 6 1 0.129579 0.232544 
0.5 5.5 9.5 1 0.1777 0.433351 
10.5 5.5 9.5 1 -0.337326 0.412164 
0.5 6.5 -0.5 1 0.181533 -0.0499933 
0.5 8.5 -0.5 1 0.15917 -0.0338056 
0.5 8.5 4.5 1 0.151054 0.174381 
0.5 6.5 4.5 1 0.173473 0.176606 
0.5 2.5 2 1 0.237038 0.0419618 
0.5 4.5 2 1 0.204379 0.0525956 
0.5 4.5 4.5 1 0.200392 0.179278 
0.5 2.5 4.5 1 0.233318 0.182547 
