0.178176 -0.313556 0.197444 -0.0183533 
0.622982 -0.491126 0.633173 0.0139991 
-0.133846 -0.57622 -0.0658365 0.146022 
-0.291047 -0.316123 -0.25079 0.0419311 
0.178176 -0.313556 0.622982 -0.491126 
0.622982 -0.491126 -0.133846 -0.57622 
-0.133846 -0.57622 -0.291047 -0.316123 
-0.291047 -0.316123 0.178176 -0.313556 
0.197444 -0.0183533 0.00919413 0.174568 
0.00919413 0.174568 -0.25079 0.0419311 
0.633173 0.0139991 0.358837 0.360751 
0.358837 0.360751 -0.0658365 0.146022 
0.00919413 0.174568 0.358837 0.360751 
0.197444 -0.0183533 0.633173 0.0139991 
-0.25079 0.0419311 -0.0658365 0.146022 
-0.0805358 -0.314972 -0.181345 -0.315523 
-0.181345 -0.315523 -0.15434 -0.0492237 
-0.15434 -0.0492237 -0.0571899 -0.0592023 
-0.0571899 -0.0592023 -0.0805358 -0.314972 
0.107195 -0.194051 0.0226254 -0.189902 
0.0226254 -0.189902 0.0325787 -0.0684228 
0.0325787 -0.0684228 0.115776 -0.0769684 
0.115776 -0.0769684 0.107195 -0.194051 
