0 0 0 1 -0.00154845 -0.230087 
0 0 6.5 1 0.0284403 0.465406 
10 0 0 1 -0.250601 -0.0270837 
10 0 6.5 1 -0.252269 0.336865 
10 10 0 1 0.179084 -0.000717313 
10 10 6.5 1 0.20062 0.28813 
0 10 0 1 0.603726 -0.123546 
0 10 6.5 1 0.676296 0.340803 
0 5 10 1 0.459076 0.741648 
10 5 10 1 0.00826253 0.499442 
0 6 0 1 0.41453 -0.156848 
0 8 0 1 0.515552 -0.139066 
0 8 5 1 0.568009 0.235416 
0 6 5 1 0.463393 0.245641 
0 2 2.5 1 0.177536 0.0248977 
0 4 2.5 1 0.318442 0.0314436 
0 4 5 1 0.340974 0.257605 
0 2 5 1 0.195788 0.271795 
0.5 0.5 -0.5 1 0.0161661 -0.249054 
0.5 0.5 6 1 0.0459615 0.389036 
10.5 0.5 -0.5 1 -0.231092 -0.0454897 
10.5 0.5 6 1 -0.231432 0.302165 
10.5 10.5 -0.5 1 0.181307 -0.0163945 
10.5 10.5 6 1 0.202244 0.262094 
0.5 10.5 -0.5 1 0.586314 -0.142019 
0.5 10.5 6 1 0.653577 0.296068 
0.5 5.5 9.5 1 0.444993 0.658181 
10.5 5.5 9.5 1 0.0174343 0.461512 
0.5 6.5 -0.5 1 0.405309 -0.176 
0.5 8.5 -0.5 1 0.501635 -0.157916 
0.5 8.5 4.5 1 0.550234 0.194392 
0.5 6.5 4.5 1 0.450581 0.20098 
0.5 2.5 2 1 0.182409 -0.0104716 
0.5 4.5 2 1 0.31416 -0.00162422 
0.5 4.5 4.5 1 0.335068 0.208616 
0.5 2.5 4.5 1 0.199582 0.217572 
