0 0 0 1 0.112745 -0.0391394 
0 0 6.5 1 0.1183 0.226361 
10 0 0 1 0.536957 -0.135907 
10 0 6.5 1 0.577941 0.23752 
10 10 0 1 0.199435 -0.336983 
10 10 6.5 1 0.223958 0.259198 
0 10 0 1 -0.245316 -0.126865 
0 10 6.5 1 -0.264539 0.234619 
0 5 10 1 -0.0439706 0.411211 
10 5 10 1 0.469216 0.531959 
0 6 0 1 -0.0750922 -0.0851599 
0 8 0 1 -0.154497 -0.104614 
0 8 5 1 -0.163207 0.150589 
0 6 5 1 -0.0793085 0.154176 
0 2 2.5 1 0.0581214 0.0513934 
0 4 2.5 1 -0.00542487 0.0421071 
0 4 5 1 -0.00578969 0.157319 
0 2 5 1 0.0591634 0.160096 
0.5 0.5 -0.5 1 0.11432 -0.0658165 
0.5 0.5 6 1 0.120104 0.204984 
10.5 0.5 -0.5 1 0.553742 -0.177037 
10.5 0.5 6 1 0.5976 0.206917 
10.5 10.5 -0.5 1 0.207882 -0.414918 
10.5 10.5 6 1 0.235124 0.208284 
0.5 10.5 -0.5 1 -0.255042 -0.166359 
0.5 10.5 6 1 -0.275711 0.204983 
0.5 5.5 9.5 1 -0.0468025 0.391078 
10.5 5.5 9.5 1 0.490077 0.505681 
0.5 6.5 -0.5 1 -0.078641 -0.118341 
0.5 8.5 -0.5 1 -0.160745 -0.14069 
0.5 8.5 4.5 1 -0.17008 0.12086 
0.5 6.5 4.5 1 -0.0831659 0.126576 
0.5 2.5 2 1 0.058394 0.0249391 
0.5 4.5 2 1 -0.00690053 0.0137511 
0.5 4.5 4.5 1 -0.00731086 0.131564 
0.5 2.5 4.5 1 0.0594699 0.135956 
