0 0 0 1 -0.190269 -0.44382 
0 0 6.5 1 -0.126501 0.250036 
10 0 0 1 -0.272368 -0.18382 
10 0 6.5 1 -0.242121 0.162062 
10 10 0 1 0.191619 -0.190892 
10 10 6.5 1 0.222901 0.101515 
0 10 0 1 0.592853 -0.387322 
0 10 6.5 1 0.656244 0.120287 
0 5 10 1 0.362376 0.502973 
10 5 10 1 0.0269065 0.30342 
0 6 0 1 0.335195 -0.405911 
0 8 0 1 0.47122 -0.396097 
0 8 5 1 0.52038 0.014367 
0 6 5 1 0.384808 0.0291018 
0 2 2.5 1 0.0329078 -0.184995 
0 4 2.5 1 0.206717 -0.187866 
0 4 5 1 0.231852 0.0457258 
0 2 5 1 0.0579411 0.0646273 
0.5 0.5 -0.5 1 -0.152641 -0.464397 
0.5 0.5 6 1 -0.0921312 0.182177 
10.5 0.5 -0.5 1 -0.250123 -0.203275 
10.5 0.5 6 1 -0.220602 0.130445 
10.5 10.5 -0.5 1 0.197173 -0.207263 
10.5 10.5 6 1 0.227608 0.0764055 
0.5 10.5 -0.5 1 0.582609 -0.405495 
0.5 10.5 6 1 0.642617 0.0763374 
0.5 5.5 9.5 1 0.363632 0.429655 
10.5 5.5 9.5 1 0.0382635 0.269665 
0.5 6.5 -0.5 1 0.337855 -0.425103 
0.5 8.5 -0.5 1 0.466714 -0.41478 
0.5 8.5 4.5 1 0.51322 -0.0261707 
0.5 6.5 4.5 1 0.384762 -0.0145602 
0.5 2.5 2 1 0.0546733 -0.220511 
0.5 4.5 2 1 0.21705 -0.221091 
0.5 4.5 4.5 1 0.240802 -0.00154866 
0.5 2.5 4.5 1 0.0783534 0.0131339 
