0 0 0 1 0.314007 -0.602237 
0 0 6.5 1 0.287531 -0.170985 
10 0 0 1 -0.380967 -0.766087 
10 0 6.5 1 -0.343522 -0.163672 
10 10 0 1 -0.436417 -0.516154 
10 10 6.5 1 -0.411224 -0.180998 
0 10 0 1 0.01505 -0.45735 
0 10 6.5 1 0.0129481 -0.1828 
0 5 10 1 0.116754 -0.0140244 
10 5 10 1 -0.37187 0.0306836 
0 6 0 1 0.103983 -0.500451 
0 8 0 1 0.0560167 -0.477204 
0 8 5 1 0.0525132 -0.246554 
0 6 5 1 0.0979857 -0.249932 
0 2 2.5 1 0.222336 -0.405709 
0 4 2.5 1 0.156099 -0.387451 
0 4 5 1 0.151528 -0.25391 
0 2 5 1 0.215497 -0.258662 
0.5 0.5 -0.5 1 0.268207 -0.63242 
0.5 0.5 6 1 0.245461 -0.201983 
10.5 0.5 -0.5 1 -0.437171 -0.80637 
10.5 0.5 6 1 -0.394221 -0.205693 
10.5 10.5 -0.5 1 -0.467393 -0.540136 
10.5 10.5 6 1 -0.440454 -0.205449 
0.5 10.5 -0.5 1 -0.0126188 -0.477306 
0.5 10.5 6 1 -0.01331 -0.20306 
0.5 5.5 9.5 1 0.0854602 -0.038665 
10.5 5.5 9.5 1 -0.407575 -0.000434132 
0.5 6.5 -0.5 1 0.0710905 -0.523543 
0.5 8.5 -0.5 1 0.0259594 -0.498615 
0.5 8.5 4.5 1 0.0237472 -0.268258 
0.5 6.5 4.5 1 0.0666326 -0.273376 
0.5 2.5 2 1 0.183009 -0.433399 
0.5 4.5 2 1 0.120745 -0.412751 
0.5 4.5 4.5 1 0.117082 -0.279397 
0.5 2.5 4.5 1 0.177291 -0.286582 
