0 0 0 1 0.294475 -0.38194 
0 0 6.5 1 0.259283 -0.0281866 
10 0 0 1 0.373572 -0.640013 
10 0 6.5 1 0.294216 0.0980283 
10 10 0 1 -0.619756 -0.600547 
10 10 6.5 1 -0.594259 0.00394985 
0 10 0 1 -0.217101 -0.387455 
0 10 6.5 1 -0.223305 -0.0674893 
0 5 10 1 -0.00376471 0.117867 
10 5 10 1 -0.200495 0.351913 
0 6 0 1 -0.0254414 -0.385389 
0 8 0 1 -0.123254 -0.386443 
0 8 5 1 -0.131905 -0.132533 
0 6 5 1 -0.0382317 -0.126373 
0 2 2.5 1 0.171822 -0.245296 
0 4 2.5 1 0.0677738 -0.249333 
0 4 5 1 0.0593186 -0.119959 
0 2 5 1 0.160991 -0.113274 
0.5 0.5 -0.5 1 0.270114 -0.418026 
0.5 0.5 6 1 0.235438 -0.0535272 
10.5 0.5 -0.5 1 0.324611 -0.734014 
10.5 0.5 6 1 0.246955 0.0523056 
10.5 10.5 -0.5 1 -0.704128 -0.6737 
10.5 10.5 6 1 -0.66954 -0.0372753 
0.5 10.5 -0.5 1 -0.250887 -0.419926 
0.5 10.5 6 1 -0.2555 -0.091207 
0.5 5.5 9.5 1 -0.0316987 0.0978239 
10.5 5.5 9.5 1 -0.262 0.323925 
0.5 6.5 -0.5 1 -0.0560185 -0.419215 
0.5 8.5 -0.5 1 -0.155517 -0.419578 
0.5 8.5 4.5 1 -0.163055 -0.15851 
0.5 6.5 4.5 1 -0.0678396 -0.152746 
0.5 2.5 2 1 0.145483 -0.276381 
0.5 4.5 2 1 0.0394684 -0.279844 
0.5 4.5 4.5 1 0.0314108 -0.146737 
0.5 2.5 4.5 1 0.134958 -0.140469 
