0.139092 -0.0613262 0.16183 0.210896 
0.564372 -0.190502 0.627435 0.213392 
0.112967 -0.341187 0.165966 0.296919 
-0.254061 -0.10604 -0.246981 0.255557 
0.139092 -0.0613262 0.564372 -0.190502 
0.564372 -0.190502 0.112967 -0.341187 
0.112967 -0.341187 -0.254061 -0.10604 
-0.254061 -0.10604 0.139092 -0.0613262 
0.16183 0.210896 -0.00288929 0.410682 
-0.00288929 0.410682 -0.246981 0.255557 
0.627435 0.213392 0.490006 0.547293 
0.490006 0.547293 0.165966 0.296919 
-0.00288929 0.410682 0.490006 0.547293 
0.16183 0.210896 0.627435 0.213392 
-0.246981 0.255557 0.165966 0.296919 
-0.0700972 -0.0851175 -0.156561 -0.094951 
-0.156561 -0.094951 -0.147406 0.162751 
-0.147406 0.162751 -0.0580435 0.15781 
-0.0580435 0.15781 -0.0700972 -0.0851175 
0.0843118 0.0386153 0.0141127 0.0364236 
0.0141127 0.0364236 0.0213854 0.153418 
0.0213854 0.153418 0.09245 0.149489 
0.09245 0.149489 0.0843118 0.0386153 
