-0.59779 -0.197057 -0.62592 0.245893 
-0.174006 -0.0694305 -0.169796 0.210538 
0.242345 -0.152948 0.274522 0.196213 
-0.0282325 -0.408972 0.00034529 0.236373 
-0.59779 -0.197057 -0.174006 -0.0694305 
-0.174006 -0.0694305 0.242345 -0.152948 
0.242345 -0.152948 -0.0282325 -0.408972 
-0.0282325 -0.408972 -0.59779 -0.197057 
-0.62592 0.245893 -0.383891 0.570689 
-0.383891 0.570689 0.00034529 0.236373 
-0.169796 0.210538 0.035195 0.386662 
0.035195 0.386662 0.274522 0.196213 
-0.383891 0.570689 0.035195 0.386662 
-0.62592 0.245893 -0.169796 0.210538 
0.00034529 0.236373 0.274522 0.196213 
-0.309096 -0.304471 -0.180479 -0.352326 
-0.180479 -0.352326 -0.174002 0.0909362 
-0.174002 0.0909362 -0.313177 0.105439 
-0.313177 0.105439 -0.309096 -0.304471 
-0.52281 -0.055671 -0.424824 -0.0795145 
-0.424824 -0.0795145 -0.430865 0.117703 
-0.430865 0.117703 -0.531687 0.128209 
-0.531687 0.128209 -0.52281 -0.055671 
