0 0 0 1 0.0430145 -0.226319 
0 0 6.5 1 0.0607947 0.460377 
10 0 0 1 -0.249077 -0.0282103 
10 0 6.5 1 -0.261492 0.338075 
10 10 0 1 0.169542 0.0142331 
10 10 6.5 1 0.183844 0.300927 
0 10 0 1 0.59882 -0.0948204 
0 10 6.5 1 0.661339 0.356523 
0 5 10 1 0.459714 0.74419 
10 5 10 1 -0.00824328 0.508119 
0 6 0 1 0.42721 -0.135422 
0 8 0 1 0.519078 -0.113687 
0 8 5 1 0.563798 0.250688 
0 6 5 1 0.46819 0.257139 
0 2 2.5 1 0.206697 0.0309339 
0 4 2.5 1 0.337101 0.0430464 
0 4 5 1 0.355464 0.264746 
0 2 5 1 0.220569 0.273848 
0.5 0.5 -0.5 1 0.0555755 -0.243246 
0.5 0.5 6 1 0.0735973 0.386328 
10.5 0.5 -0.5 1 -0.230375 -0.0456336 
10.5 0.5 6 1 -0.240942 0.303822 
10.5 10.5 -0.5 1 0.171169 -0.000958737 
10.5 10.5 6 1 0.185083 0.275328 
0.5 10.5 -0.5 1 0.580527 -0.112798 
0.5 10.5 6 1 0.63816 0.31322 
0.5 5.5 9.5 1 0.443653 0.66276 
10.5 5.5 9.5 1 0.000631348 0.470401 
0.5 6.5 -0.5 1 0.415791 -0.153734 
0.5 8.5 -0.5 1 0.503678 -0.131895 
0.5 8.5 4.5 1 0.544841 0.211047 
0.5 6.5 4.5 1 0.453464 0.214051 
0.5 2.5 2 1 0.20766 -0.00258726 
0.5 4.5 2 1 0.3299 0.0114704 
0.5 4.5 4.5 1 0.346782 0.217558 
0.5 2.5 4.5 1 0.220598 0.221705 
