-0.448959 -0.494963 -0.44328 -0.150901 
-0.00119751 -0.40461 -0.015509 -0.134936 
0.32433 -0.51177 0.282486 -0.101999 
-0.316315 -0.7251 -0.318606 -0.114786 
-0.448959 -0.494963 -0.00119751 -0.40461 
-0.00119751 -0.40461 0.32433 -0.51177 
0.32433 -0.51177 -0.316315 -0.7251 
-0.316315 -0.7251 -0.448959 -0.494963 
-0.44328 -0.150901 -0.395394 0.0758428 
-0.395394 0.0758428 -0.318606 -0.114786 
-0.015509 -0.134936 0.0921827 0.040198 
0.0921827 0.040198 0.282486 -0.101999 
-0.395394 0.0758428 0.0921827 0.040198 
-0.44328 -0.150901 -0.015509 -0.134936 
-0.318606 -0.114786 0.282486 -0.101999 
-0.388379 -0.60007 -0.357233 -0.654108 
-0.357233 -0.654108 -0.356261 -0.239996 
-0.356261 -0.239996 -0.385799 -0.235657 
-0.385799 -0.235657 -0.388379 -0.60007 
-0.430563 -0.372929 -0.411069 -0.390747 
-0.411069 -0.390747 -0.409348 -0.232198 
-0.409348 -0.232198 -0.428562 -0.229376 
-0.428562 -0.229376 -0.430563 -0.372929 
