0 0 0 1 -0.278747 0.0203411 
0 0 6.5 1 -0.299778 0.299616 
10 0 0 1 0.118095 0.0405772 
10 0 6.5 1 0.118901 0.30015 
10 10 0 1 0.304247 -0.0498727 
10 10 6.5 1 0.321138 0.367545 
0 10 0 1 -0.331923 -0.0949406 
0 10 6.5 1 -0.373275 0.375949 
0 5 10 1 -0.343521 0.537487 
10 5 10 1 0.198884 0.515471 
0 6 0 1 -0.30397 -0.0343405 
0 8 0 1 -0.316311 -0.0610962 
0 8 5 1 -0.342587 0.2514 
0 6 5 1 -0.326651 0.245096 
0 2 2.5 1 -0.294369 0.118015 
0 4 2.5 1 -0.303684 0.110597 
0 4 5 1 -0.313889 0.240048 
0 2 5 1 -0.303437 0.235914 
0.5 0.5 -0.5 1 -0.257202 -0.00267515 
0.5 0.5 6 1 -0.277301 0.278924 
10.5 0.5 -0.5 1 0.142613 0.0194354 
10.5 0.5 6 1 0.144696 0.28102 
10.5 10.5 -0.5 1 0.34683 -0.0853174 
10.5 10.5 6 1 0.367687 0.337313 
0.5 10.5 -0.5 1 -0.296906 -0.135881 
0.5 10.5 6 1 -0.33578 0.341628 
0.5 5.5 9.5 1 -0.314575 0.514216 
10.5 5.5 9.5 1 0.233393 0.494115 
0.5 6.5 -0.5 1 -0.275954 -0.0655881 
0.5 8.5 -0.5 1 -0.285183 -0.0965488 
0.5 8.5 4.5 1 -0.309973 0.219691 
0.5 6.5 4.5 1 -0.297433 0.216845 
0.5 2.5 2 1 -0.270616 0.0937427 
0.5 4.5 2 1 -0.277729 0.0838214 
0.5 4.5 4.5 1 -0.287428 0.214575 
0.5 2.5 4.5 1 -0.27926 0.212722 
