0.088468 -0.0656016 0.077019 0.19355 
0.515422 -0.12292 0.524929 0.228771 
0.270564 -0.338514 0.262174 0.23706 
-0.239764 -0.179669 -0.276315 0.183544 
0.088468 -0.0656016 0.515422 -0.12292 
0.515422 -0.12292 0.270564 -0.338514 
0.270564 -0.338514 -0.239764 -0.179669 
-0.239764 -0.179669 0.088468 -0.0656016 
0.077019 0.19355 -0.0803266 0.36536 
-0.0803266 0.36536 -0.276315 0.183544 
0.524929 0.228771 0.430592 0.494918 
0.430592 0.494918 0.262174 0.23706 
-0.0803266 0.36536 0.430592 0.494918 
0.077019 0.19355 0.524929 0.228771 
-0.276315 0.183544 0.262174 0.23706 
-0.081086 -0.124525 -0.154497 -0.150037 
-0.154497 -0.150037 -0.17639 0.105251 
-0.17639 0.105251 -0.098466 0.113323 
-0.098466 0.113323 -0.081086 -0.124525 
0.0334431 0.0199884 -0.0240088 0.00695416 
-0.0240088 0.00695416 -0.0310505 0.120307 
-0.0310505 0.120307 0.0278481 0.126408 
0.0278481 0.126408 0.0334431 0.0199884 
