0.321563 -0.482935 0.356991 0.018842 
-0.332005 -0.344687 -0.286188 0.0564811 
-0.0866058 -0.253317 -0.0616124 -1.57171e-05 
0.324913 -0.319926 0.345546 -0.0299093 
0.321563 -0.482935 -0.332005 -0.344687 
-0.332005 -0.344687 -0.0866058 -0.253317 
-0.0866058 -0.253317 0.324913 -0.319926 
0.324913 -0.319926 0.321563 -0.482935 
0.356991 0.018842 0.363295 0.178748 
0.363295 0.178748 0.345546 -0.0299093 
-0.286188 0.0564811 -0.131892 0.183926 
-0.131892 0.183926 -0.0616124 -1.57171e-05 
0.363295 0.178748 -0.131892 0.183926 
0.356991 0.018842 -0.286188 0.0564811 
0.345546 -0.0299093 -0.0616124 -1.57171e-05 
0.323984 -0.365159 0.324492 -0.340448 
0.324492 -0.340448 0.341893 -0.0956164 
0.341893 -0.0956164 0.343139 -0.0953372 
0.343139 -0.0953372 0.323984 -0.365159 
0.334708 -0.262187 0.334118 -0.243749 
0.334118 -0.243749 0.344663 -0.0949958 
0.344663 -0.0949958 0.34657 -0.0945687 
0.34657 -0.0945687 0.334708 -0.262187 
