0.276354 -0.47609 0.246335 -0.141541 
0.708147 -0.76214 0.607257 -0.103208 
-0.347954 -0.936642 -0.338884 -0.141134 
-0.247905 -0.530012 -0.249389 -0.163467 
0.276354 -0.47609 0.708147 -0.76214 
0.708147 -0.76214 -0.347954 -0.936642 
-0.347954 -0.936642 -0.247905 -0.530012 
-0.247905 -0.530012 0.276354 -0.47609 
0.246335 -0.141541 0.000327638 0.0203119 
0.000327638 0.0203119 -0.249389 -0.163467 
0.607257 -0.103208 0.147166 0.20489 
0.147166 0.20489 -0.338884 -0.141134 
0.000327638 0.0203119 0.147166 0.20489 
0.246335 -0.141541 0.607257 -0.103208 
-0.249389 -0.163467 -0.338884 -0.141134 
-0.0270947 -0.507301 -0.135516 -0.518452 
-0.135516 -0.518452 -0.141767 -0.238009 
-0.141767 -0.238009 -0.0380902 -0.232086 
-0.0380902 -0.232086 -0.0270947 -0.507301 
0.168668 -0.350546 0.0696824 -0.35841 
0.0696824 -0.35841 0.0621473 -0.226359 
0.0621473 -0.226359 0.159114 -0.22082 
0.159114 -0.22082 0.168668 -0.350546 
