0 0 0 1 0.157932 -0.324045 
0 0 6.5 1 0.13959 0.311252 
10 0 0 1 -0.240241 -0.13175 
10 0 6.5 1 -0.275238 0.228384 
10 10 0 1 0.141873 -0.0405604 
10 10 6.5 1 0.133642 0.231816 
0 10 0 1 0.57791 -0.12044 
0 10 6.5 1 0.596161 0.284512 
0 5 10 1 0.427431 0.598452 
10 5 10 1 -0.0515068 0.411513 
0 6 0 1 0.452283 -0.181343 
0 8 0 1 0.519967 -0.14853 
0 8 5 1 0.531579 0.181517 
0 6 5 1 0.460686 0.17613 
0 2 2.5 1 0.274317 -0.0603967 
0 4 2.5 1 0.373969 -0.031737 
0 4 5 1 0.375885 0.169687 
0 2 5 1 0.272636 0.161841 
0.5 0.5 -0.5 1 0.157389 -0.3345 
0.5 0.5 6 1 0.14037 0.251888 
10.5 0.5 -0.5 1 -0.22453 -0.145678 
10.5 0.5 6 1 -0.257091 0.198249 
10.5 10.5 -0.5 1 0.142122 -0.0539966 
10.5 10.5 6 1 0.134166 0.209023 
0.5 10.5 -0.5 1 0.558798 -0.136393 
0.5 10.5 6 1 0.5749 0.248195 
0.5 5.5 9.5 1 0.410493 0.532761 
10.5 5.5 9.5 1 -0.0439109 0.377987 
0.5 6.5 -0.5 1 0.43663 -0.196687 
0.5 8.5 -0.5 1 0.502223 -0.164314 
0.5 8.5 4.5 1 0.512277 0.148177 
0.5 6.5 4.5 1 0.443643 0.140271 
0.5 2.5 2 1 0.266393 -0.0869851 
0.5 4.5 2 1 0.36097 -0.0576133 
0.5 4.5 4.5 1 0.36235 0.130906 
0.5 2.5 4.5 1 0.26454 0.119639 
