0 0 0 1 0.344713 -0.541115 
0 0 6.5 1 0.34605 0.0017969 
10 0 0 1 -0.322218 -0.411001 
10 0 6.5 1 -0.279808 -0.00548227 
10 10 0 1 -0.045104 -0.330476 
10 10 6.5 1 -0.0286799 -0.0695541 
0 10 0 1 0.386304 -0.388678 
0 10 6.5 1 0.385099 -0.0770463 
0 5 10 1 0.370349 0.146177 
10 5 10 1 -0.115185 0.114147 
0 6 0 1 0.3749 -0.430477 
0 8 0 1 0.381143 -0.407595 
0 8 5 1 0.38033 -0.142368 
0 6 5 1 0.374284 -0.137667 
0 2 2.5 1 0.35755 -0.30428 
0 4 2.5 1 0.367039 -0.291159 
0 4 5 1 0.366892 -0.13192 
0 2 5 1 0.35765 -0.124733 
0.5 0.5 -0.5 1 0.305474 -0.563335 
0.5 0.5 6 1 0.309814 -0.0418119 
10.5 0.5 -0.5 1 -0.328584 -0.432312 
10.5 0.5 6 1 -0.287182 -0.0388057 
10.5 10.5 -0.5 1 -0.0554421 -0.346032 
10.5 10.5 6 1 -0.0389638 -0.0901298 
0.5 10.5 -0.5 1 0.362502 -0.4056 
0.5 10.5 6 1 0.362437 -0.101114 
0.5 5.5 9.5 1 0.343306 0.110074 
10.5 5.5 9.5 1 -0.125077 0.0852988 
0.5 6.5 -0.5 1 0.346634 -0.449489 
0.5 8.5 -0.5 1 0.355298 -0.425523 
0.5 8.5 4.5 1 0.355528 -0.16702 
0.5 6.5 4.5 1 0.347261 -0.164856 
0.5 2.5 2 1 0.323748 -0.33242 
0.5 4.5 2 1 0.336629 -0.316658 
0.5 4.5 4.5 1 0.337216 -0.162228 
0.5 2.5 4.5 1 0.324752 -0.158966 
