0 0 0 1 -0.593518 -0.314789 
0 0 6.5 1 -0.537994 0.0646506 
10 0 0 1 -0.128699 -0.280381 
10 0 6.5 1 -0.103733 -0.0110351 
10 10 0 1 0.242265 -0.37981 
10 10 6.5 1 0.260784 -0.000670904 
0 10 0 1 -0.283058 -0.509849 
0 10 6.5 1 -0.213936 0.131282 
0 5 10 1 -0.384737 0.325395 
10 5 10 1 0.0606064 0.153529 
0 6 0 1 -0.448148 -0.406124 
0 8 0 1 -0.375785 -0.45159 
0 8 5 1 -0.323373 -0.0116671 
0 6 5 1 -0.397973 -0.0143767 
0 2 2.5 1 -0.530651 -0.176021 
0 4 2.5 1 -0.481806 -0.18944 
0 4 5 1 -0.458413 -0.016572 
0 2 5 1 -0.508376 -0.0183868 
0.5 0.5 -0.5 1 -0.555714 -0.348707 
0.5 0.5 6 1 -0.501696 0.0333635 
10.5 0.5 -0.5 1 -0.101113 -0.304141 
10.5 0.5 6 1 -0.076963 -0.0334752 
10.5 10.5 -0.5 1 0.282325 -0.413635 
10.5 10.5 6 1 0.299143 -0.0318913 
0.5 10.5 -0.5 1 -0.216865 -0.568795 
0.5 10.5 6 1 -0.152247 0.079817 
0.5 5.5 9.5 1 -0.340231 0.288452 
10.5 5.5 9.5 1 0.0915643 0.128311 
0.5 6.5 -0.5 1 -0.397236 -0.451641 
0.5 8.5 -0.5 1 -0.318226 -0.50296 
0.5 8.5 4.5 1 -0.268492 -0.0584911 
0.5 6.5 4.5 1 -0.349165 -0.0562824 
0.5 2.5 2 1 -0.490006 -0.211837 
0.5 4.5 2 1 -0.437031 -0.228787 
0.5 4.5 4.5 1 -0.41447 -0.0544943 
0.5 2.5 4.5 1 -0.468418 -0.0530173 
