0 0 0 1 0.249731 -0.0798654 
0 0 6.5 1 0.281451 0.287075 
10 0 0 1 -0.158383 -0.250515 
10 0 6.5 1 -0.15237 0.394416 
10 10 0 1 -0.565923 -0.0730294 
10 10 6.5 1 -0.593559 0.332167 
0 10 0 1 -0.131303 -0.000961656 
0 10 6.5 1 -0.127472 0.27365 
0 5 10 1 0.0543601 0.464376 
10 5 10 1 -0.438868 0.665172 
0 6 0 1 -0.0042728 -0.0272668 
0 8 0 1 -0.0711284 -0.0134225 
0 8 5 1 -0.0655799 0.206263 
0 6 5 1 0.00450807 0.204543 
0 2 2.5 1 0.16315 0.0670105 
0 4 2.5 1 0.0766847 0.0771652 
0 4 5 1 0.083216 0.202611 
0 2 5 1 0.172238 0.200426 
0.5 0.5 -0.5 1 0.210247 -0.105926 
0.5 0.5 6 1 0.239199 0.258948 
10.5 0.5 -0.5 1 -0.225994 -0.295251 
10.5 0.5 6 1 -0.228527 0.343219 
10.5 10.5 -0.5 1 -0.608596 -0.101581 
10.5 10.5 6 1 -0.639484 0.301115 
0.5 10.5 -0.5 1 -0.160742 -0.0205527 
0.5 10.5 6 1 -0.158423 0.252913 
0.5 5.5 9.5 1 0.0174521 0.439607 
10.5 5.5 9.5 1 -0.499259 0.624111 
0.5 6.5 -0.5 1 -0.0370469 -0.0490177 
0.5 8.5 -0.5 1 -0.102145 -0.0340371 
0.5 8.5 4.5 1 -0.0978759 0.184684 
0.5 6.5 4.5 1 -0.0296972 0.181715 
0.5 2.5 2 1 0.125296 0.0418985 
0.5 4.5 2 1 0.0411547 0.0535557 
0.5 4.5 4.5 1 0.0468615 0.178381 
0.5 2.5 4.5 1 0.133447 0.174611 
