0 0 0 1 0.303788 -0.604384 
0 0 6.5 1 0.283339 -0.17448 
10 0 0 1 -0.388261 -0.766994 
10 0 6.5 1 -0.342696 -0.15826 
10 10 0 1 -0.453665 -0.513261 
10 10 6.5 1 -0.423099 -0.174779 
0 10 0 1 0.000568542 -0.457391 
0 10 6.5 1 0.00255399 -0.18247 
0 5 10 1 0.111497 -0.0152257 
10 5 10 1 -0.375992 0.0384592 
0 6 0 1 0.0911018 -0.501279 
0 8 0 1 0.0423073 -0.477624 
0 8 5 1 0.0421928 -0.246808 
0 6 5 1 0.0887354 -0.250762 
0 2 2.5 1 0.213432 -0.407733 
0 4 2.5 1 0.146104 -0.388845 
0 4 5 1 0.143442 -0.255411 
0 2 5 1 0.208669 -0.260953 
0.5 0.5 -0.5 1 0.257714 -0.63423 
0.5 0.5 6 1 0.24094 -0.204811 
10.5 0.5 -0.5 1 -0.44665 -0.807653 
10.5 0.5 6 1 -0.395327 -0.200029 
10.5 10.5 -0.5 1 -0.48581 -0.537297 
10.5 10.5 6 1 -0.453421 -0.199088 
0.5 10.5 -0.5 1 -0.027565 -0.477155 
0.5 10.5 6 1 -0.0241636 -0.202404 
0.5 5.5 9.5 1 0.0797593 -0.0393326 
10.5 5.5 9.5 1 -0.413032 0.00766203 
0.5 6.5 -0.5 1 0.0577631 -0.524137 
0.5 8.5 -0.5 1 0.0117901 -0.498824 
0.5 8.5 4.5 1 0.012968 -0.268178 
0.5 6.5 4.5 1 0.0569331 -0.273827 
0.5 2.5 2 1 0.173727 -0.435015 
0.5 4.5 2 1 0.110327 -0.413792 
0.5 4.5 4.5 1 0.108569 -0.280462 
0.5 2.5 4.5 1 0.170074 -0.288366 
