0 0 0 1 0.359222 -0.566275 
0 0 6.5 1 0.338707 -0.00209972 
10 0 0 1 -0.308758 -0.444408 
10 0 6.5 1 -0.275353 -0.0369697 
10 10 0 1 -0.0155074 -0.360308 
10 10 6.5 1 -0.00752153 -0.0953123 
0 10 0 1 0.426322 -0.410342 
0 10 6.5 1 0.41034 -0.0869781 
0 5 10 1 0.374971 0.141903 
10 5 10 1 -0.10604 0.0858877 
0 6 0 1 0.407989 -0.452946 
0 8 0 1 0.418031 -0.429608 
0 8 5 1 0.404848 -0.153638 
0 6 5 1 0.394034 -0.148134 
0 2 2.5 1 0.371795 -0.318926 
0 4 2.5 1 0.387967 -0.306311 
0 4 5 1 0.380818 -0.141409 
0 2 5 1 0.364303 -0.133004 
0.5 0.5 -0.5 1 0.322212 -0.590865 
0.5 0.5 6 1 0.306069 -0.0486906 
10.5 0.5 -0.5 1 -0.312555 -0.466505 
10.5 0.5 6 1 -0.279957 -0.0706194 
10.5 10.5 -0.5 1 -0.0245879 -0.376593 
10.5 10.5 6 1 -0.0163472 -0.116524 
0.5 10.5 -0.5 1 0.403171 -0.428775 
0.5 10.5 6 1 0.388911 -0.11273 
0.5 5.5 9.5 1 0.350265 0.103763 
10.5 5.5 9.5 1 -0.113851 0.0566671 
0.5 6.5 -0.5 1 0.380712 -0.473739 
0.5 8.5 -0.5 1 0.392982 -0.449173 
0.5 8.5 4.5 1 0.381376 -0.180132 
0.5 6.5 4.5 1 0.368628 -0.177365 
0.5 2.5 2 1 0.34012 -0.34955 
0.5 4.5 2 1 0.359212 -0.334005 
0.5 4.5 4.5 1 0.353148 -0.174005 
0.5 2.5 4.5 1 0.333951 -0.169839 
