-0.264494 0.0336736 -0.279396 0.311234 
0.132004 0.0438353 0.138808 0.304659 
0.30693 -0.050746 0.333233 0.370667 
-0.332098 -0.0774417 -0.364244 0.389519 
-0.264494 0.0336736 0.132004 0.0438353 
0.132004 0.0438353 0.30693 -0.050746 
0.30693 -0.050746 -0.332098 -0.0774417 
-0.332098 -0.0774417 -0.264494 0.0336736 
-0.279396 0.311234 -0.322956 0.548661 
-0.322956 0.548661 -0.364244 0.389519 
0.138808 0.304659 0.219905 0.521128 
0.219905 0.521128 0.333233 0.370667 
-0.322956 0.548661 0.219905 0.521128 
-0.279396 0.311234 0.138808 0.304659 
-0.364244 0.389519 0.333233 0.370667 
-0.296609 -0.0191106 -0.312291 -0.044886 
-0.312291 -0.044886 -0.332235 0.265144 
-0.332235 0.265144 -0.313474 0.258268 
-0.313474 0.258268 -0.296609 -0.0191106 
-0.279583 0.131083 -0.290977 0.124167 
-0.290977 0.124167 -0.298431 0.252754 
-0.298431 0.252754 -0.286101 0.248235 
-0.286101 0.248235 -0.279583 0.131083 
