0 0 0 1 -0.284589 -0.603726 
0 0 6.5 1 -0.208422 0.108784 
10 0 0 1 -0.288959 -0.297566 
10 0 6.5 1 -0.251453 0.0487478 
10 10 0 1 0.194357 -0.307704 
10 10 6.5 1 0.22153 -0.00583938 
0 10 0 1 0.58999 -0.549892 
0 10 6.5 1 0.630675 -0.00307181 
0 5 10 1 0.294361 0.367027 
10 5 10 1 0.0180949 0.190034 
0 6 0 1 0.294812 -0.568062 
0 8 0 1 0.449706 -0.558527 
0 8 5 1 0.485008 -0.115186 
0 6 5 1 0.334619 -0.101868 
0 2 2.5 1 -0.043046 -0.32802 
0 4 2.5 1 0.145663 -0.330602 
0 4 5 1 0.168009 -0.0871147 
0 2 5 1 -0.0175946 -0.0706791 
0.5 0.5 -0.5 1 -0.236997 -0.62362 
0.5 0.5 6 1 -0.166645 0.0461085 
10.5 0.5 -0.5 1 -0.264978 -0.317089 
10.5 0.5 6 1 -0.228932 0.0188004 
10.5 10.5 -0.5 1 0.202126 -0.324478 
10.5 10.5 6 1 0.228481 -0.0305654 
0.5 10.5 -0.5 1 0.584645 -0.567923 
0.5 10.5 6 1 0.623507 -0.0466565 
0.5 5.5 9.5 1 0.304094 0.299154 
10.5 5.5 9.5 1 0.0312759 0.158226 
0.5 6.5 -0.5 1 0.304608 -0.586906 
0.5 8.5 -0.5 1 0.451207 -0.576969 
0.5 8.5 4.5 1 0.484727 -0.15541 
0.5 6.5 4.5 1 0.342175 -0.144739 
0.5 2.5 2 1 -0.0125657 -0.362739 
0.5 4.5 2 1 0.164132 -0.363392 
0.5 4.5 4.5 1 0.185092 -0.13298 
0.5 2.5 4.5 1 0.0111356 -0.119958 
