0.29724 -0.360833 0.259037 -0.00795292 
0.341805 -0.628455 0.260691 0.107133 
-0.613491 -0.586756 -0.605964 -0.000845538 
-0.206443 -0.369346 -0.219341 -0.0549201 
0.29724 -0.360833 0.341805 -0.628455 
0.341805 -0.628455 -0.613491 -0.586756 
-0.613491 -0.586756 -0.206443 -0.369346 
-0.206443 -0.369346 0.29724 -0.360833 
0.259037 -0.00795292 -0.00620096 0.134331 
-0.00620096 0.134331 -0.219341 -0.0549201 
0.260691 0.107133 -0.233314 0.354832 
-0.233314 0.354832 -0.605964 -0.000845538 
-0.00620096 0.134331 -0.233314 0.354832 
0.259037 -0.00795292 0.260691 0.107133 
-0.219341 -0.0549201 -0.605964 -0.000845538 
-0.019514 -0.366187 -0.115175 -0.367803 
-0.115175 -0.367803 -0.128458 -0.118079 
-0.128458 -0.118079 -0.0363647 -0.110713 
-0.0363647 -0.110713 -0.019514 -0.366187 
0.173578 -0.226371 0.070304 -0.231423 
0.070304 -0.231423 0.0601123 -0.102996 
0.0601123 -0.102996 0.161293 -0.0949031 
0.161293 -0.0949031 0.173578 -0.226371 
