0 0 0 1 0.0257629 -0.271715 
0 0 6.5 1 0.00419181 -0.0148445 
10 0 0 1 0.459907 -0.272878 
10 0 6.5 1 0.418849 0.041149 
10 10 0 1 0.394555 -0.42899 
10 10 6.5 1 0.328185 0.116556 
0 10 0 1 -0.253471 -0.382345 
0 10 6.5 1 -0.274419 0.0110518 
0 5 10 1 -0.118062 0.15438 
10 5 10 1 0.359785 0.269838 
0 6 0 1 -0.112203 -0.326375 
0 8 0 1 -0.175999 -0.351651 
0 8 5 1 -0.193026 -0.0756974 
0 6 5 1 -0.129487 -0.0748027 
0 2 2.5 1 -0.0219371 -0.17906 
0 4 2.5 1 -0.0674848 -0.188172 
0 4 5 1 -0.0759982 -0.0740495 
0 2 5 1 -0.0303504 -0.0734068 
0.5 0.5 -0.5 1 0.0363316 -0.296401 
0.5 0.5 6 1 0.0138338 -0.0313768 
10.5 0.5 -0.5 1 0.489054 -0.303499 
10.5 0.5 6 1 0.445509 0.0228075 
10.5 10.5 -0.5 1 0.442725 -0.494577 
10.5 10.5 6 1 0.369244 0.0891229 
0.5 10.5 -0.5 1 -0.249987 -0.426032 
0.5 10.5 6 1 -0.272021 -0.0131934 
0.5 5.5 9.5 1 -0.110812 0.140555 
10.5 5.5 9.5 1 0.390318 0.257178 
0.5 6.5 -0.5 1 -0.10398 -0.359927 
0.5 8.5 -0.5 1 -0.169621 -0.389646 
0.5 8.5 4.5 1 -0.187535 -0.101319 
0.5 6.5 4.5 1 -0.122134 -0.0981091 
0.5 2.5 2 1 -0.0122026 -0.202394 
0.5 4.5 2 1 -0.0585114 -0.213752 
0.5 4.5 4.5 1 -0.0674292 -0.0954244 
0.5 2.5 4.5 1 -0.0209956 -0.0931457 
