-0.514561 -0.851717 -0.457946 -0.0964902 
-0.261692 -0.505158 -0.249673 -0.148475 
0.275231 -0.490371 0.252885 -0.141921 
0.61757 -0.805063 0.531475 -0.0857699 
-0.514561 -0.851717 -0.261692 -0.505158 
-0.261692 -0.505158 0.275231 -0.490371 
0.275231 -0.490371 0.61757 -0.805063 
0.61757 -0.805063 -0.514561 -0.851717 
-0.457946 -0.0964902 0.0389744 0.233396 
0.0389744 0.233396 0.531475 -0.0857699 
-0.249673 -0.148475 0.00150756 0.0265307 
0.00150756 0.0265307 0.252885 -0.141921 
0.0389744 0.233396 0.00150756 0.0265307 
-0.457946 -0.0964902 -0.249673 -0.148475 
0.531475 -0.0857699 0.252885 -0.141921 
0.17733 -0.823205 0.399475 -0.814051 
0.399475 -0.814051 0.352335 -0.23883 
0.352335 -0.23883 0.151984 -0.242264 
0.151984 -0.242264 0.17733 -0.823205 
-0.268697 -0.529812 -0.0504336 -0.523584 
-0.0504336 -0.523584 -0.0517422 -0.245755 
-0.0517422 -0.245755 -0.258931 -0.249306 
-0.258931 -0.249306 -0.268697 -0.529812 
