0.283442 -0.445661 0.249708 -0.113302 
0.693522 -0.727866 0.591854 -0.0689863 
-0.362696 -0.894094 -0.368777 -0.124668 
-0.237197 -0.502162 -0.246615 -0.143775 
0.283442 -0.445661 0.693522 -0.727866 
0.693522 -0.727866 -0.362696 -0.894094 
-0.362696 -0.894094 -0.237197 -0.502162 
-0.237197 -0.502162 0.283442 -0.445661 
0.249708 -0.113302 -0.00129509 0.0439087 
-0.00129509 0.0439087 -0.246615 -0.143775 
0.591854 -0.0689863 0.115197 0.23293 
0.115197 0.23293 -0.368777 -0.124668 
-0.00129509 0.0439087 0.115197 0.23293 
0.249708 -0.113302 0.591854 -0.0689863 
-0.246615 -0.143775 -0.368777 -0.124668 
-0.0200358 -0.478595 -0.127046 -0.490208 
-0.127046 -0.490208 -0.138606 -0.215574 
-0.138606 -0.215574 -0.0355867 -0.208175 
-0.0355867 -0.208175 -0.0200358 -0.478595 
0.173428 -0.322628 0.0741191 -0.331545 
0.0741191 -0.331545 0.064648 -0.200975 
0.064648 -0.200975 0.162209 -0.193967 
0.162209 -0.193967 0.173428 -0.322628 
