0.0402549 -0.226821 0.0156681 0.0280647 
0.472817 -0.227818 0.433679 0.0898972 
0.38191 -0.391873 0.317875 0.158318 
-0.245488 -0.340459 -0.275661 0.045114 
0.0402549 -0.226821 0.472817 -0.227818 
0.472817 -0.227818 0.38191 -0.391873 
0.38191 -0.391873 -0.245488 -0.340459 
-0.245488 -0.340459 0.0402549 -0.226821 
0.0156681 0.0280647 -0.115076 0.195371 
-0.115076 0.195371 -0.275661 0.045114 
0.433679 0.0898972 0.365824 0.323839 
0.365824 0.323839 0.317875 0.158318 
-0.115076 0.195371 0.365824 0.323839 
0.0156681 0.0280647 0.433679 0.0898972 
-0.275661 0.045114 0.317875 0.158318 
-0.101936 -0.28337 -0.167017 -0.309252 
-0.167017 -0.309252 -0.189519 -0.0389019 
-0.189519 -0.0389019 -0.123538 -0.036128 
-0.123538 -0.036128 -0.101936 -0.28337 
-0.0102083 -0.136658 -0.0575095 -0.146865 
-0.0575095 -0.146865 -0.0677851 -0.033784 
-0.0677851 -0.033784 -0.020053 -0.0317772 
-0.020053 -0.0317772 -0.0102083 -0.136658 
