-0.319941 -0.12057 -0.35391 0.160882 
0.0772563 -0.0642862 0.0591953 0.186083 
0.303775 -0.15309 0.28588 0.241085 
-0.317066 -0.26704 -0.375523 0.210102 
-0.319941 -0.12057 0.0772563 -0.0642862 
0.0772563 -0.0642862 0.303775 -0.15309 
0.303775 -0.15309 -0.317066 -0.26704 
-0.317066 -0.26704 -0.319941 -0.12057 
-0.35391 0.160882 -0.386547 0.382529 
-0.386547 0.382529 -0.375523 0.210102 
0.0591953 0.186083 0.135895 0.381764 
0.135895 0.381764 0.28588 0.241085 
-0.386547 0.382529 0.135895 0.381764 
-0.35391 0.160882 0.0591953 0.186083 
-0.375523 0.210102 0.28588 0.241085 
-0.318587 -0.189539 -0.317918 -0.223616 
-0.317918 -0.223616 -0.356758 0.0948293 
-0.356758 0.0948293 -0.353126 0.0946338 
-0.353126 0.0946338 -0.318587 -0.189539 
-0.33351 -0.024204 -0.334435 -0.0357728 
-0.334435 -0.0357728 -0.350222 0.0944775 
-0.350222 0.0944775 -0.347846 0.0943497 
-0.347846 0.0943497 -0.33351 -0.024204 
