0 0 0 1 0.152857 -0.113727 
0 0 6.5 1 0.181747 0.162477 
10 0 0 1 0.582027 -0.256422 
10 0 6.5 1 0.644219 0.172226 
10 10 0 1 0.0441312 -0.365521 
10 10 6.5 1 0.108768 0.300782 
0 10 0 1 -0.263322 -0.131308 
0 10 6.5 1 -0.23921 0.227272 
0 5 10 1 0.014235 0.366047 
10 5 10 1 0.474014 0.524327 
0 6 0 1 -0.0708232 -0.123176 
0 8 0 1 -0.161781 -0.127019 
0 8 5 1 -0.142041 0.131466 
0 6 5 1 -0.050129 0.121625 
0 2 2.5 1 0.0961343 -0.00698931 
0 4 2.5 1 0.0216945 -0.00467197 
0 4 5 1 0.0324868 0.112779 
0 2 5 1 0.107149 0.104785 
0.5 0.5 -0.5 1 0.148284 -0.140467 
0.5 0.5 6 1 0.177883 0.142961 
10.5 0.5 -0.5 1 0.593691 -0.304804 
10.5 0.5 6 1 0.659204 0.141479 
10.5 10.5 -0.5 1 0.0252689 -0.449237 
10.5 10.5 6 1 0.0934305 0.260698 
0.5 10.5 -0.5 1 -0.284394 -0.166747 
0.5 10.5 6 1 -0.260083 0.204108 
0.5 5.5 9.5 1 0.00425309 0.350267 
10.5 5.5 9.5 1 0.483146 0.505757 
0.5 6.5 -0.5 1 -0.0833865 -0.154538 
0.5 8.5 -0.5 1 -0.178175 -0.160295 
0.5 8.5 4.5 1 -0.158138 0.106457 
0.5 6.5 4.5 1 -0.0622923 0.0976658 
0.5 2.5 2 1 0.0896128 -0.0321566 
0.5 4.5 2 1 0.0125219 -0.0310659 
0.5 4.5 4.5 1 0.0235544 0.0897918 
0.5 2.5 4.5 1 0.10089 0.0826984 
