0.116414 -0.274353 0.111206 0.380855 
-0.244913 -0.0800738 -0.273461 0.283329 
0.150948 -0.00640231 0.150709 0.271989 
0.584946 -0.0958843 0.620664 0.326479 
0.116414 -0.274353 -0.244913 -0.0800738 
-0.244913 -0.0800738 0.150948 -0.00640231 
0.150948 -0.00640231 0.584946 -0.0958843 
0.584946 -0.0958843 0.116414 -0.274353 
0.111206 0.380855 0.441076 0.670046 
0.441076 0.670046 0.620664 0.326479 
-0.273461 0.283329 -0.0381853 0.463201 
-0.0381853 0.463201 0.150709 0.271989 
0.441076 0.670046 -0.0381853 0.463201 
0.111206 0.380855 -0.273461 0.283329 
0.620664 0.326479 0.150709 0.271989 
0.443145 -0.149898 0.519366 -0.120864 
0.519366 -0.120864 0.544039 0.221763 
0.544039 0.221763 0.464351 0.220434 
0.464351 0.220434 0.443145 -0.149898 
0.250307 -0.0133824 0.361151 0.0095823 
0.361151 0.0095823 0.369456 0.218853 
0.369456 0.218853 0.254542 0.216937 
0.254542 0.216937 0.250307 -0.0133824 
