0 0 0 1 -0.450443 -0.879151 
0 0 6.5 1 -0.361273 -0.0974017 
10 0 0 1 -0.299021 -0.49127 
10 0 6.5 1 -0.26378 -0.129176 
10 10 0 1 0.22688 -0.493468 
10 10 6.5 1 0.23197 -0.158262 
0 10 0 1 0.618386 -0.82286 
0 10 6.5 1 0.589287 -0.156844 
0 5 10 1 0.159469 0.197952 
10 5 10 1 0.00309329 0.0279419 
0 6 0 1 0.233648 -0.843122 
0 8 0 1 0.432228 -0.832664 
0 8 5 1 0.423564 -0.292022 
0 6 5 1 0.241125 -0.285068 
0 2 2.5 1 -0.181702 -0.554314 
0 4 2.5 1 0.0348362 -0.553156 
0 4 5 1 0.0471645 -0.277675 
0 2 5 1 -0.159444 -0.2698 
0.5 0.5 -0.5 1 -0.382349 -0.900449 
0.5 0.5 6 1 -0.304974 -0.154393 
10.5 0.5 -0.5 1 -0.270621 -0.51144 
10.5 0.5 6 1 -0.23781 -0.157105 
10.5 10.5 -0.5 1 0.240508 -0.512036 
10.5 10.5 6 1 0.244786 -0.183495 
0.5 10.5 -0.5 1 0.626648 -0.843598 
0.5 10.5 6 1 0.597991 -0.203641 
0.5 5.5 9.5 1 0.186706 0.135192 
10.5 5.5 9.5 1 0.0212699 -0.00178503 
0.5 6.5 -0.5 1 0.261451 -0.864175 
0.5 8.5 -0.5 1 0.449663 -0.85357 
0.5 8.5 4.5 1 0.440046 -0.335243 
0.5 6.5 4.5 1 0.266395 -0.329868 
0.5 2.5 2 1 -0.132352 -0.590386 
0.5 4.5 2 1 0.072053 -0.588153 
0.5 4.5 4.5 1 0.0822916 -0.32417 
0.5 2.5 4.5 1 -0.113236 -0.318119 
