-0.145224 -0.37474 -0.0878656 0.31735 
-0.264845 -0.133288 -0.239891 0.215311 
0.191085 -0.136469 0.222582 0.153857 
0.596945 -0.313173 0.667891 0.181639 
-0.145224 -0.37474 -0.264845 -0.133288 
-0.264845 -0.133288 0.191085 -0.136469 
0.191085 -0.136469 0.596945 -0.313173 
0.596945 -0.313173 -0.145224 -0.37474 
-0.0878656 0.31735 0.393189 0.572054 
0.393189 0.572054 0.667891 0.181639 
-0.239891 0.215311 0.0286692 0.359194 
0.0286692 0.359194 0.222582 0.153857 
0.393189 0.572054 0.0286692 0.359194 
-0.0878656 0.31735 -0.239891 0.215311 
0.667891 0.181639 0.222582 0.153857 
0.355653 -0.333189 0.483385 -0.322593 
0.483385 -0.322593 0.537004 0.0770638 
0.537004 0.0770638 0.40827 0.0919087 
0.40827 0.0919087 0.355653 -0.333189 
0.0690598 -0.120147 0.235873 -0.12236 
0.235873 -0.12236 0.261761 0.108803 
0.261761 0.108803 0.0935192 0.128204 
0.0935192 0.128204 0.0690598 -0.120147 
