0 0 0 1 0.259121 -0.522385 
0 0 6.5 1 0.267494 -0.115559 
10 0 0 1 -0.390382 -0.657674 
10 0 6.5 1 -0.322096 -0.0515103 
10 10 0 1 -0.510898 -0.420388 
10 10 6.5 1 -0.46489 -0.0779361 
0 10 0 1 -0.0559665 -0.383671 
0 10 6.5 1 -0.0378104 -0.115422 
0 5 10 1 0.092876 0.0462077 
10 5 10 1 -0.385246 0.145143 
0 6 0 1 0.0402478 -0.426029 
0 8 0 1 -0.0113761 -0.403302 
0 8 5 1 0.00224273 -0.179677 
0 6 5 1 0.0530675 -0.184586 
0 2 2.5 1 0.17739 -0.337574 
0 4 2.5 1 0.1066 -0.318902 
0 4 5 1 0.112261 -0.190303 
0 2 5 1 0.182075 -0.197046 
0.5 0.5 -0.5 1 0.213158 -0.549506 
0.5 0.5 6 1 0.224201 -0.142695 
10.5 0.5 -0.5 1 -0.455299 -0.697545 
10.5 0.5 6 1 -0.381837 -0.0914623 
10.5 10.5 -0.5 1 -0.547094 -0.443729 
10.5 10.5 6 1 -0.499421 -0.101263 
0.5 10.5 -0.5 1 -0.0854417 -0.401965 
0.5 10.5 6 1 -0.0661659 -0.133707 
0.5 5.5 9.5 1 0.0594305 0.0244 
10.5 5.5 9.5 1 -0.427679 0.11578 
0.5 6.5 -0.5 1 0.00582877 -0.447063 
0.5 8.5 -0.5 1 -0.0431326 -0.422871 
0.5 8.5 4.5 1 -0.028507 -0.199246 
0.5 6.5 4.5 1 0.0198284 -0.205623 
0.5 2.5 2 1 0.136909 -0.36233 
0.5 4.5 2 1 0.0697471 -0.341652 
0.5 4.5 4.5 1 0.0760958 -0.213048 
0.5 2.5 4.5 1 0.142422 -0.221799 
