0 0 0 1 -0.521526 -0.775538 
0 0 6.5 1 -0.486592 -0.0565637 
10 0 0 1 -0.244934 -0.466537 
10 0 6.5 1 -0.243517 -0.119498 
10 10 0 1 0.286266 -0.444849 
10 10 6.5 1 0.25632 -0.0990915 
0 10 0 1 0.591647 -0.730086 
0 10 6.5 1 0.497216 -0.0163985 
0 5 10 1 -0.00800963 0.284335 
10 5 10 1 -0.000602592 0.0608066 
0 6 0 1 0.146379 -0.748267 
0 8 0 1 0.369013 -0.739177 
0 8 5 1 0.314823 -0.174222 
0 6 5 1 0.11264 -0.182476 
0 2 2.5 1 -0.295137 -0.469058 
0 4 2.5 1 -0.0832193 -0.460405 
0 4 5 1 -0.0895439 -0.190731 
0 2 5 1 -0.291728 -0.198985 
0.5 0.5 -0.5 1 -0.443415 -0.802273 
0.5 0.5 6 1 -0.418541 -0.107612 
10.5 0.5 -0.5 1 -0.21258 -0.486035 
10.5 0.5 6 1 -0.213063 -0.144691 
10.5 10.5 -0.5 1 0.307534 -0.464799 
10.5 10.5 6 1 0.276946 -0.124685 
0.5 10.5 -0.5 1 0.622163 -0.758764 
0.5 10.5 6 1 0.527907 -0.0689722 
0.5 5.5 9.5 1 0.0390353 0.223975 
10.5 5.5 9.5 1 0.0242987 0.032938 
0.5 6.5 -0.5 1 0.195934 -0.776167 
0.5 8.5 -0.5 1 0.409049 -0.767466 
0.5 8.5 4.5 1 0.353437 -0.222036 
0.5 6.5 4.5 1 0.159135 -0.229969 
0.5 2.5 2 1 -0.229865 -0.507056 
0.5 4.5 2 1 -0.0265902 -0.498757 
0.5 4.5 4.5 1 -0.0351677 -0.237901 
0.5 2.5 4.5 1 -0.229471 -0.245834 
