-0.158401 -0.323731 -0.132362 -0.0642748 
0.251811 -0.377259 0.269163 -0.0984461 
0.31782 -0.57185 0.344362 -0.090939 
-0.364879 -0.462424 -0.314645 -0.036317 
-0.158401 -0.323731 0.251811 -0.377259 
0.251811 -0.377259 0.31782 -0.57185 
0.31782 -0.57185 -0.364879 -0.462424 
-0.364879 -0.462424 -0.158401 -0.323731 
-0.132362 -0.0642748 -0.184139 0.112274 
-0.184139 0.112274 -0.314645 -0.036317 
0.269163 -0.0984461 0.307851 0.0851588 
0.307851 0.0851588 0.344362 -0.090939 
-0.184139 0.112274 0.307851 0.0851588 
-0.132362 -0.0642748 0.269163 -0.0984461 
-0.314645 -0.036317 0.344362 -0.090939 
-0.256828 -0.389845 -0.304666 -0.421979 
-0.304666 -0.421979 -0.271633 -0.129188 
-0.271633 -0.129188 -0.228259 -0.127189 
-0.228259 -0.127189 -0.256828 -0.389845 
-0.174319 -0.232 -0.205209 -0.243311 
-0.205209 -0.243311 -0.192791 -0.125555 
-0.192791 -0.125555 -0.163248 -0.124193 
-0.163248 -0.124193 -0.174319 -0.232 
