0 0 0 1 0.216229 -0.45231 
0 0 6.5 1 0.214619 -0.13217 
10 0 0 1 0.675436 -0.685039 
10 0 6.5 1 0.627364 -0.0973099 
10 10 0 1 -0.251968 -0.822804 
10 10 6.5 1 -0.195062 -0.0321414 
0 10 0 1 -0.291343 -0.477173 
0 10 6.5 1 -0.260416 -0.105141 
0 5 10 1 0.00042731 0.0491243 
10 5 10 1 0.267279 0.234933 
0 6 0 1 -0.0691458 -0.466289 
0 8 0 1 -0.176634 -0.471554 
0 8 5 1 -0.158839 -0.190298 
0 6 5 1 -0.0569805 -0.193713 
0 2 2.5 1 0.128125 -0.325393 
0 4 2.5 1 0.0354503 -0.326023 
0 4 5 1 0.0389481 -0.196931 
0 2 5 1 0.129451 -0.199966 
0.5 0.5 -0.5 1 0.206727 -0.486956 
0.5 0.5 6 1 0.205611 -0.153979 
10.5 0.5 -0.5 1 0.688765 -0.767 
10.5 0.5 6 1 0.636353 -0.134672 
10.5 10.5 -0.5 1 -0.322014 -0.950422 
10.5 10.5 6 1 -0.250612 -0.0768798 
0.5 10.5 -0.5 1 -0.323933 -0.518932 
0.5 10.5 6 1 -0.2896 -0.129447 
0.5 5.5 9.5 1 -0.0164924 0.0328141 
10.5 5.5 9.5 1 0.253196 0.216644 
0.5 6.5 -0.5 1 -0.0908379 -0.504886 
0.5 8.5 -0.5 1 -0.203444 -0.511672 
0.5 8.5 4.5 1 -0.183598 -0.21749 
0.5 6.5 4.5 1 -0.0771491 -0.220188 
0.5 2.5 2 1 0.115378 -0.355668 
0.5 4.5 2 1 0.0188566 -0.357257 
0.5 4.5 4.5 1 0.0228775 -0.222724 
0.5 2.5 4.5 1 0.117046 -0.225111 
