0.168375 -0.338057 0.146809 0.292804 
-0.238831 -0.146386 -0.275066 0.213064 
0.13993 -0.0510341 0.129842 0.219886 
0.576535 -0.128631 0.590431 0.272191 
0.168375 -0.338057 -0.238831 -0.146386 
-0.238831 -0.146386 0.13993 -0.0510341 
0.13993 -0.0510341 0.576535 -0.128631 
0.576535 -0.128631 0.168375 -0.338057 
0.146809 0.292804 0.42431 0.578975 
0.42431 0.578975 0.590431 0.272191 
-0.275066 0.213064 -0.0541779 0.396747 
-0.0541779 0.396747 0.129842 0.219886 
0.42431 0.578975 -0.0541779 0.396747 
0.146809 0.292804 -0.275066 0.213064 
0.590431 0.272191 0.129842 0.219886 
0.454818 -0.191084 0.520435 -0.157416 
0.520435 -0.157416 0.528773 0.169722 
0.528773 0.169722 0.460008 0.163452 
0.460008 0.163452 0.454818 -0.191084 
0.280427 -0.0735726 0.37734 -0.043638 
0.37734 -0.043638 0.377664 0.155943 
0.377664 0.155943 0.277277 0.146789 
0.277277 0.146789 0.280427 -0.0735726 
