0.327403 -0.584111 0.292945 -0.153905 
-0.367497 -0.746233 -0.343383 -0.158384 
-0.409226 -0.50726 -0.392742 -0.178989 
0.036431 -0.445286 0.0283605 -0.172772 
0.327403 -0.584111 -0.367497 -0.746233 
-0.367497 -0.746233 -0.409226 -0.50726 
-0.409226 -0.50726 0.036431 -0.445286 
0.036431 -0.445286 0.327403 -0.584111 
0.292945 -0.153905 0.12443 -0.00164521 
0.12443 -0.00164521 0.0283605 -0.172772 
-0.343383 -0.158384 -0.365117 0.0305882 
-0.365117 0.0305882 -0.392742 -0.178989 
0.12443 -0.00164521 -0.365117 0.0305882 
0.292945 -0.153905 -0.343383 -0.158384 
0.0283605 -0.172772 -0.392742 -0.178989 
0.122607 -0.486401 0.0760876 -0.464207 
0.0760876 -0.464207 0.0676962 -0.235205 
0.0676962 -0.235205 0.111448 -0.237479 
0.111448 -0.237479 0.122607 -0.486401 
0.23463 -0.389918 0.170328 -0.373087 
0.170328 -0.373087 0.163087 -0.240162 
0.163087 -0.240162 0.224955 -0.243377 
0.224955 -0.243377 0.23463 -0.389918 
