-0.335164 -0.214403 -0.368714 0.0717768 
0.0655382 -0.143839 0.0424867 0.104738 
0.311872 -0.236989 0.281434 0.151178 
-0.306117 -0.38151 -0.363089 0.10686 
-0.335164 -0.214403 0.0655382 -0.143839 
0.0655382 -0.143839 0.311872 -0.236989 
0.311872 -0.236989 -0.306117 -0.38151 
-0.306117 -0.38151 -0.335164 -0.214403 
-0.368714 0.0717768 -0.39016 0.28557 
-0.39016 0.28557 -0.363089 0.10686 
0.0424867 0.104738 0.120826 0.29061 
0.120826 0.29061 0.281434 0.151178 
-0.39016 0.28557 0.120826 0.29061 
-0.368714 0.0717768 0.0424867 0.104738 
-0.363089 0.10686 0.281434 0.151178 
-0.321561 -0.292662 -0.314791 -0.33161 
-0.314791 -0.33161 -0.353017 -0.00441046 
-0.353017 -0.00441046 -0.355638 -0.00131503 
-0.355638 -0.00131503 -0.321561 -0.292662 
-0.345345 -0.117161 -0.342241 -0.131161 
-0.342241 -0.131161 -0.357732 0.0011585 
-0.357732 0.0011585 -0.359444 0.00318045 
-0.359444 0.00318045 -0.345345 -0.117161 
