0.255082 -0.123813 0.255261 0.229256 
-0.0200384 -0.394025 -0.0540483 0.249535 
-0.57503 -0.232585 -0.64198 0.197544 
-0.160615 -0.0764364 -0.181563 0.201136 
0.255082 -0.123813 -0.0200384 -0.394025 
-0.0200384 -0.394025 -0.57503 -0.232585 
-0.57503 -0.232585 -0.160615 -0.0764364 
-0.160615 -0.0764364 0.255082 -0.123813 
0.255261 0.229256 0.00208303 0.395952 
0.00208303 0.395952 -0.181563 0.201136 
-0.0540483 0.249535 -0.447813 0.539903 
-0.447813 0.539903 -0.64198 0.197544 
0.00208303 0.395952 -0.447813 0.539903 
0.255261 0.229256 -0.0540483 0.249535 
-0.181563 0.201136 -0.64198 0.197544 
-0.0172063 -0.0927804 -0.0920538 -0.0842502 
-0.0920538 -0.0842502 -0.105943 0.136106 
-0.105943 0.136106 -0.0285964 0.137745 
-0.0285964 0.137745 -0.0172063 -0.0927804 
0.152938 0.0116604 0.060764 0.0160861 
0.060764 0.0160861 0.0565133 0.139549 
0.0565133 0.139549 0.150616 0.141543 
0.150616 0.141543 0.152938 0.0116604 
