0.279782 -0.422946 0.257008 -0.0688888 
0.436147 -0.678042 0.37044 0.0597677 
-0.626682 -0.627329 -0.562505 0.0165642 
-0.245074 -0.414732 -0.234197 -0.0837638 
0.279782 -0.422946 0.436147 -0.678042 
0.436147 -0.678042 -0.626682 -0.627329 
-0.626682 -0.627329 -0.245074 -0.414732 
-0.245074 -0.414732 0.279782 -0.422946 
0.257008 -0.0688888 0.00096827 0.0902818 
0.00096827 0.0902818 -0.234197 -0.0837638 
0.37044 0.0597677 -0.122077 0.341794 
-0.122077 0.341794 -0.562505 0.0165642 
0.00096827 0.0902818 -0.122077 0.341794 
0.257008 -0.0688888 0.37044 0.0597677 
-0.234197 -0.0837638 -0.562505 0.0165642 
-0.0439319 -0.41788 -0.145889 -0.416284 
-0.145889 -0.416284 -0.1421 -0.154576 
-0.1421 -0.154576 -0.0451031 -0.152617 
-0.0451031 -0.152617 -0.0439319 -0.41788 
0.16265 -0.281343 0.0576285 -0.281629 
0.0576285 -0.281629 0.0545061 -0.150604 
0.0545061 -0.150604 0.156834 -0.148537 
0.156834 -0.148537 0.16265 -0.281343 
