0 0 0 1 0.310865 -0.391705 
0 0 6.5 1 0.364061 0.0696183 
10 0 0 1 -0.32502 -0.272385 
10 0 6.5 1 -0.292635 0.125687 
10 10 0 1 -0.114694 -0.160161 
10 10 6.5 1 -0.0918266 0.0889162 
0 10 0 1 0.281351 -0.21993 
0 10 6.5 1 0.312068 0.0525228 
0 5 10 1 0.35282 0.248435 
10 5 10 1 -0.153992 0.272101 
0 6 0 1 0.289694 -0.268486 
0 8 0 1 0.285151 -0.242046 
0 8 5 1 0.310869 -0.0145889 
0 6 5 1 0.318019 -0.0188461 
0 2 2.5 1 0.319711 -0.186833 
0 4 2.5 1 0.310867 -0.163343 
0 4 5 1 0.32674 -0.0240394 
0 2 5 1 0.337616 -0.0305156 
0.5 0.5 -0.5 1 0.269273 -0.404325 
0.5 0.5 6 1 0.319184 0.036586 
10.5 0.5 -0.5 1 -0.337561 -0.287711 
10.5 0.5 6 1 -0.306646 0.0950746 
10.5 10.5 -0.5 1 -0.127598 -0.172534 
10.5 10.5 6 1 -0.105436 0.0704718 
0.5 10.5 -0.5 1 0.257086 -0.231926 
0.5 10.5 6 1 0.286669 0.0332773 
0.5 5.5 9.5 1 0.319353 0.21765 
10.5 5.5 9.5 1 -0.168995 0.243915 
0.5 6.5 -0.5 1 0.260575 -0.281276 
0.5 8.5 -0.5 1 0.25868 -0.254465 
0.5 8.5 4.5 1 0.283368 -0.0335619 
0.5 6.5 4.5 1 0.287657 -0.0395088 
0.5 2.5 2 1 0.282363 -0.205835 
0.5 4.5 2 1 0.277757 -0.181138 
0.5 4.5 4.5 1 0.292856 -0.0467185 
0.5 2.5 4.5 1 0.299291 -0.0556411 
