-0.284589 -0.603726 -0.208422 0.108784 
-0.288959 -0.297566 -0.251453 0.0487478 
0.194357 -0.307704 0.22153 -0.00583938 
0.58999 -0.549892 0.630675 -0.00307181 
-0.284589 -0.603726 -0.288959 -0.297566 
-0.288959 -0.297566 0.194357 -0.307704 
0.194357 -0.307704 0.58999 -0.549892 
0.58999 -0.549892 -0.284589 -0.603726 
-0.208422 0.108784 0.294361 0.367027 
0.294361 0.367027 0.630675 -0.00307181 
-0.251453 0.0487478 0.0180949 0.190034 
0.0180949 0.190034 0.22153 -0.00583938 
0.294361 0.367027 0.0180949 0.190034 
-0.208422 0.108784 -0.251453 0.0487478 
0.630675 -0.00307181 0.22153 -0.00583938 
0.294812 -0.568062 0.449706 -0.558527 
0.449706 -0.558527 0.485008 -0.115186 
0.485008 -0.115186 0.334619 -0.101868 
0.334619 -0.101868 0.294812 -0.568062 
-0.043046 -0.32802 0.145663 -0.330602 
0.145663 -0.330602 0.168009 -0.0871147 
0.168009 -0.0871147 -0.0175946 -0.0706791 
-0.0175946 -0.0706791 -0.043046 -0.32802 
