0 0 0 1 -0.557988 -0.428033 
0 0 6.5 1 -0.510296 -0.0575728 
10 0 0 1 -0.0893293 -0.37529 
10 0 6.5 1 -0.0766869 -0.101443 
10 10 0 1 0.269262 -0.473008 
10 10 6.5 1 0.26224 -0.0747592 
0 10 0 1 -0.324746 -0.628165 
0 10 6.5 1 -0.270537 0.0138585 
0 5 10 1 -0.395652 0.191484 
10 5 10 1 0.0660205 0.0692656 
0 6 0 1 -0.450563 -0.520208 
0 8 0 1 -0.395925 -0.56709 
0 8 5 1 -0.352918 -0.126578 
0 6 5 1 -0.408504 -0.130587 
0 2 2.5 1 -0.5089 -0.290172 
0 4 2.5 1 -0.472885 -0.302932 
0 4 5 1 -0.453227 -0.133813 
0 2 5 1 -0.489987 -0.136465 
0.5 0.5 -0.5 1 -0.523006 -0.460917 
0.5 0.5 6 1 -0.477236 -0.0852317 
10.5 0.5 -0.5 1 -0.0607225 -0.399001 
10.5 0.5 6 1 -0.0494118 -0.122307 
10.5 10.5 -0.5 1 0.314588 -0.508691 
10.5 10.5 6 1 0.304304 -0.104425 
0.5 10.5 -0.5 1 -0.259241 -0.689445 
0.5 10.5 6 1 -0.211573 -0.031703 
0.5 5.5 9.5 1 -0.354817 0.160731 
10.5 5.5 9.5 1 0.0981763 0.0466276 
0.5 6.5 -0.5 1 -0.401962 -0.56579 
0.5 8.5 -0.5 1 -0.34011 -0.61938 
0.5 8.5 4.5 1 -0.300869 -0.169342 
0.5 6.5 4.5 1 -0.362772 -0.168713 
0.5 2.5 2 1 -0.471239 -0.32385 
0.5 4.5 2 1 -0.431016 -0.340172 
0.5 4.5 4.5 1 -0.412456 -0.168208 
0.5 2.5 4.5 1 -0.453214 -0.167794 
