0.27704 -0.243425 0.243668 0.0790583 
0.562155 -0.471733 0.493376 0.171289 
-0.43396 -0.576881 -0.494845 0.0737726 
-0.220791 -0.294617 -0.252183 0.0297744 
0.27704 -0.243425 0.562155 -0.471733 
0.562155 -0.471733 -0.43396 -0.576881 
-0.43396 -0.576881 -0.220791 -0.294617 
-0.220791 -0.294617 0.27704 -0.243425 
0.243668 0.0790583 -0.0209343 0.227484 
-0.0209343 0.227484 -0.252183 0.0297744 
0.493376 0.171289 -0.0326381 0.466482 
-0.0326381 0.466482 -0.494845 0.0737726 
-0.0209343 0.227484 -0.0326381 0.466482 
0.243668 0.0790583 0.493376 0.171289 
-0.252183 0.0297744 -0.494845 0.0737726 
-0.0210323 -0.274076 -0.120807 -0.284336 
-0.120807 -0.284336 -0.145286 -0.0348498 
-0.145286 -0.0348498 -0.0458178 -0.0248848 
-0.0458178 -0.0248848 -0.0210323 -0.274076 
0.165172 -0.129112 0.0659673 -0.139182 
0.0659673 -0.139182 0.053443 -0.0149405 
0.053443 -0.0149405 0.152497 -0.00501705 
0.152497 -0.00501705 0.165172 -0.129112 
