-0.0828486 -0.410542 -0.0735231 -0.141789 
0.351111 -0.448997 0.337519 -0.143399 
0.378898 -0.638098 0.353152 -0.100416 
-0.33084 -0.538767 -0.296931 -0.105622 
-0.0828486 -0.410542 0.351111 -0.448997 
0.351111 -0.448997 0.378898 -0.638098 
0.378898 -0.638098 -0.33084 -0.538767 
-0.33084 -0.538767 -0.0828486 -0.410542 
-0.0735231 -0.141789 -0.151912 0.0348322 
-0.151912 0.0348322 -0.296931 -0.105622 
0.337519 -0.143399 0.334707 0.0605625 
0.334707 0.0605625 0.353152 -0.100416 
-0.151912 0.0348322 0.334707 0.0605625 
-0.0735231 -0.141789 0.337519 -0.143399 
-0.296931 -0.105622 0.353152 -0.100416 
-0.201961 -0.47213 -0.259261 -0.501757 
-0.259261 -0.501757 -0.239375 -0.200055 
-0.239375 -0.200055 -0.18678 -0.200498 
-0.18678 -0.200498 -0.201961 -0.47213 
-0.111251 -0.312023 -0.149041 -0.321531 
-0.149041 -0.321531 -0.143297 -0.200864 
-0.143297 -0.200864 -0.106746 -0.201171 
-0.106746 -0.201171 -0.111251 -0.312023 
