-0.565466 -0.368991 -0.636662 0.188846 
-0.209283 -0.169018 -0.242206 0.134385 
0.2719 -0.14468 0.243343 0.194038 
0.327164 -0.365513 0.270255 0.324661 
-0.565466 -0.368991 -0.209283 -0.169018 
-0.209283 -0.169018 0.2719 -0.14468 
0.2719 -0.14468 0.327164 -0.365513 
0.327164 -0.365513 -0.565466 -0.368991 
-0.636662 0.188846 -0.268659 0.598009 
-0.268659 0.598009 0.270255 0.324661 
-0.242206 0.134385 -0.029779 0.339231 
-0.029779 0.339231 0.243343 0.194038 
-0.268659 0.598009 -0.029779 0.339231 
-0.636662 0.188846 -0.242206 0.134385 
0.270255 0.324661 0.243343 0.194038 
-0.0748341 -0.36708 0.117362 -0.366331 
0.117362 -0.366331 0.0705477 0.136656 
0.0705477 0.136656 -0.124316 0.114269 
-0.124316 0.114269 -0.0748341 -0.36708 
-0.440881 -0.149252 -0.277037 -0.139683 
-0.277037 -0.139683 -0.303118 0.0937278 
-0.303118 0.0937278 -0.467767 0.0748125 
-0.467767 0.0748125 -0.440881 -0.149252 
