-0.231068 0.0163517 -0.230323 0.285764 
0.162899 0.00436527 0.182145 0.2642 
0.310378 -0.106333 0.3539 0.316939 
-0.330739 -0.0926037 -0.337722 0.356731 
-0.231068 0.0163517 0.162899 0.00436527 
0.162899 0.00436527 0.310378 -0.106333 
0.310378 -0.106333 -0.330739 -0.0926037 
-0.330739 -0.0926037 -0.231068 0.0163517 
-0.230323 0.285764 -0.27089 0.511092 
-0.27089 0.511092 -0.337722 0.356731 
0.182145 0.2642 0.262758 0.473563 
0.262758 0.473563 0.3539 0.316939 
-0.27089 0.511092 0.262758 0.473563 
-0.230323 0.285764 0.182145 0.2642 
-0.337722 0.356731 0.3539 0.316939 
-0.278565 -0.0355698 -0.30166 -0.0608164 
-0.30166 -0.0608164 -0.304697 0.23906 
-0.304697 0.23906 -0.280142 0.233179 
-0.280142 0.233179 -0.278565 -0.0355698 
-0.244156 0.111076 -0.260069 0.104072 
-0.260069 0.104072 -0.260372 0.228445 
-0.260372 0.228445 -0.244111 0.22455 
-0.244111 0.22455 -0.244156 0.111076 
