0 0 0 1 -0.116943 -0.399293 
0 0 6.5 1 -0.0989101 -0.13225 
10 0 0 1 0.309722 -0.447313 
10 0 6.5 1 0.309292 -0.149714 
10 10 0 1 0.354354 -0.646833 
10 10 6.5 1 0.349997 -0.124343 
0 10 0 1 -0.351907 -0.535476 
0 10 6.5 1 -0.306986 -0.100371 
0 5 10 1 -0.165787 0.0440996 
10 5 10 1 0.323619 0.045562 
0 6 0 1 -0.229253 -0.464387 
0 8 0 1 -0.283638 -0.495908 
0 8 5 1 -0.255586 -0.194356 
0 6 5 1 -0.206286 -0.193533 
0 2 2.5 1 -0.139762 -0.302728 
0 4 2.5 1 -0.175123 -0.313294 
0 4 5 1 -0.165727 -0.192856 
0 2 5 1 -0.131773 -0.192289 
0.5 0.5 -0.5 1 -0.10606 -0.427878 
0.5 0.5 6 1 -0.0880151 -0.152229 
10.5 0.5 -0.5 1 0.335528 -0.480716 
10.5 0.5 6 1 0.333815 -0.172405 
10.5 10.5 -0.5 1 0.403582 -0.718765 
10.5 10.5 6 1 0.394785 -0.162443 
0.5 10.5 -0.5 1 -0.345022 -0.589714 
0.5 10.5 6 1 -0.298595 -0.131331 
0.5 5.5 9.5 1 -0.154906 0.0259192 
10.5 5.5 9.5 1 0.354278 0.0250009 
0.5 6.5 -0.5 1 -0.219177 -0.504486 
0.5 8.5 -0.5 1 -0.274676 -0.542072 
0.5 8.5 4.5 1 -0.245943 -0.226089 
0.5 6.5 4.5 1 -0.195832 -0.222038 
0.5 2.5 2 1 -0.128857 -0.330251 
0.5 4.5 2 1 -0.164384 -0.343744 
0.5 4.5 4.5 1 -0.154898 -0.218729 
0.5 2.5 4.5 1 -0.12083 -0.215975 
