0.11833 -0.038893 0.12776 0.228071 
0.542306 -0.143438 0.589309 0.235548 
0.182863 -0.336781 0.213962 0.266594 
-0.24682 -0.11863 -0.261083 0.243023 
0.11833 -0.038893 0.542306 -0.143438 
0.542306 -0.143438 0.182863 -0.336781 
0.182863 -0.336781 -0.24682 -0.11863 
-0.24682 -0.11863 0.11833 -0.038893 
0.12776 0.228071 -0.0351324 0.416299 
-0.0351324 0.416299 -0.261083 0.243023 
0.589309 0.235548 0.476215 0.537823 
0.476215 0.537823 0.213962 0.266594 
-0.0351324 0.416299 0.476215 0.537823 
0.12776 0.228071 0.589309 0.235548 
-0.261083 0.243023 0.213962 0.266594 
-0.0738008 -0.0808479 -0.154639 -0.0985003 
-0.154639 -0.0985003 -0.159838 0.15717 
-0.159838 0.15717 -0.074691 0.159187 
-0.074691 0.159187 -0.0738008 -0.0808479 
0.0637952 0.0533134 -0.00112962 0.0453066 
-0.00112962 0.0453066 0.000129718 0.160959 
0.000129718 0.160959 0.0663955 0.162528 
0.0663955 0.162528 0.0637952 0.0533134 
