0 0 0 1 -0.606191 -0.227366 
0 0 6.5 1 -0.564437 0.169981 
10 0 0 1 -0.149732 -0.182608 
10 0 6.5 1 -0.122471 0.0863967 
10 10 0 1 0.233518 -0.288218 
10 10 6.5 1 0.269267 0.0762885 
0 10 0 1 -0.21232 -0.443652 
0 10 6.5 1 -0.146439 0.204554 
0 5 10 1 -0.37805 0.446763 
10 5 10 1 0.0605491 0.24813 
0 6 0 1 -0.417544 -0.330958 
0 8 0 1 -0.326444 -0.380983 
0 8 5 1 -0.280956 0.0622225 
0 6 5 1 -0.376329 0.067525 
0 2 2.5 1 -0.536496 -0.0900886 
0 4 2.5 1 -0.473085 -0.108849 
0 4 5 1 -0.454277 0.0718587 
0 2 5 1 -0.519175 0.0754669 
0.5 0.5 -0.5 1 -0.563792 -0.261206 
0.5 0.5 6 1 -0.522355 0.134559 
10.5 0.5 -0.5 1 -0.122329 -0.205663 
10.5 0.5 6 1 -0.0952086 0.0626154 
10.5 10.5 -0.5 1 0.269105 -0.319009 
10.5 10.5 6 1 0.304607 0.044165 
0.5 10.5 -0.5 1 -0.146059 -0.497219 
0.5 10.5 6 1 -0.0809866 0.146786 
0.5 5.5 9.5 1 -0.327053 0.401556 
10.5 5.5 9.5 1 0.0912459 0.220287 
0.5 6.5 -0.5 1 -0.363435 -0.374405 
0.5 8.5 -0.5 1 -0.266865 -0.428966 
0.5 8.5 4.5 1 -0.221874 0.0116857 
0.5 6.5 4.5 1 -0.322625 0.0220114 
0.5 2.5 2 1 -0.49094 -0.127341 
0.5 4.5 2 1 -0.423702 -0.149397 
0.5 4.5 4.5 1 -0.405062 0.0304601 
0.5 2.5 4.5 1 -0.473761 0.0375009 
