0 0 0 1 0.252159 -0.103759 
0 0 6.5 1 0.260296 0.252862 
10 0 0 1 -0.0554378 -0.353779 
10 0 6.5 1 -0.0814576 0.289209 
10 10 0 1 -0.574993 -0.184792 
10 10 6.5 1 -0.636187 0.239386 
0 10 0 1 -0.155509 -0.0477939 
0 10 6.5 1 -0.171524 0.229555 
0 5 10 1 0.0120351 0.424215 
10 5 10 1 -0.453703 0.581068 
0 6 0 1 -0.0159146 -0.0669577 
0 8 0 1 -0.0889076 -0.0569371 
0 8 5 1 -0.0987579 0.16342 
0 6 5 1 -0.0229257 0.163998 
0 2 2.5 1 0.153705 0.0344157 
0 4 2.5 1 0.0627184 0.0404762 
0 4 5 1 0.0609179 0.164637 
0 2 5 1 0.154113 0.165347 
0.5 0.5 -0.5 1 0.216786 -0.132857 
0.5 0.5 6 1 0.222428 0.222828 
10.5 0.5 -0.5 1 -0.12058 -0.407348 
10.5 0.5 6 1 -0.155591 0.232277 
10.5 10.5 -0.5 1 -0.620134 -0.219796 
10.5 10.5 6 1 -0.685455 0.203001 
0.5 10.5 -0.5 1 -0.184068 -0.0703769 
0.5 10.5 6 1 -0.201686 0.206415 
0.5 5.5 9.5 1 -0.0227244 0.397702 
10.5 5.5 9.5 1 -0.516655 0.535611 
0.5 6.5 -0.5 1 -0.0468655 -0.0917622 
0.5 8.5 -0.5 1 -0.118615 -0.0805788 
0.5 8.5 4.5 1 -0.129786 0.139307 
0.5 6.5 4.5 1 -0.0553124 0.138673 
0.5 2.5 2 1 0.119099 0.00658234 
0.5 4.5 2 1 0.0296533 0.0140991 
0.5 4.5 4.5 1 0.0270507 0.137972 
0.5 2.5 4.5 1 0.118628 0.137192 
