0.29233 -0.289653 0.254744 0.0593981 
0.232149 -0.593005 0.157672 0.118834 
-0.590903 -0.519201 -0.631648 0.00493013 
-0.182981 -0.293642 -0.21026 0.00327349 
0.29233 -0.289653 0.232149 -0.593005 
0.232149 -0.593005 -0.590903 -0.519201 
-0.590903 -0.519201 -0.182981 -0.293642 
-0.182981 -0.293642 0.29233 -0.289653 
0.254744 0.0593981 -0.0133869 0.199033 
-0.0133869 0.199033 -0.21026 0.00327349 
0.157672 0.118834 -0.324555 0.368544 
-0.324555 0.368544 -0.631648 0.00493013 
-0.0133869 0.199033 -0.324555 0.368544 
0.254744 0.0593981 0.157672 0.118834 
-0.21026 0.00327349 -0.631648 0.00493013 
-0.0111846 -0.2922 -0.099757 -0.292944 
-0.099757 -0.292944 -0.122091 -0.0569604 
-0.122091 -0.0569604 -0.0349468 -0.0487014 
-0.0349468 -0.0487014 -0.0111846 -0.2922 
0.170617 -0.159964 0.070549 -0.165126 
0.070549 -0.165126 0.0579352 -0.0398986 
0.0579352 -0.0398986 0.157141 -0.0304965 
0.157141 -0.0304965 0.170617 -0.159964 
