-0.59971 -0.280515 -0.546339 0.103774 
-0.137316 -0.246276 -0.110364 0.0223082 
0.237563 -0.347901 0.263045 0.0257358 
-0.262144 -0.480851 -0.192235 0.16221 
-0.59971 -0.280515 -0.137316 -0.246276 
-0.137316 -0.246276 0.237563 -0.347901 
0.237563 -0.347901 -0.262144 -0.480851 
-0.262144 -0.480851 -0.59971 -0.280515 
-0.546339 0.103774 -0.381463 0.369244 
-0.381463 0.369244 -0.192235 0.16221 
-0.110364 0.0223082 0.0606061 0.185334 
0.0606061 0.185334 0.263045 0.0257358 
-0.381463 0.369244 0.0606061 0.185334 
-0.546339 0.103774 -0.110364 0.0223082 
-0.192235 0.16221 0.263045 0.0257358 
-0.440576 -0.374957 -0.362067 -0.42155 
-0.362067 -0.42155 -0.310265 0.0191761 
-0.310265 0.0191761 -0.391569 0.0185642 
-0.391569 0.0185642 -0.440576 -0.374957 
-0.533863 -0.142162 -0.480397 -0.156979 
-0.480397 -0.156979 -0.457604 0.0180672 
-0.457604 0.0180672 -0.5123 0.0176556 
-0.5123 0.0176556 -0.533863 -0.142162 
