-0.341927 -0.253458 -0.374145 0.0360991 
0.0613564 -0.177811 0.0370928 0.0711122 
0.316063 -0.273169 0.281473 0.114493 
-0.302402 -0.429499 -0.357263 0.0665759 
-0.341927 -0.253458 0.0613564 -0.177811 
0.0613564 -0.177811 0.316063 -0.273169 
0.316063 -0.273169 -0.302402 -0.429499 
-0.302402 -0.429499 -0.341927 -0.253458 
-0.374145 0.0360991 -0.390222 0.247943 
-0.390222 0.247943 -0.357263 0.0665759 
0.0370928 0.0711122 0.116838 0.253857 
0.116838 0.253857 0.281473 0.114493 
-0.390222 0.247943 0.116838 0.253857 
-0.374145 0.0360991 0.0370928 0.0711122 
-0.357263 0.0665759 0.281473 0.114493 
-0.323466 -0.335682 -0.314246 -0.376747 
-0.314246 -0.376747 -0.351122 -0.043913 
-0.351122 -0.043913 -0.356308 -0.0396748 
-0.356308 -0.0396748 -0.323466 -0.335682 
-0.350308 -0.155201 -0.345583 -0.170143 
-0.345583 -0.170143 -0.360451 -0.0362896 
-0.360451 -0.0362896 -0.363836 -0.0335232 
-0.363836 -0.0335232 -0.350308 -0.155201 
