0.2023 -0.416422 0.207778 -0.103915 
0.657866 -0.630149 0.627885 -0.0686475 
-0.219227 -0.749182 -0.157242 0.0202368 
-0.2947 -0.433105 -0.259168 -0.0654184 
0.2023 -0.416422 0.657866 -0.630149 
0.657866 -0.630149 -0.219227 -0.749182 
-0.219227 -0.749182 -0.2947 -0.433105 
-0.2947 -0.433105 0.2023 -0.416422 
0.207778 -0.103915 0.00193558 0.0810643 
0.00193558 0.0810643 -0.259168 -0.0654184 
0.627885 -0.0686475 0.294118 0.268027 
0.294118 0.268027 -0.157242 0.0202368 
0.00193558 0.0810643 0.294118 0.268027 
0.207778 -0.103915 0.627885 -0.0686475 
-0.259168 -0.0654184 -0.157242 0.0202368 
-0.0754327 -0.425745 -0.18117 -0.429295 
-0.18117 -0.429295 -0.159413 -0.152492 
-0.159413 -0.152492 -0.058901 -0.158188 
-0.058901 -0.158188 -0.0754327 -0.425745 
0.11968 -0.291367 0.029378 -0.290246 
0.029378 -0.290246 0.0352164 -0.163521 
0.0352164 -0.163521 0.123531 -0.168526 
0.123531 -0.168526 0.11968 -0.291367 
