-0.524186 -0.731367 -0.500871 -0.0322092 
-0.237473 -0.44129 -0.241211 -0.0997838 
0.289543 -0.416365 0.256693 -0.0727017 
0.573606 -0.685792 0.477724 0.0226887 
-0.524186 -0.731367 -0.237473 -0.44129 
-0.237473 -0.44129 0.289543 -0.416365 
0.289543 -0.416365 0.573606 -0.685792 
0.573606 -0.685792 -0.524186 -0.731367 
-0.500871 -0.0322092 -0.0324164 0.314471 
-0.0324164 0.314471 0.477724 0.0226887 
-0.241211 -0.0997838 -0.00250729 0.0830269 
-0.00250729 0.0830269 0.256693 -0.0727017 
-0.0324164 0.314471 -0.00250729 0.0830269 
-0.500871 -0.0322092 -0.241211 -0.0997838 
0.477724 0.0226887 0.256693 -0.0727017 
0.1285 -0.70427 0.350037 -0.695073 
0.350037 -0.695073 0.293845 -0.137564 
0.293845 -0.137564 0.0914404 -0.148295 
0.0914404 -0.148295 0.1285 -0.70427 
-0.308468 -0.433743 -0.100565 -0.423863 
-0.100565 -0.423863 -0.109288 -0.158937 
-0.109288 -0.158937 -0.308361 -0.169492 
-0.308361 -0.169492 -0.308468 -0.433743 
