0.180865 -0.328986 0.198465 -0.0315555 
0.627161 -0.510772 0.632008 0.0016104 
-0.146442 -0.599227 -0.0789377 0.128842 
-0.29236 -0.332929 -0.252267 0.0261944 
0.180865 -0.328986 0.627161 -0.510772 
0.627161 -0.510772 -0.146442 -0.599227 
-0.146442 -0.599227 -0.29236 -0.332929 
-0.29236 -0.332929 0.180865 -0.328986 
0.198465 -0.0315555 0.00795388 0.160271 
0.00795388 0.160271 -0.252267 0.0261944 
0.632008 0.0016104 0.349487 0.346952 
0.349487 0.346952 -0.0789377 0.128842 
0.00795388 0.160271 0.349487 0.346952 
0.198465 -0.0315555 0.632008 0.0016104 
-0.252267 0.0261944 -0.0789377 0.128842 
-0.0805395 -0.331164 -0.182074 -0.332011 
-0.182074 -0.332011 -0.155469 -0.0644027 
-0.155469 -0.0644027 -0.0578579 -0.0738952 
-0.0578579 -0.0738952 -0.0805395 -0.331164 
0.10838 -0.208647 0.0230109 -0.204807 
0.0230109 -0.204807 0.0325079 -0.0826831 
0.0325079 -0.0826831 0.116406 -0.0908421 
0.116406 -0.0908421 0.10838 -0.208647 
