0.13713 -0.297738 0.125316 0.347217 
-0.242793 -0.104368 -0.274858 0.257359 
0.146164 -0.0217975 0.141834 0.253589 
0.581159 -0.106375 0.608178 0.307164 
0.13713 -0.297738 -0.242793 -0.104368 
-0.242793 -0.104368 0.146164 -0.0217975 
0.146164 -0.0217975 0.581159 -0.106375 
0.581159 -0.106375 0.13713 -0.297738 
0.125316 0.347217 0.434117 0.635852 
0.434117 0.635852 0.608178 0.307164 
-0.274858 0.257359 -0.0453524 0.439072 
-0.0453524 0.439072 0.141834 0.253589 
0.434117 0.635852 -0.0453524 0.439072 
0.125316 0.347217 -0.274858 0.257359 
0.608178 0.307164 0.141834 0.253589 
0.447546 -0.163958 0.519448 -0.132971 
0.519448 -0.132971 0.537626 0.203226 
0.537626 0.203226 0.462386 0.199778 
0.462386 0.199778 0.447546 -0.163958 
0.26225 -0.0355414 0.367461 -0.00962573 
0.367461 -0.00962573 0.372581 0.195663 
0.372581 0.195663 0.263529 0.190666 
0.263529 0.190666 0.26225 -0.0355414 
