-0.475324 -0.502059 -0.459452 -0.149088 
-0.0197637 -0.416866 -0.0287858 -0.144049 
0.315239 -0.522529 0.278501 -0.11118 
-0.3237 -0.730031 -0.312164 -0.104353 
-0.475324 -0.502059 -0.0197637 -0.416866 
-0.0197637 -0.416866 0.315239 -0.522529 
0.315239 -0.522529 -0.3237 -0.730031 
-0.3237 -0.730031 -0.475324 -0.502059 
-0.459452 -0.149088 -0.397431 0.0832283 
-0.397431 0.0832283 -0.312164 -0.104353 
-0.0287858 -0.144049 0.0860765 0.0310025 
0.0860765 0.0310025 0.278501 -0.11118 
-0.397431 0.0832283 0.0860765 0.0310025 
-0.459452 -0.149088 -0.0287858 -0.144049 
-0.312164 -0.104353 0.278501 -0.11118 
-0.406133 -0.60609 -0.370522 -0.659632 
-0.370522 -0.659632 -0.359278 -0.233959 
-0.359278 -0.233959 -0.393919 -0.231542 
-0.393919 -0.231542 -0.406133 -0.60609 
-0.450269 -0.375072 -0.427667 -0.391959 
-0.427667 -0.391959 -0.42157 -0.229612 
-0.42157 -0.229612 -0.444153 -0.228036 
-0.444153 -0.228036 -0.450269 -0.375072 
