0 0 0 1 -0.341927 -0.253458 
0 0 6.5 1 -0.374145 0.0360991 
10 0 0 1 0.0613564 -0.177811 
10 0 6.5 1 0.0370928 0.0711122 
10 10 0 1 0.316063 -0.273169 
10 10 6.5 1 0.281473 0.114493 
0 10 0 1 -0.302402 -0.429499 
0 10 6.5 1 -0.357263 0.0665759 
0 5 10 1 -0.390222 0.247943 
10 5 10 1 0.116838 0.253857 
0 6 0 1 -0.323466 -0.335682 
0 8 0 1 -0.314246 -0.376747 
0 8 5 1 -0.351122 -0.043913 
0 6 5 1 -0.356308 -0.0396748 
0 2 2.5 1 -0.350308 -0.155201 
0 4 2.5 1 -0.345583 -0.170143 
0 4 5 1 -0.360451 -0.0362896 
0 2 5 1 -0.363836 -0.0335232 
0.5 0.5 -0.5 1 -0.314511 -0.276528 
0.5 0.5 6 1 -0.346848 0.0162985 
10.5 0.5 -0.5 1 0.0889915 -0.196812 
10.5 0.5 6 1 0.0647099 0.0545244 
10.5 10.5 -0.5 1 0.363368 -0.304415 
10.5 10.5 6 1 0.328842 0.0891301 
0.5 10.5 -0.5 1 -0.254261 -0.472955 
0.5 10.5 6 1 -0.30945 0.0327905 
0.5 5.5 9.5 1 -0.355576 0.225901 
10.5 5.5 9.5 1 0.151794 0.235792 
0.5 6.5 -0.5 1 -0.286498 -0.367856 
0.5 8.5 -0.5 1 -0.272424 -0.413741 
0.5 8.5 4.5 1 -0.309494 -0.0752631 
0.5 6.5 4.5 1 -0.319496 -0.0673925 
0.5 2.5 2 1 -0.32036 -0.179205 
0.5 4.5 2 1 -0.312524 -0.196803 
0.5 4.5 4.5 1 -0.327457 -0.0611287 
0.5 2.5 4.5 1 -0.333943 -0.0560252 
