0 0 0 1 0.344066 -0.384777 
0 0 6.5 1 0.29638 0.0230588 
10 0 0 1 -0.321266 -0.516073 
10 0 6.5 1 -0.347705 -0.0115807 
10 10 0 1 -0.314399 -0.349954 
10 10 6.5 1 -0.330079 -0.0590745 
0 10 0 1 0.100008 -0.287588 
0 10 6.5 1 0.0758551 -0.031677 
0 5 10 1 0.144714 0.151104 
10 5 10 1 -0.346625 0.146562 
0 6 0 1 0.171715 -0.316143 
0 8 0 1 0.132947 -0.300705 
0 8 5 1 0.112091 -0.0866832 
0 6 5 1 0.148182 -0.083261 
0 2 2.5 1 0.258423 -0.213675 
0 4 2.5 1 0.204392 -0.205293 
0 4 5 1 0.191109 -0.0791907 
0 2 5 1 0.243016 -0.074269 
0.5 0.5 -0.5 1 0.302081 -0.414445 
0.5 0.5 6 1 0.256801 -0.0122289 
10.5 0.5 -0.5 1 -0.35873 -0.54972 
10.5 0.5 6 1 -0.38288 -0.0538315 
10.5 10.5 -0.5 1 -0.336178 -0.371475 
10.5 10.5 6 1 -0.351069 -0.0834676 
0.5 10.5 -0.5 1 0.0762789 -0.307277 
0.5 10.5 6 1 0.0529628 -0.0535864 
0.5 5.5 9.5 1 0.11632 0.122444 
10.5 5.5 9.5 1 -0.372286 0.113432 
0.5 6.5 -0.5 1 0.142927 -0.338909 
0.5 8.5 -0.5 1 0.106925 -0.321822 
0.5 8.5 4.5 1 0.0868409 -0.109821 
0.5 6.5 4.5 1 0.120327 -0.108418 
0.5 2.5 2 1 0.222695 -0.242444 
0.5 4.5 2 1 0.172786 -0.231457 
0.5 4.5 4.5 1 0.160068 -0.106753 
0.5 2.5 4.5 1 0.207998 -0.104744 
