0 0 0 1 -0.603821 -0.251064 
0 0 6.5 1 -0.555062 0.139262 
10 0 0 1 -0.144182 -0.213368 
10 0 6.5 1 -0.116455 0.0551027 
10 10 0 1 0.234756 -0.317252 
10 10 6.5 1 0.266041 0.0515303 
0 10 0 1 -0.238464 -0.458954 
0 10 6.5 1 -0.169684 0.186751 
0 5 10 1 -0.379159 0.410082 
10 5 10 1 0.0607651 0.217143 
0 6 0 1 -0.430287 -0.349806 
0 8 0 1 -0.345531 -0.398033 
0 8 5 1 -0.296086 0.0439337 
0 6 5 1 -0.384312 0.0460712 
0 2 2.5 1 -0.535733 -0.11324 
0 4 2.5 1 -0.477425 -0.1299 
0 4 5 1 -0.45617 0.0478121 
0 2 5 1 -0.515829 0.0492575 
0.5 0.5 -0.5 1 -0.563145 -0.285116 
0.5 0.5 6 1 -0.515219 0.105193 
10.5 0.5 -0.5 1 -0.116835 -0.236751 
10.5 0.5 6 1 -0.0894885 0.0317115 
10.5 10.5 -0.5 1 0.271695 -0.349186 
10.5 10.5 6 1 0.302288 0.0195761 
0.5 10.5 -0.5 1 -0.172117 -0.514771 
0.5 10.5 6 1 -0.105532 0.130872 
0.5 5.5 9.5 1 -0.330661 0.367754 
10.5 5.5 9.5 1 0.0914283 0.190131 
0.5 6.5 -0.5 1 -0.377309 -0.394259 
0.5 8.5 -0.5 1 -0.286616 -0.447524 
0.5 8.5 4.5 1 -0.238516 -0.00559949 
0.5 6.5 4.5 1 -0.332423 0.00158663 
0.5 2.5 2 1 -0.492025 -0.150185 
0.5 4.5 2 1 -0.429753 -0.170261 
0.5 4.5 4.5 1 -0.408943 0.00744226 
0.5 2.5 4.5 1 -0.472496 0.0123056 
