0 0 0 1 -0.287662 0.00468248 
0 0 6.5 1 -0.312299 0.28454 
10 0 0 1 0.109171 0.0316843 
10 0 6.5 1 0.106017 0.28988 
10 10 0 1 0.302651 -0.0569652 
10 10 6.5 1 0.312974 0.35675 
0 10 0 1 -0.330969 -0.114485 
0 10 6.5 1 -0.377517 0.357863 
0 5 10 1 -0.355489 0.521115 
10 5 10 1 0.185095 0.503058 
0 6 0 1 -0.308182 -0.0517828 
0 8 0 1 -0.318237 -0.0794503 
0 8 5 1 -0.348152 0.234106 
0 6 5 1 -0.334238 0.22852 
0 2 2.5 1 -0.303425 0.102255 
0 4 2.5 1 -0.311296 0.094322 
0 4 5 1 -0.3231 0.224048 
0 2 5 1 -0.313983 0.220387 
0.5 0.5 -0.5 1 -0.265372 -0.0181356 
0.5 0.5 6 1 -0.289115 0.26402 
10.5 0.5 -0.5 1 0.134072 0.0109702 
10.5 0.5 6 1 0.132117 0.271127 
10.5 10.5 -0.5 1 0.345729 -0.0915289 
10.5 10.5 6 1 0.359757 0.327233 
0.5 10.5 -0.5 1 -0.294414 -0.155194 
0.5 10.5 6 1 -0.338538 0.323708 
0.5 5.5 9.5 1 -0.32561 0.497975 
10.5 5.5 9.5 1 0.219826 0.482121 
0.5 6.5 -0.5 1 -0.279075 -0.0828049 
0.5 8.5 -0.5 1 -0.285827 -0.114672 
0.5 8.5 4.5 1 -0.314296 0.202597 
0.5 6.5 4.5 1 -0.303964 0.200467 
0.5 2.5 2 1 -0.278851 0.0781827 
0.5 4.5 2 1 -0.284409 0.0677552 
0.5 4.5 4.5 1 -0.295725 0.198769 
0.5 2.5 4.5 1 -0.289002 0.197383 
