0.36469 -0.57583 0.335599 -0.00339421 
-0.302018 -0.456327 -0.273366 -0.0484045 
-0.00276479 -0.368717 0.00140468 -0.102361 
0.442785 -0.415495 0.420907 -0.0876961 
0.36469 -0.57583 -0.302018 -0.456327 
-0.302018 -0.456327 -0.00276479 -0.368717 
-0.00276479 -0.368717 0.442785 -0.415495 
0.442785 -0.415495 0.36469 -0.57583 
0.335599 -0.00339421 0.377135 0.142761 
0.377135 0.142761 0.420907 -0.0876961 
-0.273366 -0.0484045 -0.102305 0.0772641 
-0.102305 0.0772641 0.00140468 -0.102361 
0.377135 0.142761 -0.102305 0.0772641 
0.335599 -0.00339421 -0.273366 -0.0484045 
0.420907 -0.0876961 0.00140468 -0.102361 
0.421469 -0.459259 0.433147 -0.435282 
0.433147 -0.435282 0.415026 -0.155318 
0.415026 -0.155318 0.402199 -0.149976 
0.402199 -0.149976 0.421469 -0.459259 
0.377421 -0.323737 0.396442 -0.31057 
0.396442 -0.31057 0.386526 -0.143449 
0.386526 -0.143449 0.366941 -0.135293 
0.366941 -0.135293 0.377421 -0.323737 
