0 0 0 1 0.249768 -0.0784281 
0 0 6.5 1 0.279568 0.287877 
10 0 0 1 -0.149056 -0.257103 
10 0 6.5 1 -0.146566 0.388479 
10 10 0 1 -0.567544 -0.0795017 
10 10 6.5 1 -0.599236 0.328091 
0 10 0 1 -0.134006 -0.00139455 
0 10 6.5 1 -0.132203 0.273839 
0 5 10 1 0.0500844 0.465377 
10 5 10 1 -0.442368 0.663105 
0 6 0 1 -0.00570718 -0.0271476 
0 8 0 1 -0.0731863 -0.0136028 
0 8 5 1 -0.0691698 0.206366 
0 6 5 1 0.00155534 0.204796 
0 2 2.5 1 0.162074 0.0677034 
0 4 2.5 1 0.0750937 0.0775467 
0 4 5 1 0.0808607 0.203035 
0 2 5 1 0.170408 0.201047 
0.5 0.5 -0.5 1 0.210649 -0.104769 
0.5 0.5 6 1 0.237648 0.259509 
10.5 0.5 -0.5 1 -0.216479 -0.302561 
10.5 0.5 6 1 -0.222763 0.336623 
10.5 10.5 -0.5 1 -0.61041 -0.108597 
10.5 10.5 6 1 -0.645486 0.296502 
0.5 10.5 -0.5 1 -0.163367 -0.0212609 
0.5 10.5 6 1 -0.163113 0.25284 
0.5 5.5 9.5 1 0.0132979 0.440362 
10.5 5.5 9.5 1 -0.503147 0.621457 
0.5 6.5 -0.5 1 -0.0383222 -0.04918 
0.5 8.5 -0.5 1 -0.104089 -0.0344962 
0.5 8.5 4.5 1 -0.10138 0.18452 
0.5 6.5 4.5 1 -0.0325196 0.181701 
0.5 2.5 2 1 0.124487 0.0423194 
0.5 4.5 2 1 0.0397637 0.0536629 
0.5 4.5 4.5 1 0.0446915 0.178541 
0.5 2.5 4.5 1 0.131871 0.174972 
