0 0 0 1 0.297819 -0.34596 
0 0 6.5 1 0.25849 0.00618248 
10 0 0 1 0.31917 -0.621569 
10 0 6.5 1 0.238111 0.111086 
10 10 0 1 -0.60866 -0.575716 
10 10 6.5 1 -0.61295 -0.00286124 
0 10 0 1 -0.200057 -0.355235 
0 10 6.5 1 -0.216985 -0.0446692 
0 5 10 1 -0.0078964 0.146726 
10 5 10 1 -0.25469 0.356717 
0 6 0 1 -0.0164168 -0.351814 
0 8 0 1 -0.11056 -0.353567 
0 8 5 1 -0.126544 -0.106817 
0 6 5 1 -0.0355334 -0.0988938 
0 2 2.5 1 0.173956 -0.212838 
0 4 2.5 1 0.0712943 -0.218305 
0 4 5 1 0.0601842 -0.090561 
0 2 5 1 0.160984 -0.0817857 
0.5 0.5 -0.5 1 0.272512 -0.382069 
0.5 0.5 6 1 0.233361 -0.0206754 
10.5 0.5 -0.5 1 0.265517 -0.713334 
10.5 0.5 6 1 0.185343 0.0604468 
10.5 10.5 -0.5 1 -0.684737 -0.643957 
10.5 10.5 6 1 -0.684135 -0.0463067 
0.5 10.5 -0.5 1 -0.232182 -0.386985 
0.5 10.5 6 1 -0.248272 -0.0692536 
0.5 5.5 9.5 1 -0.0363033 0.124953 
10.5 5.5 9.5 1 -0.317951 0.323499 
0.5 6.5 -0.5 1 -0.0463601 -0.385175 
0.5 8.5 -0.5 1 -0.141671 -0.386103 
0.5 8.5 4.5 1 -0.157077 -0.133475 
0.5 6.5 4.5 1 -0.064983 -0.126075 
0.5 2.5 2 1 0.147024 -0.244453 
0.5 4.5 2 1 0.0428869 -0.249189 
0.5 4.5 4.5 1 0.0319741 -0.118284 
0.5 2.5 4.5 1 0.13419 -0.110071 
