0 0 0 1 0.244369 -0.432751 
0 0 6.5 1 0.266371 -0.0428292 
10 0 0 1 -0.367866 -0.546764 
10 0 6.5 1 -0.297865 0.04934 
10 10 0 1 -0.525906 -0.331478 
10 10 6.5 1 -0.479248 0.0108443 
0 10 0 1 -0.0760883 -0.30577 
0 10 6.5 1 -0.0523908 -0.0431592 
0 5 10 1 0.0891958 0.117735 
10 5 10 1 -0.383892 0.243629 
0 6 0 1 0.0232086 -0.345116 
0 8 0 1 -0.0299087 -0.324068 
0 8 5 1 -0.0113472 -0.106494 
0 6 5 1 0.0418531 -0.111085 
0 2 2.5 1 0.166774 -0.258533 
0 4 2.5 1 0.0943341 -0.241328 
0 4 5 1 0.103471 -0.116403 
0 2 5 1 0.175675 -0.122634 
0.5 0.5 -0.5 1 0.199143 -0.458163 
0.5 0.5 6 1 0.222863 -0.0685214 
10.5 0.5 -0.5 1 -0.434319 -0.585321 
10.5 0.5 6 1 -0.360697 0.0101199 
10.5 10.5 -0.5 1 -0.563518 -0.354232 
10.5 10.5 6 1 -0.515675 -0.0121123 
0.5 10.5 -0.5 1 -0.105839 -0.323197 
0.5 10.5 6 1 -0.0813902 -0.0607072 
0.5 5.5 9.5 1 0.0549485 0.0968132 
10.5 5.5 9.5 1 -0.42904 0.214555 
0.5 6.5 -0.5 1 -0.0112639 -0.36505 
0.5 8.5 -0.5 1 -0.0618471 -0.342665 
0.5 8.5 4.5 1 -0.0426164 -0.125202 
0.5 6.5 4.5 1 0.00815921 -0.131149 
0.5 2.5 2 1 0.126361 -0.281914 
0.5 4.5 2 1 0.0573564 -0.262889 
0.5 4.5 4.5 1 0.066946 -0.138035 
0.5 2.5 4.5 1 0.135802 -0.1461 
