0 0 0 1 -0.600871 -0.192064 
0 0 6.5 1 -0.615038 0.242437 
10 0 0 1 -0.169488 -0.0809722 
10 0 6.5 1 -0.159312 0.196443 
10 10 0 1 0.239776 -0.173322 
10 10 6.5 1 0.276029 0.177328 
0 10 0 1 -0.0641427 -0.415107 
0 10 6.5 1 -0.027675 0.230736 
0 5 10 1 -0.383229 0.556132 
10 5 10 1 0.0432343 0.36796 
0 6 0 1 -0.331523 -0.303994 
0 8 0 1 -0.209744 -0.354601 
0 8 5 1 -0.195732 0.0881479 
0 6 5 1 -0.326929 0.103503 
0 2 2.5 1 -0.527164 -0.0532751 
0 4 2.5 1 -0.435938 -0.077989 
0 4 5 1 -0.437057 0.116393 
0 2 5 1 -0.530813 0.127366 
0.5 0.5 -0.5 1 -0.549132 -0.221652 
0.5 0.5 6 1 -0.559473 0.203301 
10.5 0.5 -0.5 1 -0.140533 -0.101266 
10.5 0.5 6 1 -0.129203 0.172239 
10.5 10.5 -0.5 1 0.270978 -0.197757 
10.5 10.5 6 1 0.30847 0.14664 
0.5 10.5 -0.5 1 -0.000505529 -0.453501 
0.5 10.5 6 1 0.0417323 0.171249 
0.5 5.5 9.5 1 -0.317955 0.499735 
10.5 5.5 9.5 1 0.0754015 0.337903 
0.5 6.5 -0.5 1 -0.272735 -0.338457 
0.5 8.5 -0.5 1 -0.148483 -0.390965 
0.5 8.5 4.5 1 -0.130386 0.0388313 
0.5 6.5 4.5 1 -0.264367 0.058073 
0.5 2.5 2 1 -0.471644 -0.0882336 
0.5 4.5 2 1 -0.377917 -0.115147 
0.5 4.5 4.5 1 -0.377254 0.0742853 
0.5 2.5 4.5 1 -0.473665 0.0881314 
