0.310741 -0.353814 0.365465 0.0968006 
-0.320834 -0.247226 -0.295876 0.151217 
-0.12292 -0.128704 -0.103035 0.12038 
0.269908 -0.182641 0.301018 0.085886 
0.310741 -0.353814 -0.320834 -0.247226 
-0.320834 -0.247226 -0.12292 -0.128704 
-0.12292 -0.128704 0.269908 -0.182641 
0.269908 -0.182641 0.310741 -0.353814 
0.365465 0.0968006 0.347242 0.279826 
0.347242 0.279826 0.301018 0.085886 
-0.295876 0.151217 -0.164109 0.304384 
-0.164109 0.304384 -0.103035 0.12038 
0.347242 0.279826 -0.164109 0.304384 
0.365465 0.0968006 -0.295876 0.151217 
0.301018 0.085886 -0.103035 0.12038 
0.281526 -0.231343 0.275207 -0.204855 
0.275207 -0.204855 0.301243 0.0184973 
0.301243 0.0184973 0.310264 0.0133916 
0.310264 0.0133916 0.281526 -0.231343 
0.31656 -0.153988 0.305026 -0.129803 
0.305026 -0.129803 0.321254 0.00717169 
0.321254 0.00717169 0.334936 -0.000571866 
0.334936 -0.000571866 0.31656 -0.153988 
