0 0 0 1 0.311866 -0.415129 
0 0 6.5 1 0.362828 0.0543878 
10 0 0 1 -0.327548 -0.28897 
10 0 6.5 1 -0.290922 0.109389 
10 10 0 1 -0.109124 -0.181354 
10 10 6.5 1 -0.0848648 0.0681571 
0 10 0 1 0.289661 -0.244076 
0 10 6.5 1 0.319298 0.0316057 
0 5 10 1 0.355814 0.22962 
10 5 10 1 -0.148172 0.251216 
0 6 0 1 0.29591 -0.292216 
0 8 0 1 0.292504 -0.265981 
0 8 5 1 0.317341 -0.03524 
0 6 5 1 0.323238 -0.0386988 
0 2 2.5 1 0.322263 -0.206763 
0 4 2.5 1 0.315196 -0.184064 
0 4 5 1 0.330438 -0.0429214 
0 2 5 1 0.339425 -0.0481923 
0.5 0.5 -0.5 1 0.270243 -0.428226 
0.5 0.5 6 1 0.318507 0.0206781 
10.5 0.5 -0.5 1 -0.339549 -0.304777 
10.5 0.5 6 1 -0.304399 0.078646 
10.5 10.5 -0.5 1 -0.121856 -0.193917 
10.5 10.5 6 1 -0.0982458 0.0496518 
0.5 10.5 -0.5 1 0.265337 -0.256318 
0.5 10.5 6 1 0.294039 0.0121265 
0.5 5.5 9.5 1 0.32281 0.198617 
10.5 5.5 9.5 1 -0.162793 0.223176 
0.5 6.5 -0.5 1 0.266736 -0.305325 
0.5 8.5 -0.5 1 0.265975 -0.27868 
0.5 8.5 4.5 1 0.289961 -0.054514 
0.5 6.5 4.5 1 0.293037 -0.0597233 
0.5 2.5 2 1 0.285033 -0.226298 
0.5 4.5 2 1 0.282163 -0.202296 
0.5 4.5 4.5 1 0.29677 -0.0660437 
0.5 2.5 4.5 1 0.301394 -0.073873 
