0.106065 -0.263996 0.104177 0.396368 
-0.2458 -0.0692896 -0.272381 0.294898 
0.153492 -0.000129161 0.155346 0.279711 
0.586975 -0.0921542 0.626955 0.334627 
0.106065 -0.263996 -0.2458 -0.0692896 
-0.2458 -0.0692896 0.153492 -0.000129161 
0.153492 -0.000129161 0.586975 -0.0921542 
0.586975 -0.0921542 0.106065 -0.263996 
0.104177 0.396368 0.444509 0.685494 
0.444509 0.685494 0.626955 0.334627 
-0.272381 0.294898 -0.0342697 0.473685 
-0.0342697 0.473685 0.155346 0.279711 
0.444509 0.685494 -0.0342697 0.473685 
0.104177 0.396368 -0.272381 0.294898 
0.626955 0.334627 0.155346 0.279711 
0.441015 -0.14431 0.519427 -0.116291 
0.519427 -0.116291 0.547278 0.229592 
0.547278 0.229592 0.465337 0.22937 
0.465337 0.22937 0.441015 -0.14431 
0.244333 -0.00358087 0.358007 0.0178527 
0.358007 0.0178527 0.367879 0.229105 
0.367879 0.229105 0.250034 0.228786 
0.250034 0.228786 0.244333 -0.00358087 
