-0.605125 -0.192024 -0.596368 0.229002 
-0.16257 -0.10853 -0.143847 0.16508 
0.236073 -0.210758 0.276033 0.143658 
-0.121271 -0.422711 -0.0723263 0.22597 
-0.605125 -0.192024 -0.16257 -0.10853 
-0.16257 -0.10853 0.236073 -0.210758 
0.236073 -0.210758 -0.121271 -0.422711 
-0.121271 -0.422711 -0.605125 -0.192024 
-0.596368 0.229002 -0.380717 0.527311 
-0.380717 0.527311 -0.0723263 0.22597 
-0.143847 0.16508 0.0532653 0.330827 
0.0532653 0.330827 0.276033 0.143658 
-0.380717 0.527311 0.0532653 0.330827 
-0.596368 0.229002 -0.143847 0.16508 
-0.0723263 0.22597 0.276033 0.143658 
-0.366476 -0.305805 -0.255848 -0.358549 
-0.255848 -0.358549 -0.229243 0.0850863 
-0.229243 0.0850863 -0.347287 0.0989494 
-0.347287 0.0989494 -0.366476 -0.305805 
-0.532817 -0.055217 -0.452277 -0.0793405 
-0.452277 -0.0793405 -0.445253 0.110454 
-0.445253 0.110454 -0.52786 0.120156 
-0.52786 0.120156 -0.532817 -0.055217 
