0.259121 -0.522385 0.267494 -0.115559 
-0.390382 -0.657674 -0.322096 -0.0515103 
-0.510898 -0.420388 -0.46489 -0.0779361 
-0.0559665 -0.383671 -0.0378104 -0.115422 
0.259121 -0.522385 -0.390382 -0.657674 
-0.390382 -0.657674 -0.510898 -0.420388 
-0.510898 -0.420388 -0.0559665 -0.383671 
-0.0559665 -0.383671 0.259121 -0.522385 
0.267494 -0.115559 0.092876 0.0462077 
0.092876 0.0462077 -0.0378104 -0.115422 
-0.322096 -0.0515103 -0.385246 0.145143 
-0.385246 0.145143 -0.46489 -0.0779361 
0.092876 0.0462077 -0.385246 0.145143 
0.267494 -0.115559 -0.322096 -0.0515103 
-0.0378104 -0.115422 -0.46489 -0.0779361 
0.0402478 -0.426029 -0.0113761 -0.403302 
-0.0113761 -0.403302 0.00224273 -0.179677 
0.00224273 -0.179677 0.0530675 -0.184586 
0.0530675 -0.184586 0.0402478 -0.426029 
0.17739 -0.337574 0.1066 -0.318902 
0.1066 -0.318902 0.112261 -0.190303 
0.112261 -0.190303 0.182075 -0.197046 
0.182075 -0.197046 0.17739 -0.337574 
