0 0 0 1 0.160287 -0.169425 
0 0 6.5 1 0.189405 0.110534 
10 0 0 1 0.593436 -0.320152 
10 0 6.5 1 0.645218 0.128741 
10 10 0 1 -0.0110813 -0.407125 
10 10 6.5 1 0.0573393 0.27509 
0 10 0 1 -0.272239 -0.174373 
0 10 6.5 1 -0.239099 0.181487 
0 5 10 1 0.0176881 0.312574 
10 5 10 1 0.444788 0.484506 
0 6 0 1 -0.0740287 -0.172106 
0 8 0 1 -0.168077 -0.173182 
0 8 5 1 -0.143264 0.0859691 
0 6 5 1 -0.0498442 0.0743916 
0 2 2.5 1 0.10054 -0.0582723 
0 4 2.5 1 0.0230566 -0.0539651 
0 4 5 1 0.0348729 0.0638926 
0 2 5 1 0.112049 0.0543281 
0.5 0.5 -0.5 1 0.154362 -0.196488 
0.5 0.5 6 1 0.184308 0.0916548 
10.5 0.5 -0.5 1 0.604771 -0.371626 
10.5 0.5 6 1 0.659228 0.0986824 
10.5 10.5 -0.5 1 -0.0390049 -0.493612 
10.5 10.5 6 1 0.0341446 0.239327 
0.5 10.5 -0.5 1 -0.296258 -0.209177 
0.5 10.5 6 1 -0.262071 0.160011 
0.5 5.5 9.5 1 0.00613639 0.298094 
10.5 5.5 9.5 1 0.449921 0.469016 
0.5 6.5 -0.5 1 -0.088859 -0.203337 
0.5 8.5 -0.5 1 -0.187077 -0.206103 
0.5 8.5 4.5 1 -0.161493 0.0622181 
0.5 6.5 4.5 1 -0.0639375 0.0514424 
0.5 2.5 2 1 0.0924637 -0.0831885 
0.5 4.5 2 1 0.0120628 -0.0799356 
0.5 4.5 4.5 1 0.0242326 0.0417034 
0.5 2.5 4.5 1 0.10431 0.0328584 
