0 0 0 1 0.271808 -0.487624 
0 0 6.5 1 0.220283 0.12145 
10 0 0 1 -0.225023 -0.307273 
10 0 6.5 1 -0.265051 0.0550566 
10 10 0 1 0.126022 -0.178976 
10 10 6.5 1 0.102211 0.0827309 
0 10 0 1 0.571458 -0.235872 
0 10 6.5 1 0.546517 0.134081 
0 5 10 1 0.405268 0.386781 
10 5 10 1 -0.0678257 0.238944 
0 6 0 1 0.485133 -0.308398 
0 8 0 1 0.531977 -0.269042 
0 8 5 1 0.510573 0.0382599 
0 6 5 1 0.460851 0.0273694 
0 2 2.5 1 0.343012 -0.210396 
0 4 2.5 1 0.414812 -0.172655 
0 4 5 1 0.400697 0.014194 
0 2 5 1 0.326443 -0.00206964 
0.5 0.5 -0.5 1 0.259555 -0.496523 
0.5 0.5 6 1 0.211061 0.0719746 
10.5 0.5 -0.5 1 -0.212989 -0.319821 
10.5 0.5 6 1 -0.251188 0.0277553 
10.5 10.5 -0.5 1 0.124728 -0.191807 
10.5 10.5 6 1 0.101592 0.0621175 
0.5 10.5 -0.5 1 0.551851 -0.251476 
0.5 10.5 6 1 0.527553 0.103112 
0.5 5.5 9.5 1 0.388703 0.335045 
10.5 5.5 9.5 1 -0.0627707 0.20954 
0.5 6.5 -0.5 1 0.466104 -0.323362 
0.5 8.5 -0.5 1 0.512477 -0.284486 
0.5 8.5 4.5 1 0.491705 0.009078 
0.5 6.5 4.5 1 0.442658 -0.00392898 
0.5 2.5 2 1 0.327851 -0.234452 
0.5 4.5 2 1 0.3974 -0.196311 
0.5 4.5 4.5 1 0.383863 -0.0195213 
0.5 2.5 4.5 1 0.312092 -0.0385547 
