0 0 0 1 0.0492905 -0.194388 
0 0 6.5 1 0.0237866 0.0597756 
10 0 0 1 0.480907 -0.198371 
10 0 6.5 1 0.445403 0.123224 
10 10 0 1 0.369596 -0.371526 
10 10 6.5 1 0.310041 0.183148 
0 10 0 1 -0.24163 -0.310885 
0 10 6.5 1 -0.277137 0.0696542 
0 5 10 1 -0.112743 0.226059 
10 5 10 1 0.371986 0.361318 
0 6 0 1 -0.0962879 -0.252684 
0 8 0 1 -0.162382 -0.279151 
0 8 5 1 -0.187781 -0.012409 
0 6 5 1 -0.119967 -0.00810514 
0 2 2.5 1 -0.00276964 -0.105933 
0 4 2.5 1 -0.0514379 -0.117068 
0 4 5 1 -0.062493 -0.00445748 
0 2 5 1 -0.0131607 -0.00132656 
0.5 0.5 -0.5 1 0.0588452 -0.218776 
0.5 0.5 6 1 0.0325632 0.0427102 
10.5 0.5 -0.5 1 0.508758 -0.229655 
10.5 0.5 6 1 0.47176 0.103753 
10.5 10.5 -0.5 1 0.411843 -0.438162 
10.5 10.5 6 1 0.34793 0.152615 
0.5 10.5 -0.5 1 -0.239666 -0.352957 
0.5 10.5 6 1 -0.276708 0.0442353 
0.5 5.5 9.5 1 -0.106836 0.211215 
10.5 5.5 9.5 1 0.402093 0.347475 
0.5 6.5 -0.5 1 -0.0894695 -0.285444 
0.5 8.5 -0.5 1 -0.157505 -0.316025 
0.5 8.5 4.5 1 -0.183922 -0.0386883 
0.5 6.5 4.5 1 -0.11403 -0.031986 
0.5 2.5 2 1 0.00587717 -0.129354 
0.5 4.5 2 1 -0.043705 -0.142703 
0.5 4.5 4.5 1 -0.0551429 -0.026339 
0.5 2.5 4.5 1 -0.00485085 -0.0215162 
