-0.581883 -0.274646 -0.663959 0.234076 
-0.201129 -0.0847174 -0.229034 0.210619 
0.258397 -0.0947381 0.251538 0.251009 
0.190397 -0.354447 0.16846 0.325297 
-0.581883 -0.274646 -0.201129 -0.0847174 
-0.201129 -0.0847174 0.258397 -0.0947381 
0.258397 -0.0947381 0.190397 -0.354447 
0.190397 -0.354447 -0.581883 -0.274646 
-0.663959 0.234076 -0.34892 0.636103 
-0.34892 0.636103 0.16846 0.325297 
-0.229034 0.210619 -0.0189743 0.414806 
-0.0189743 0.414806 0.251538 0.251009 
-0.34892 0.636103 -0.0189743 0.414806 
-0.663959 0.234076 -0.229034 0.210619 
0.16846 0.325297 0.251538 0.251009 
-0.170748 -0.317129 -0.000960691 -0.334674 
-0.000960691 -0.334674 -0.0318298 0.143347 
-0.0318298 0.143347 -0.212659 0.133234 
-0.212659 0.133234 -0.170748 -0.317129 
-0.486243 -0.0921614 -0.34674 -0.0959576 
-0.34674 -0.0959576 -0.372808 0.124278 
-0.372808 0.124278 -0.515632 0.116291 
-0.515632 0.116291 -0.486243 -0.0921614 
