-0.505525 -0.890562 -0.435227 -0.11508 
-0.274531 -0.520445 -0.254827 -0.158784 
0.263559 -0.510813 0.248181 -0.162627 
0.627183 -0.841491 0.552331 -0.125543 
-0.505525 -0.890562 -0.274531 -0.520445 
-0.274531 -0.520445 0.263559 -0.510813 
0.263559 -0.510813 0.627183 -0.841491 
0.627183 -0.841491 -0.505525 -0.890562 
-0.435227 -0.11508 0.0727347 0.206388 
0.0727347 0.206388 0.552331 -0.125543 
-0.254827 -0.158784 0.00196254 0.0118316 
0.00196254 0.0118316 0.248181 -0.162627 
0.0727347 0.206388 0.00196254 0.0118316 
-0.435227 -0.11508 -0.254827 -0.158784 
0.552331 -0.125543 0.248181 -0.162627 
0.196183 -0.860163 0.415128 -0.850678 
0.415128 -0.850678 0.376101 -0.274667 
0.376101 -0.274667 0.178689 -0.274781 
0.178689 -0.274781 0.196183 -0.860163 
-0.248045 -0.560961 -0.0271389 -0.556367 
-0.0271389 -0.556367 -0.0245764 -0.274899 
-0.0245764 -0.274899 -0.233958 -0.275019 
-0.233958 -0.275019 -0.248045 -0.560961 
