-0.182151 -0.201048 -0.157025 0.0530553 
0.21426 -0.248524 0.241119 0.014127 
0.302522 -0.4174 0.348033 0.0237939 
-0.353522 -0.330281 -0.312789 0.0873152 
-0.182151 -0.201048 0.21426 -0.248524 
0.21426 -0.248524 0.302522 -0.4174 
0.302522 -0.4174 -0.353522 -0.330281 
-0.353522 -0.330281 -0.182151 -0.201048 
-0.157025 0.0530553 -0.199105 0.236834 
-0.199105 0.236834 -0.312789 0.0873152 
0.241119 0.014127 0.299248 0.195793 
0.299248 0.195793 0.348033 0.0237939 
-0.199105 0.236834 0.299248 0.195793 
-0.157025 0.0530553 0.241119 0.014127 
-0.312789 0.0873152 0.348033 0.0237939 
-0.263939 -0.262726 -0.303627 -0.292655 
-0.303627 -0.292655 -0.275775 -0.00825551 
-0.275775 -0.00825551 -0.238857 -0.00741379 
-0.238857 -0.00741379 -0.263939 -0.262726 
-0.194333 -0.112232 -0.220221 -0.122653 
-0.220221 -0.122653 -0.208803 -0.00672858 
-0.208803 -0.00672858 -0.183863 -0.00615994 
-0.183863 -0.00615994 -0.194333 -0.112232 
