0 0 0 1 0.169509 -0.25247 
0 0 6.5 1 0.194268 0.0350881 
10 0 0 1 0.608936 -0.416361 
10 0 6.5 1 0.638597 0.062908 
10 10 0 1 -0.0834957 -0.494402 
10 10 6.5 1 -0.0143069 0.20842 
0 10 0 1 -0.284216 -0.252301 
0 10 6.5 1 -0.244935 0.103062 
0 5 10 1 0.0139985 0.232192 
10 5 10 1 0.395675 0.414812 
0 6 0 1 -0.0788441 -0.252378 
0 8 0 1 -0.176819 -0.252341 
0 8 5 1 -0.149358 0.00980996 
0 6 5 1 -0.0538945 -0.00156953 
0 2 2.5 1 0.103877 -0.136304 
0 4 2.5 1 0.0223479 -0.131425 
0 4 5 1 0.0336502 -0.0120051 
0 2 5 1 0.114222 -0.0216094 
0.5 0.5 -0.5 1 0.162222 -0.280715 
0.5 0.5 6 1 0.187875 0.0163315 
10.5 0.5 -0.5 1 0.620443 -0.473464 
10.5 0.5 6 1 0.651366 0.0327464 
10.5 10.5 -0.5 1 -0.123277 -0.587522 
10.5 10.5 6 1 -0.046994 0.174816 
0.5 10.5 -0.5 1 -0.311437 -0.2876 
0.5 10.5 6 1 -0.270077 0.0823685 
0.5 5.5 9.5 1 0.000751746 0.21839 
10.5 5.5 9.5 1 0.39555 0.401247 
0.5 6.5 -0.5 1 -0.0961372 -0.28447 
0.5 8.5 -0.5 1 -0.198661 -0.285961 
0.5 8.5 4.5 1 -0.169851 -0.0134964 
0.5 6.5 4.5 1 -0.0700528 -0.0242385 
0.5 2.5 2 1 0.0941662 -0.161695 
0.5 4.5 2 1 0.00940711 -0.157745 
0.5 4.5 4.5 1 0.0211831 -0.0340591 
0.5 2.5 4.5 1 0.104914 -0.0430717 
