-0.0685035 -0.407067 -0.0631031 -0.13858 
0.367291 -0.440739 0.348566 -0.133113 
0.387118 -0.62376 0.353356 -0.0829283 
-0.320823 -0.531494 -0.292545 -0.101066 
-0.0685035 -0.407067 0.367291 -0.440739 
0.367291 -0.440739 0.387118 -0.62376 
0.387118 -0.62376 -0.320823 -0.531494 
-0.320823 -0.531494 -0.0685035 -0.407067 
-0.0631031 -0.13858 -0.146377 0.0378665 
-0.146377 0.0378665 -0.292545 -0.101066 
0.348566 -0.133113 0.338747 0.0741484 
0.338747 0.0741484 0.353356 -0.0829283 
-0.146377 0.0378665 0.338747 0.0741484 
-0.0631031 -0.13858 0.348566 -0.133113 
-0.292545 -0.101066 0.353356 -0.0829283 
-0.190003 -0.466983 -0.248248 -0.495705 
-0.248248 -0.495705 -0.232391 -0.195369 
-0.232391 -0.195369 -0.178544 -0.196251 
-0.178544 -0.196251 -0.190003 -0.466983 
-0.0992821 -0.30824 -0.137982 -0.31732 
-0.137982 -0.31732 -0.133932 -0.196981 
-0.133932 -0.196981 -0.096367 -0.197596 
-0.096367 -0.197596 -0.0992821 -0.30824 
