0 0 0 1 0.190425 -0.374375 
0 0 6.5 1 0.202383 -0.069662 
10 0 0 1 0.641403 -0.570793 
10 0 6.5 1 0.629309 -0.0348693 
10 10 0 1 -0.183677 -0.672654 
10 10 6.5 1 -0.118316 0.0750469 
0 10 0 1 -0.294874 -0.383855 
0 10 6.5 1 -0.256286 -0.020766 
0 5 10 1 0.00453195 0.118805 
10 5 10 1 0.321552 0.306154 
0 6 0 1 -0.07918 -0.379642 
0 8 0 1 -0.182878 -0.381668 
0 8 5 1 -0.158172 -0.10964 
0 6 5 1 -0.0591172 -0.1174 
0 2 2.5 1 0.113078 -0.251583 
0 4 2.5 1 0.0252512 -0.248937 
0 4 5 1 0.0331081 -0.124625 
0 2 5 1 0.119187 -0.131368 
0.5 0.5 -0.5 1 0.18171 -0.40585 
0.5 0.5 6 1 0.194443 -0.0896836 
10.5 0.5 -0.5 1 0.653907 -0.640287 
10.5 0.5 6 1 0.640155 -0.0679597 
10.5 10.5 -0.5 1 -0.240936 -0.783154 
10.5 10.5 6 1 -0.164084 0.0374617 
0.5 10.5 -0.5 1 -0.325693 -0.422287 
0.5 10.5 6 1 -0.283968 -0.0428055 
0.5 5.5 9.5 1 -0.0108626 0.104154 
10.5 5.5 9.5 1 0.313734 0.291313 
0.5 6.5 -0.5 1 -0.0993044 -0.414953 
0.5 8.5 -0.5 1 -0.207969 -0.418473 
0.5 8.5 4.5 1 -0.18133 -0.134517 
0.5 6.5 4.5 1 -0.0777395 -0.141644 
0.5 2.5 2 1 0.101491 -0.27928 
0.5 4.5 2 1 0.0100391 -0.277545 
0.5 4.5 4.5 1 0.0184532 -0.148262 
0.5 2.5 4.5 1 0.108013 -0.154424 
