0 0 0 1 -0.601842 -0.191159 
0 0 6.5 1 -0.611334 0.240615 
10 0 0 1 -0.168051 -0.0856638 
10 0 6.5 1 -0.156004 0.190941 
10 10 0 1 0.238964 -0.180484 
10 10 6.5 1 0.276281 0.170794 
0 10 0 1 -0.0758637 -0.416822 
0 10 6.5 1 -0.0368172 0.229496 
0 5 10 1 -0.382822 0.550947 
10 5 10 1 0.0455938 0.361103 
0 6 0 1 -0.33879 -0.304018 
0 8 0 1 -0.219262 -0.355299 
0 8 5 1 -0.202713 0.0875228 
0 6 5 1 -0.331261 0.102859 
0 2 2.5 1 -0.528471 -0.0529762 
0 4 2.5 1 -0.439443 -0.0777679 
0 4 5 1 -0.438908 0.115701 
0 2 5 1 -0.530367 0.126612 
0.5 0.5 -0.5 1 -0.550796 -0.2212 
0.5 0.5 6 1 -0.556823 0.201563 
10.5 0.5 -0.5 1 -0.139258 -0.106204 
10.5 0.5 6 1 -0.126152 0.166686 
10.5 10.5 -0.5 1 0.270385 -0.205375 
10.5 10.5 6 1 0.308865 0.139907 
0.5 10.5 -0.5 1 -0.0119358 -0.456362 
0.5 10.5 6 1 0.0324994 0.169773 
0.5 5.5 9.5 1 -0.318592 0.495124 
10.5 5.5 9.5 1 0.0776089 0.331095 
0.5 6.5 -0.5 1 -0.280272 -0.339258 
0.5 8.5 -0.5 1 -0.158031 -0.392605 
0.5 8.5 4.5 1 -0.137698 0.0378412 
0.5 6.5 4.5 1 -0.269273 0.0571729 
0.5 2.5 2 1 -0.473675 -0.088282 
0.5 4.5 2 1 -0.382014 -0.115362 
0.5 4.5 4.5 1 -0.379853 0.0734199 
0.5 2.5 4.5 1 -0.474092 0.0872661 
