0.326049 -0.154003 0.296345 0.255271 
-0.317772 -0.244006 -0.371536 0.211245 
-0.259896 -0.123685 -0.290339 0.145497 
0.135574 -0.0756146 0.114027 0.176802 
0.326049 -0.154003 -0.317772 -0.244006 
-0.317772 -0.244006 -0.259896 -0.123685 
-0.259896 -0.123685 0.135574 -0.0756146 
0.135574 -0.0756146 0.326049 -0.154003 
0.296345 0.255271 0.169354 0.380436 
0.169354 0.380436 0.114027 0.176802 
-0.371536 0.211245 -0.34206 0.358656 
-0.34206 0.358656 -0.290339 0.145497 
0.169354 0.380436 -0.34206 0.358656 
0.296345 0.255271 -0.371536 0.211245 
0.114027 0.176802 -0.290339 0.145497 
0.191281 -0.0985402 0.161137 -0.0861347 
0.161137 -0.0861347 0.143622 0.123236 
0.143622 0.123236 0.172649 0.129693 
0.172649 0.129693 0.191281 -0.0985402 
0.260803 0.00638809 0.21751 0.0109463 
0.21751 0.0109463 0.207489 0.137444 
0.207489 0.137444 0.250085 0.14692 
0.250085 0.14692 0.260803 0.00638809 
