-0.154315 -0.33651 -0.128793 -0.0760136 
0.258011 -0.390038 0.273538 -0.108767 
0.321465 -0.58669 0.344697 -0.10007 
-0.364831 -0.475676 -0.314382 -0.0480278 
-0.154315 -0.33651 0.258011 -0.390038 
0.258011 -0.390038 0.321465 -0.58669 
0.321465 -0.58669 -0.364831 -0.475676 
-0.364831 -0.475676 -0.154315 -0.33651 
-0.128793 -0.0760136 -0.182183 0.100271 
-0.182183 0.100271 -0.314382 -0.0480278 
0.273538 -0.108767 0.309448 0.0759141 
0.309448 0.0759141 0.344697 -0.10007 
-0.182183 0.100271 0.309448 0.0759141 
-0.128793 -0.0760136 0.273538 -0.108767 
-0.314382 -0.0480278 0.344697 -0.10007 
-0.254671 -0.402852 -0.303444 -0.435095 
-0.303444 -0.435095 -0.270439 -0.140929 
-0.270439 -0.140929 -0.226282 -0.138963 
-0.226282 -0.138963 -0.254671 -0.402852 
-0.170927 -0.244189 -0.202414 -0.2555 
-0.202414 -0.2555 -0.190151 -0.137355 
-0.190151 -0.137355 -0.16004 -0.136014 
-0.16004 -0.136014 -0.170927 -0.244189 
