0 0 0 1 -0.211179 -0.0327329 
0 0 6.5 1 -0.200198 0.22927 
10 0 0 1 0.18082 -0.0584833 
10 0 6.5 1 0.206055 0.199276 
10 10 0 1 0.308338 -0.185286 
10 10 6.5 1 0.358255 0.237032 
0 10 0 1 -0.33302 -0.145547 
0 10 6.5 1 -0.322164 0.288321 
0 5 10 1 -0.238938 0.440146 
10 5 10 1 0.282598 0.398282 
0 6 0 1 -0.269334 -0.0865787 
0 8 0 1 -0.29755 -0.112705 
0 8 5 1 -0.288812 0.178624 
0 6 5 1 -0.260467 0.174824 
0 2 2.5 1 -0.223032 0.0591461 
0 4 2.5 1 -0.242029 0.0512568 
0 4 5 1 -0.23756 0.171753 
0 2 5 1 -0.218661 0.169219 
0.5 0.5 -0.5 1 -0.195609 -0.0572994 
0.5 0.5 6 1 -0.183852 0.20825 
10.5 0.5 -0.5 1 0.20257 -0.0831651 
10.5 0.5 6 1 0.229041 0.178018 
10.5 10.5 -0.5 1 0.347569 -0.229326 
10.5 10.5 6 1 0.401377 0.202233 
0.5 10.5 -0.5 1 -0.310499 -0.189416 
0.5 10.5 6 1 -0.297877 0.254245 
0.5 5.5 9.5 1 -0.218654 0.41762 
10.5 5.5 9.5 1 0.313875 0.375217 
0.5 6.5 -0.5 1 -0.250141 -0.120008 
0.5 8.5 -0.5 1 -0.2768 -0.150664 
0.5 8.5 4.5 1 -0.266952 0.14637 
0.5 6.5 4.5 1 -0.240342 0.145983 
0.5 2.5 2 1 -0.206071 0.0337122 
0.5 4.5 2 1 -0.223814 0.0232196 
0.5 4.5 4.5 1 -0.21894 0.145672 
0.5 2.5 4.5 1 -0.201352 0.145416 
