0.0989375 -0.0490053 0.0947313 0.21284 
0.524457 -0.124364 0.548438 0.236397 
0.239709 -0.3378 0.246444 0.244699 
-0.24195 -0.1536 -0.272005 0.208156 
0.0989375 -0.0490053 0.524457 -0.124364 
0.524457 -0.124364 0.239709 -0.3378 
0.239709 -0.3378 -0.24195 -0.1536 
-0.24195 -0.1536 0.0989375 -0.0490053 
0.0947313 0.21284 -0.0652962 0.389744 
-0.0652962 0.389744 -0.272005 0.208156 
0.548438 0.236397 0.448552 0.513531 
0.448552 0.513531 0.246444 0.244699 
-0.0652962 0.389744 0.448552 0.513531 
0.0947313 0.21284 0.548438 0.236397 
-0.272005 0.208156 0.246444 0.244699 
-0.0784389 -0.10343 -0.154381 -0.126731 
-0.154381 -0.126731 -0.171091 0.127969 
-0.171091 0.127969 -0.0904852 0.134657 
-0.0904852 0.134657 -0.0784389 -0.10343 
0.0440431 0.0381924 -0.0160616 0.0263641 
-0.0160616 0.0263641 -0.0203485 0.140476 
-0.0203485 0.140476 0.0412347 0.145585 
0.0412347 0.145585 0.0440431 0.0381924 
