-0.0755545 -0.285399 -0.0296025 0.409836 
-0.255717 -0.0669091 -0.241731 0.288881 
0.188316 -0.0596523 0.217353 0.229758 
0.603149 -0.208501 0.680248 0.271385 
-0.0755545 -0.285399 -0.255717 -0.0669091 
-0.255717 -0.0669091 0.188316 -0.0596523 
0.188316 -0.0596523 0.603149 -0.208501 
0.603149 -0.208501 -0.0755545 -0.285399 
-0.0296025 0.409836 0.434285 0.672659 
0.434285 0.672659 0.680248 0.271385 
-0.241731 0.288881 0.0249277 0.440024 
0.0249277 0.440024 0.217353 0.229758 
0.434285 0.672659 0.0249277 0.440024 
-0.0296025 0.409836 -0.241731 0.288881 
0.680248 0.271385 0.217353 0.229758 
0.386606 -0.233036 0.501719 -0.219993 
0.501719 -0.219993 0.558489 0.167094 
0.558489 0.167094 0.440715 0.180924 
0.440715 0.180924 0.386606 -0.233036 
0.123701 -0.0327704 0.279075 -0.0323135 
0.279075 -0.0323135 0.304833 0.196881 
0.304833 0.196881 0.14632 0.215495 
0.14632 0.215495 0.123701 -0.0327704 
