0 0 0 1 0.2023 -0.416422 
0 0 6.5 1 0.207778 -0.103915 
10 0 0 1 0.657866 -0.630149 
10 0 6.5 1 0.627885 -0.0686475 
10 10 0 1 -0.219227 -0.749182 
10 10 6.5 1 -0.157242 0.0202368 
0 10 0 1 -0.2947 -0.433105 
0 10 6.5 1 -0.259168 -0.0654184 
0 5 10 1 0.00193558 0.0810643 
10 5 10 1 0.294118 0.268027 
0 6 0 1 -0.0754327 -0.425745 
0 8 0 1 -0.18117 -0.429295 
0 8 5 1 -0.159413 -0.152492 
0 6 5 1 -0.058901 -0.158188 
0 2 2.5 1 0.11968 -0.291367 
0 4 2.5 1 0.029378 -0.290246 
0 4 5 1 0.0352164 -0.163521 
0 2 5 1 0.123531 -0.168526 
0.5 0.5 -0.5 1 0.193162 -0.449469 
0.5 0.5 6 1 0.199296 -0.124776 
10.5 0.5 -0.5 1 0.67084 -0.705699 
10.5 0.5 6 1 0.637876 -0.103705 
10.5 10.5 -0.5 1 -0.283109 -0.868248 
10.5 10.5 6 1 -0.207971 -0.0206325 
0.5 10.5 -0.5 1 -0.326542 -0.473201 
0.5 10.5 6 1 -0.287665 -0.0885171 
0.5 5.5 9.5 1 -0.0142369 0.0656585 
10.5 5.5 9.5 1 0.283222 0.25167 
0.5 6.5 -0.5 1 -0.0964201 -0.462693 
0.5 8.5 -0.5 1 -0.207226 -0.467752 
0.5 8.5 4.5 1 -0.183432 -0.178465 
0.5 6.5 4.5 1 -0.078341 -0.183489 
0.5 2.5 2 1 0.107483 -0.320319 
0.5 4.5 2 1 0.0134316 -0.320132 
0.5 4.5 4.5 1 0.0198225 -0.188182 
0.5 2.5 4.5 1 0.111722 -0.192575 
