-0.563418 -0.416041 -0.513862 -0.0447463 
-0.0947522 -0.366283 -0.080347 -0.0929321 
0.265366 -0.463696 0.261372 -0.0675722 
-0.321944 -0.614072 -0.265104 0.0276301 
-0.563418 -0.416041 -0.0947522 -0.366283 
-0.0947522 -0.366283 0.265366 -0.463696 
0.265366 -0.463696 -0.321944 -0.614072 
-0.321944 -0.614072 -0.563418 -0.416041 
-0.513862 -0.0447463 -0.394657 0.205553 
-0.394657 0.205553 -0.265104 0.0276301 
-0.080347 -0.0929321 0.0648643 0.0770976 
0.0648643 0.0770976 0.261372 -0.0675722 
-0.394657 0.205553 0.0648643 0.0770976 
-0.513862 -0.0447463 -0.080347 -0.0929321 
-0.265104 0.0276301 0.261372 -0.0675722 
-0.452029 -0.50739 -0.395488 -0.55376 
-0.395488 -0.55376 -0.350592 -0.113305 
-0.350592 -0.113305 -0.408217 -0.117548 
-0.408217 -0.117548 -0.452029 -0.50739 
-0.512452 -0.277816 -0.475082 -0.290387 
-0.475082 -0.290387 -0.454618 -0.120963 
-0.454618 -0.120963 -0.492782 -0.123773 
-0.492782 -0.123773 -0.512452 -0.277816 
