0.245824 -0.151047 0.287554 0.217097 
-0.244765 -0.258499 -0.204389 0.361244 
-0.546723 -0.0835722 -0.533966 0.290251 
-0.107212 -0.0563128 -0.0867135 0.208418 
0.245824 -0.151047 -0.244765 -0.258499 
-0.244765 -0.258499 -0.546723 -0.0835722 
-0.546723 -0.0835722 -0.107212 -0.0563128 
-0.107212 -0.0563128 0.245824 -0.151047 
0.287554 0.217097 0.0850391 0.385789 
0.0850391 0.385789 -0.0867135 0.208418 
-0.204389 0.361244 -0.398991 0.58619 
-0.398991 0.58619 -0.533966 0.290251 
0.0850391 0.385789 -0.398991 0.58619 
0.287554 0.217097 -0.204389 0.361244 
-0.0867135 0.208418 -0.533966 0.290251 
0.00725348 -0.0870288 -0.0533783 -0.0707587 
-0.0533783 -0.0707587 -0.0356129 0.14363 
-0.0356129 0.14363 0.0275343 0.140835 
0.0275343 0.140835 0.00725348 -0.0870288 
0.168189 0.00202167 0.0875891 0.0146318 
0.0875891 0.0146318 0.0993985 0.137654 
0.0993985 0.137654 0.181919 0.134001 
0.181919 0.134001 0.168189 0.00202167 
