0 0 0 1 0.317845 -0.465893 
0 0 6.5 1 0.358897 0.0263923 
10 0 0 1 -0.33164 -0.32917 
10 0 6.5 1 -0.287457 0.0710363 
10 10 0 1 -0.0937247 -0.233407 
10 10 6.5 1 -0.0682624 0.0185116 
0 10 0 1 0.31374 -0.299945 
0 10 6.5 1 0.337761 -0.0144064 
0 5 10 1 0.361506 0.190871 
10 5 10 1 -0.136051 0.202122 
0 6 0 1 0.314884 -0.346164 
0 8 0 1 0.314259 -0.32093 
0 8 5 1 0.334468 -0.0804372 
0 6 5 1 0.33711 -0.0813148 
0 2 2.5 1 0.330587 -0.24866 
0 4 2.5 1 0.328068 -0.228844 
0 4 5 1 0.340339 -0.0823878 
0 2 5 1 0.344377 -0.0837296 
0.5 0.5 -0.5 1 0.276314 -0.481109 
0.5 0.5 6 1 0.316384 -0.00984145 
10.5 0.5 -0.5 1 -0.342208 -0.34662 
10.5 0.5 6 1 -0.299434 0.039587 
10.5 10.5 -0.5 1 -0.105943 -0.246727 
10.5 10.5 6 1 -0.0809383 -0.000427379 
0.5 10.5 -0.5 1 0.289343 -0.313243 
0.5 10.5 6 1 0.313024 -0.0349035 
0.5 5.5 9.5 1 0.329956 0.158783 
10.5 5.5 9.5 1 -0.149529 0.174103 
0.5 6.5 -0.5 1 0.285665 -0.360631 
0.5 8.5 -0.5 1 0.287668 -0.334821 
0.5 8.5 4.5 1 0.307564 -0.100951 
0.5 6.5 4.5 1 0.307512 -0.103793 
0.5 2.5 2 1 0.293871 -0.270293 
0.5 4.5 2 1 0.295409 -0.248819 
0.5 4.5 4.5 1 0.30745 -0.107246 
0.5 2.5 4.5 1 0.307373 -0.11153 
