0.276103 -0.218642 0.250099 0.128188 
0.123827 -0.53106 0.0644052 0.143273 
-0.577302 -0.415106 -0.6431 0.0570373 
-0.172356 -0.204438 -0.202953 0.0798054 
0.276103 -0.218642 0.123827 -0.53106 
0.123827 -0.53106 -0.577302 -0.415106 
-0.577302 -0.415106 -0.172356 -0.204438 
-0.172356 -0.204438 0.276103 -0.218642 
0.250099 0.128188 -0.0151956 0.2758 
-0.0151956 0.2758 -0.202953 0.0798054 
0.0644052 0.143273 -0.39089 0.410886 
-0.39089 0.410886 -0.6431 0.0570373 
-0.0151956 0.2758 -0.39089 0.410886 
0.250099 0.128188 0.0644052 0.143273 
-0.202953 0.0798054 -0.6431 0.0570373 
-0.0135513 -0.209468 -0.0958781 -0.20686 
-0.0958781 -0.20686 -0.118919 0.0188532 
-0.118919 0.0188532 -0.0360781 0.0249802 
-0.0360781 0.0249802 -0.0135513 -0.209468 
0.161157 -0.0894418 0.0644913 -0.0914166 
0.0644913 -0.0914166 0.0534674 0.0316031 
0.0534674 0.0316031 0.150566 0.0387847 
0.150566 0.0387847 0.161157 -0.0894418 
