0 0 0 1 -0.606643 -0.19816 
0 0 6.5 1 -0.585257 0.21483 
10 0 0 1 -0.15857 -0.129868 
10 0 6.5 1 -0.135891 0.141812 
10 10 0 1 0.234449 -0.235086 
10 10 6.5 1 0.274593 0.122264 
0 10 0 1 -0.153516 -0.427279 
0 10 6.5 1 -0.0978546 0.222581 
0 5 10 1 -0.379148 0.505288 
10 5 10 1 0.0571243 0.305332 
0 6 0 1 -0.385441 -0.310009 
0 8 0 1 -0.281396 -0.362618 
0 8 5 1 -0.247652 0.0815004 
0 6 5 1 -0.357961 0.0930479 
0 2 2.5 1 -0.535022 -0.0615608 
0 4 2.5 1 -0.460504 -0.0843152 
0 4 5 1 -0.448964 0.102574 
0 2 5 1 -0.52532 0.110568 
0.5 0.5 -0.5 1 -0.560397 -0.230821 
0.5 0.5 6 1 -0.537865 0.17716 
10.5 0.5 -0.5 1 -0.130725 -0.151966 
10.5 0.5 6 1 -0.107657 0.117538 
10.5 10.5 -0.5 1 0.267784 -0.263258 
10.5 10.5 6 1 0.308434 0.0903292 
0.5 10.5 -0.5 1 -0.0879346 -0.474951 
0.5 10.5 6 1 -0.0300858 0.162548 
0.5 5.5 9.5 1 -0.322336 0.45455 
10.5 5.5 9.5 1 0.0882291 0.276143 
0.5 6.5 -0.5 1 -0.329112 -0.35033 
0.5 8.5 -0.5 1 -0.22075 -0.406323 
0.5 8.5 4.5 1 -0.185547 0.0302694 
0.5 6.5 4.5 1 -0.300358 0.0465243 
0.5 2.5 2 1 -0.48533 -0.0986015 
0.5 4.5 2 1 -0.407409 -0.124262 
0.5 4.5 4.5 1 -0.395304 0.0599667 
0.5 2.5 4.5 1 -0.47513 0.0712685 
