0 0 0 1 0.311268 -0.403621 
0 0 6.5 1 0.36347 0.0617078 
10 0 0 1 -0.326326 -0.280706 
10 0 6.5 1 -0.291743 0.117465 
10 10 0 1 -0.111932 -0.170756 
10 10 6.5 1 -0.088306 0.0784959 
0 10 0 1 0.285426 -0.232099 
0 10 6.5 1 0.315686 0.0419095 
0 5 10 1 0.35438 0.238801 
10 5 10 1 -0.150999 0.261582 
0 6 0 1 0.292715 -0.280478 
0 8 0 1 0.288744 -0.254124 
0 8 5 1 0.31409 -0.0250759 
0 6 5 1 0.320615 -0.0289551 
0 2 2.5 1 0.320936 -0.197012 
0 4 2.5 1 0.312981 -0.173886 
0 4 5 1 0.328578 -0.0336891 
0 2 5 1 0.338513 -0.0395954 
0.5 0.5 -0.5 1 0.269658 -0.416452 
0.5 0.5 6 1 0.318861 0.0283641 
10.5 0.5 -0.5 1 -0.338598 -0.296257 
10.5 0.5 6 1 -0.30549 0.0868009 
10.5 10.5 -0.5 1 -0.124751 -0.183215 
10.5 10.5 6 1 -0.101805 0.0600301 
0.5 10.5 -0.5 1 0.26113 -0.244205 
0.5 10.5 6 1 0.290352 0.0225606 
0.5 5.5 9.5 1 0.321136 0.207924 
10.5 5.5 9.5 1 -0.165816 0.23348 
0.5 6.5 -0.5 1 0.263566 -0.29341 
0.5 8.5 -0.5 1 0.262242 -0.266667 
0.5 8.5 4.5 1 0.286645 -0.0441842 
0.5 6.5 4.5 1 0.290328 -0.0497814 
0.5 2.5 2 1 0.283642 -0.216256 
0.5 4.5 2 1 0.279905 -0.19188 
0.5 4.5 4.5 1 0.294796 -0.0565698 
0.5 2.5 4.5 1 0.300328 -0.0649752 
