0 0 0 1 0.24914 -0.0957573 
0 0 6.5 1 0.287001 0.272543 
10 0 0 1 -0.194098 -0.236463 
10 0 6.5 1 -0.173817 0.402137 
10 10 0 1 -0.558406 -0.0604154 
10 10 6.5 1 -0.569354 0.333522 
0 10 0 1 -0.120718 -0.0101008 
0 10 6.5 1 -0.109237 0.261138 
0 5 10 1 0.0697921 0.4475 
10 5 10 1 -0.422698 0.655039 
0 6 0 1 0.00121771 -0.0383403 
0 8 0 1 -0.063125 -0.0234389 
0 8 5 1 -0.0518709 0.19451 
0 6 5 1 0.0155363 0.192301 
0 2 2.5 1 0.166693 0.0537527 
0 4 2.5 1 0.0824433 0.0649896 
0 4 5 1 0.0916656 0.189806 
0 2 5 1 0.178327 0.186967 
0.5 0.5 -0.5 1 0.208352 -0.120789 
0.5 0.5 6 1 0.243724 0.245433 
10.5 0.5 -0.5 1 -0.262239 -0.278616 
10.5 0.5 6 1 -0.249205 0.353728 
10.5 10.5 -0.5 1 -0.600336 -0.0869959 
10.5 10.5 6 1 -0.61392 0.304589 
0.5 10.5 -0.5 1 -0.15041 -0.0286701 
0.5 10.5 6 1 -0.140226 0.24145 
0.5 5.5 9.5 1 0.0326548 0.423806 
10.5 5.5 9.5 1 -0.481208 0.616551 
0.5 6.5 -0.5 1 -0.0321008 -0.059048 
0.5 8.5 -0.5 1 -0.0945258 -0.0430192 
0.5 8.5 4.5 1 -0.0843794 0.173982 
0.5 6.5 4.5 1 -0.0190319 0.170531 
0.5 2.5 2 1 0.127942 0.0296844 
0.5 4.5 2 1 0.0462615 0.0424313 
0.5 4.5 4.5 1 0.0547595 0.166633 
0.5 2.5 4.5 1 0.138745 0.162197 
