-0.16568 -0.295977 -0.139039 -0.0384673 
0.240462 -0.348958 0.26105 -0.0749008 
0.311658 -0.538447 0.344215 -0.0687776 
-0.363771 -0.433139 -0.314675 -0.0100462 
-0.16568 -0.295977 0.240462 -0.348958 
0.240462 -0.348958 0.311658 -0.538447 
0.311658 -0.538447 -0.363771 -0.433139 
-0.363771 -0.433139 -0.16568 -0.295977 
-0.139039 -0.0384673 -0.187848 0.138965 
-0.187848 0.138965 -0.314675 -0.0100462 
0.26105 -0.0749008 0.305056 0.107043 
0.305056 0.107043 0.344215 -0.0687776 
-0.187848 0.138965 0.305056 0.107043 
-0.139039 -0.0384673 0.26105 -0.0749008 
-0.314675 -0.0100462 0.344215 -0.0687776 
-0.26012 -0.361369 -0.306013 -0.393147 
-0.306013 -0.393147 -0.273408 -0.103055 
-0.273408 -0.103055 -0.231625 -0.101108 
-0.231625 -0.101108 -0.26012 -0.361369 
-0.180364 -0.205318 -0.210034 -0.216547 
-0.210034 -0.216547 -0.197499 -0.0995177 
-0.197499 -0.0995177 -0.169102 -0.0981945 
-0.169102 -0.0981945 -0.180364 -0.205318 
