-0.490905 -0.907352 -0.410237 -0.120839 
-0.286077 -0.521723 -0.259463 -0.157689 
0.250017 -0.516944 0.242263 -0.171566 
0.628738 -0.855152 0.568974 -0.15109 
-0.490905 -0.907352 -0.286077 -0.521723 
-0.286077 -0.521723 0.250017 -0.516944 
0.250017 -0.516944 0.628738 -0.855152 
0.628738 -0.855152 -0.490905 -0.907352 
-0.410237 -0.120839 0.105562 0.191539 
0.105562 0.191539 0.568974 -0.15109 
-0.259463 -0.157689 0.00204513 0.00810951 
0.00204513 0.00810951 0.242263 -0.171566 
0.105562 0.191539 0.00204513 0.00810951 
-0.410237 -0.120839 -0.259463 -0.157689 
0.568974 -0.15109 0.242263 -0.171566 
0.2118 -0.874591 0.424958 -0.864653 
0.424958 -0.864653 0.396209 -0.295612 
0.396209 -0.295612 0.203248 -0.292763 
0.203248 -0.292763 0.2118 -0.874591 
-0.225556 -0.574966 -0.00429495 -0.571793 
-0.00429495 -0.571793 0.00210297 -0.289793 
0.00210297 -0.289793 -0.207759 -0.286694 
-0.207759 -0.286694 -0.225556 -0.574966 
