0 0 0 1 -0.528429 -0.662527 
0 0 6.5 1 -0.522777 0.00724528 
10 0 0 1 -0.228042 -0.398565 
10 0 6.5 1 -0.239041 -0.0655039 
10 10 0 1 0.291705 -0.369389 
10 10 6.5 1 0.255719 -0.0290387 
0 10 0 1 0.541483 -0.616602 
0 10 6.5 1 0.446323 0.0835218 
0 5 10 1 -0.0700731 0.363292 
10 5 10 1 -0.00643865 0.121015 
0 6 0 1 0.0991591 -0.635588 
0 8 0 1 0.31782 -0.626202 
0 8 5 1 0.260218 -0.0807029 
0 6 5 1 0.058067 -0.0950628 
0 2 2.5 1 -0.329048 -0.378515 
0 4 2.5 1 -0.127772 -0.366942 
0 4 5 1 -0.139935 -0.109128 
0 2 5 1 -0.333913 -0.122907 
0.5 0.5 -0.5 1 -0.450979 -0.68904 
0.5 0.5 6 1 -0.452238 -0.0412523 
10.5 0.5 -0.5 1 -0.195138 -0.417138 
10.5 0.5 6 1 -0.207424 -0.0895689 
10.5 10.5 -0.5 1 0.314855 -0.389056 
10.5 10.5 6 1 0.278492 -0.0544297 
0.5 10.5 -0.5 1 0.578389 -0.646491 
0.5 10.5 6 1 0.483495 0.029705 
0.5 5.5 9.5 1 -0.0171567 0.303261 
10.5 5.5 9.5 1 0.0204314 0.0937302 
0.5 6.5 -0.5 1 0.153392 -0.664058 
0.5 8.5 -0.5 1 0.363587 -0.65537 
0.5 8.5 4.5 1 0.304966 -0.128799 
0.5 6.5 4.5 1 0.11007 -0.142132 
0.5 2.5 2 1 -0.261278 -0.41534 
0.5 4.5 2 1 -0.0671727 -0.404596 
0.5 4.5 4.5 1 -0.0809768 -0.155202 
0.5 2.5 4.5 1 -0.268286 -0.168016 
