0 0 0 1 -0.526928 -0.68556 
0 0 6.5 1 -0.515393 -0.00615337 
10 0 0 1 -0.23093 -0.413303 
10 0 6.5 1 -0.239586 -0.0774484 
10 10 0 1 0.291334 -0.385443 
10 10 6.5 1 0.256228 -0.0440083 
0 10 0 1 0.552778 -0.639714 
0 10 6.5 1 0.457026 0.0631391 
0 5 10 1 -0.0573948 0.346666 
10 5 10 1 -0.00499431 0.107835 
0 6 0 1 0.109237 -0.658547 
0 8 0 1 0.328994 -0.649216 
0 8 5 1 0.271672 -0.0997068 
0 6 5 1 0.0693739 -0.11288 
0 2 2.5 1 -0.322097 -0.397017 
0 4 2.5 1 -0.118555 -0.385977 
0 4 5 1 -0.129593 -0.125836 
0 2 5 1 -0.325309 -0.13858 
0.5 0.5 -0.5 1 -0.449272 -0.71221 
0.5 0.5 6 1 -0.445331 -0.0551553 
10.5 0.5 -0.5 1 -0.198113 -0.432074 
10.5 0.5 6 1 -0.208189 -0.101732 
10.5 10.5 -0.5 1 0.31414 -0.405188 
10.5 10.5 6 1 0.278594 -0.0694387 
0.5 10.5 -0.5 1 0.588489 -0.669459 
0.5 10.5 6 1 0.492944 0.00956179 
0.5 5.5 9.5 1 -0.00564574 0.286619 
10.5 5.5 9.5 1 0.0214931 0.0804492 
0.5 6.5 -0.5 1 0.162641 -0.687002 
0.5 8.5 -0.5 1 0.373712 -0.678307 
0.5 8.5 4.5 1 0.315248 -0.147784 
0.5 6.5 4.5 1 0.120332 -0.16007 
0.5 2.5 2 1 -0.254754 -0.434136 
0.5 4.5 2 1 -0.0586682 -0.423837 
0.5 4.5 4.5 1 -0.0714957 -0.172161 
0.5 2.5 4.5 1 -0.260308 -0.184062 
