0.240097 -0.258326 0.278123 0.112558 
-0.302394 -0.352065 -0.243842 0.245732 
-0.537143 -0.168663 -0.503319 0.184491 
-0.0954981 -0.1517 -0.069674 0.107698 
0.240097 -0.258326 -0.302394 -0.352065 
-0.302394 -0.352065 -0.537143 -0.168663 
-0.537143 -0.168663 -0.0954981 -0.1517 
-0.0954981 -0.1517 0.240097 -0.258326 
0.278123 0.112558 0.0900206 0.274743 
0.0900206 0.274743 -0.069674 0.107698 
-0.243842 0.245732 -0.383825 0.447697 
-0.383825 0.447697 -0.503319 0.184491 
0.0900206 0.274743 -0.383825 0.447697 
0.278123 0.112558 -0.243842 0.245732 
-0.069674 0.107698 -0.503319 0.184491 
0.0112234 -0.185608 -0.0455502 -0.167569 
-0.0455502 -0.167569 -0.0243326 0.0446149 
-0.0243326 0.0446149 0.034004 0.0410678 
0.034004 0.0410678 0.0112234 -0.185608 
0.165071 -0.0991299 0.088607 -0.0847731 
0.088607 -0.0847731 0.100915 0.0369994 
0.100915 0.0369994 0.178442 0.0322856 
0.178442 0.0322856 0.165071 -0.0991299 
