0.322292 -0.103609 0.333838 0.324876 
-0.315416 -0.131857 -0.357687 0.303494 
-0.208074 -0.00762424 -0.227736 0.256674 
0.184042 0.00830508 0.184085 0.270051 
0.322292 -0.103609 -0.315416 -0.131857 
-0.315416 -0.131857 -0.208074 -0.00762424 
-0.208074 -0.00762424 0.184042 0.00830508 
0.184042 0.00830508 0.322292 -0.103609 
0.333838 0.324876 0.24209 0.482841 
0.24209 0.482841 0.184085 0.270051 
-0.357687 0.303494 -0.292253 0.468996 
-0.292253 0.468996 -0.227736 0.256674 
0.24209 0.482841 -0.292253 0.468996 
0.333838 0.324876 -0.357687 0.303494 
0.184085 0.270051 -0.227736 0.256674 
0.224331 -0.0243091 0.202515 -0.00664893 
0.202515 -0.00664893 0.203308 0.208996 
0.203308 0.208996 0.226178 0.210931 
0.226178 0.210931 0.224331 -0.0243091 
0.285095 0.0685399 0.252115 0.0807655 
0.252115 0.0807655 0.253824 0.213271 
0.253824 0.213271 0.287916 0.216155 
0.287916 0.216155 0.285095 0.0685399 
