0 0 0 1 -0.299824 -0.0281078 
0 0 6.5 1 -0.328926 0.252107 
10 0 0 1 0.096829 0.00896763 
10 0 6.5 1 0.0880391 0.26455 
10 10 0 1 0.301187 -0.078338 
10 10 6.5 1 0.301622 0.328807 
0 10 0 1 -0.327999 -0.15469 
0 10 6.5 1 -0.380665 0.318794 
0 5 10 1 -0.370089 0.484814 
10 5 10 1 0.165823 0.472872 
0 6 0 1 -0.313151 -0.0879828 
0 8 0 1 -0.319697 -0.117389 
0 8 5 1 -0.354005 0.197304 
0 6 5 1 -0.343325 0.193215 
0 2 2.5 1 -0.315398 0.0690376 
0 4 2.5 1 -0.321025 0.0600947 
0 4 5 1 -0.334779 0.189943 
0 2 5 1 -0.327787 0.187267 
0.5 0.5 -0.5 1 -0.276474 -0.0506691 
0.5 0.5 6 1 -0.304777 0.231868 
10.5 0.5 -0.5 1 0.122279 -0.011152 
10.5 0.5 6 1 0.114532 0.246369 
10.5 10.5 -0.5 1 0.344995 -0.111718 
10.5 10.5 6 1 0.348636 0.300358 
0.5 10.5 -0.5 1 -0.289223 -0.195186 
0.5 10.5 6 1 -0.339669 0.284936 
0.5 5.5 9.5 1 -0.338983 0.461947 
10.5 5.5 9.5 1 0.200768 0.452605 
0.5 6.5 -0.5 1 -0.28248 -0.118743 
0.5 8.5 -0.5 1 -0.285445 -0.152363 
0.5 8.5 4.5 1 -0.318436 0.166106 
0.5 6.5 4.5 1 -0.311597 0.165472 
0.5 2.5 2 1 -0.289672 0.0452477 
0.5 4.5 2 1 -0.292829 0.0338176 
0.5 4.5 4.5 1 -0.306145 0.164967 
0.5 2.5 4.5 1 -0.301697 0.164555 
