-0.602764 -0.190675 -0.607606 0.238395 
-0.166645 -0.0907695 -0.1528 0.185048 
0.238182 -0.187815 0.276407 0.164156 
-0.0874461 -0.418407 -0.0458547 0.228474 
-0.602764 -0.190675 -0.166645 -0.0907695 
-0.166645 -0.0907695 0.238182 -0.187815 
0.238182 -0.187815 -0.0874461 -0.418407 
-0.0874461 -0.418407 -0.602764 -0.190675 
-0.607606 0.238395 -0.382349 0.54552 
-0.382349 0.54552 -0.0458547 0.228474 
-0.1528 0.185048 0.0477807 0.353953 
0.0477807 0.353953 0.276407 0.164156 
-0.382349 0.54552 0.0477807 0.353953 
-0.607606 0.238395 -0.1528 0.185048 
-0.0458547 0.228474 0.276407 0.164156 
-0.345931 -0.304176 -0.228644 -0.356008 
-0.228644 -0.356008 -0.209557 0.0869651 
-0.209557 0.0869651 -0.335464 0.102135 
-0.335464 0.102135 -0.345931 -0.304176 
-0.529695 -0.0529837 -0.442836 -0.0777509 
-0.442836 -0.0777509 -0.440652 0.114809 
-0.440652 0.114809 -0.529846 0.125555 
-0.529846 0.125555 -0.529695 -0.0529837 
