0.0098859 -0.226719 0.0369284 0.467364 
-0.250164 -0.0252595 -0.254548 0.339571 
0.1769 0.00491736 0.196764 0.293409 
0.602863 -0.114236 0.673404 0.347141 
0.0098859 -0.226719 -0.250164 -0.0252595 
-0.250164 -0.0252595 0.1769 0.00491736 
0.1769 0.00491736 0.602863 -0.114236 
0.602863 -0.114236 0.0098859 -0.226719 
0.0369284 0.467364 0.460339 0.745717 
0.460339 0.745717 0.673404 0.347141 
-0.254548 0.339571 0.00441148 0.504086 
0.00441148 0.504086 0.196764 0.293409 
0.460339 0.745717 0.00441148 0.504086 
0.0369284 0.467364 -0.254548 0.339571 
0.673404 0.347141 0.196764 0.293409 
0.418098 -0.149285 0.516819 -0.130558 
0.516819 -0.130558 0.567681 0.241588 
0.567681 0.241588 0.465298 0.250958 
0.465298 0.250958 0.418098 -0.149285 
0.185268 0.0288333 0.323616 0.0366786 
0.323616 0.0366786 0.345249 0.261944 
0.345249 0.261944 0.20253 0.275005 
0.20253 0.275005 0.185268 0.0288333 
