0.221216 -0.462398 0.217162 -0.139885 
0.681222 -0.701559 0.627244 -0.105278 
-0.26208 -0.845442 -0.207329 -0.0484064 
-0.289487 -0.490072 -0.260425 -0.116826 
0.221216 -0.462398 0.681222 -0.701559 
0.681222 -0.701559 -0.26208 -0.845442 
-0.26208 -0.845442 -0.289487 -0.490072 
-0.289487 -0.490072 0.221216 -0.462398 
0.217162 -0.139885 0.000168434 0.0401191 
0.000168434 0.0401191 -0.260425 -0.116826 
0.627244 -0.105278 0.258429 0.225437 
0.258429 0.225437 -0.207329 -0.0484064 
0.000168434 0.0401191 0.258429 0.225437 
0.217162 -0.139885 0.627244 -0.105278 
-0.260425 -0.116826 -0.207329 -0.0484064 
-0.0665185 -0.47799 -0.174496 -0.483841 
-0.174496 -0.483841 -0.158229 -0.201308 
-0.158229 -0.201308 -0.0559703 -0.203937 
-0.0559703 -0.203937 -0.0665185 -0.47799 
0.131281 -0.334991 0.0378616 -0.336234 
0.0378616 -0.336234 0.0405221 -0.206418 
0.0405221 -0.206418 0.131723 -0.208764 
0.131723 -0.208764 0.131281 -0.334991 
