0 0 0 1 -0.568451 -0.40365 
0 0 6.5 1 -0.517265 -0.0315369 
10 0 0 1 -0.0999237 -0.356716 
10 0 6.5 1 -0.0838376 -0.0838972 
10 10 0 1 0.261663 -0.453953 
10 10 6.5 1 0.260679 -0.0599993 
0 10 0 1 -0.318646 -0.599913 
0 10 6.5 1 -0.259421 0.0414311 
0 5 10 1 -0.393561 0.219994 
10 5 10 1 0.0638574 0.0854329 
0 6 0 1 -0.453031 -0.494332 
0 8 0 1 -0.394567 -0.540265 
0 8 5 1 -0.347991 -0.0999368 
0 6 5 1 -0.407673 -0.104322 
0 2 2.5 1 -0.515688 -0.265146 
0 4 2.5 1 -0.476945 -0.277588 
0 4 5 1 -0.455768 -0.107856 
0 2 5 1 -0.495351 -0.110765 
0.5 0.5 -0.5 1 -0.532975 -0.436835 
0.5 0.5 6 1 -0.483661 -0.0599237 
10.5 0.5 -0.5 1 -0.0715813 -0.380505 
10.5 0.5 6 1 -0.0567314 -0.105116 
10.5 10.5 -0.5 1 0.305819 -0.489332 
10.5 10.5 6 1 0.301895 -0.0900269 
0.5 10.5 -0.5 1 -0.252929 -0.660875 
0.5 10.5 6 1 -0.199951 -0.00526909 
0.5 5.5 9.5 1 -0.352108 0.18808 
10.5 5.5 9.5 1 0.0956912 0.0622531 
0.5 6.5 -0.5 1 -0.403985 -0.540028 
0.5 8.5 -0.5 1 -0.338384 -0.59251 
0.5 8.5 4.5 1 -0.295423 -0.143526 
0.5 6.5 4.5 1 -0.361395 -0.143222 
0.5 2.5 2 1 -0.477504 -0.299314 
0.5 4.5 2 1 -0.434557 -0.315317 
0.5 4.5 4.5 1 -0.414445 -0.142978 
0.5 2.5 4.5 1 -0.458031 -0.142777 
