0 0 0 1 -0.57736 -0.378128 
0 0 6.5 1 -0.523642 -0.00431455 
10 0 0 1 -0.109476 -0.336216 
10 0 6.5 1 -0.0903061 -0.0645012 
10 10 0 1 0.25491 -0.433493 
10 10 6.5 1 0.259836 -0.0439238 
0 10 0 1 -0.310617 -0.571982 
0 10 6.5 1 -0.247364 0.0687326 
0 5 10 1 -0.391143 0.249691 
10 5 10 1 0.0622866 0.103401 
0 6 0 1 -0.453684 -0.468009 
0 8 0 1 -0.39132 -0.513331 
0 8 5 1 -0.342018 -0.0733226 
0 6 5 1 -0.405868 -0.0777124 
0 2 2.5 1 -0.521257 -0.239285 
0 4 2.5 1 -0.479716 -0.251664 
0 4 5 1 -0.457402 -0.0812555 
0 2 5 1 -0.49987 -0.0841752 
0.5 0.5 -0.5 1 -0.541321 -0.411572 
0.5 0.5 6 1 -0.489404 -0.0334739 
10.5 0.5 -0.5 1 -0.0813859 -0.360041 
10.5 0.5 6 1 -0.0633439 -0.0860728 
10.5 10.5 -0.5 1 0.297879 -0.4685 
10.5 10.5 6 1 0.300208 -0.0743082 
0.5 10.5 -0.5 1 -0.244731 -0.632508 
0.5 10.5 6 1 -0.187339 0.0207861 
0.5 5.5 9.5 1 -0.348972 0.216496 
10.5 5.5 9.5 1 0.0938236 0.0796594 
0.5 6.5 -0.5 1 -0.404163 -0.513744 
0.5 8.5 -0.5 1 -0.334767 -0.565438 
0.5 8.5 4.5 1 -0.288877 -0.117787 
0.5 6.5 4.5 1 -0.358975 -0.117428 
0.5 2.5 2 1 -0.482481 -0.273936 
0.5 4.5 2 1 -0.436746 -0.289872 
0.5 4.5 4.5 1 -0.41545 -0.117138 
0.5 2.5 4.5 1 -0.461922 -0.1169 
