0 0 0 1 0.198091 -0.402947 
0 0 6.5 1 0.20581 -0.0930571 
10 0 0 1 0.652182 -0.610652 
10 0 6.5 1 0.628229 -0.0578316 
10 10 0 1 -0.207634 -0.723664 
10 10 6.5 1 -0.14436 0.0384162 
0 10 0 1 -0.295094 -0.417084 
0 10 6.5 1 -0.25837 -0.0509503 
0 5 10 1 0.00268712 0.0931024 
10 5 10 1 0.303193 0.280295 
0 6 0 1 -0.0769643 -0.410832 
0 8 0 1 -0.182045 -0.413844 
0 8 5 1 -0.159189 -0.138634 
0 6 5 1 -0.0591576 -0.145048 
0 2 2.5 1 0.117264 -0.278613 
0 4 2.5 1 0.0277816 -0.276954 
0 4 5 1 0.034332 -0.151042 
0 2 5 1 0.121901 -0.156657 
0.5 0.5 -0.5 1 0.189088 -0.43546 
0.5 0.5 6 1 0.197506 -0.113622 
10.5 0.5 -0.5 1 0.665005 -0.684122 
10.5 0.5 6 1 0.638518 -0.0921887 
10.5 10.5 -0.5 1 -0.269339 -0.839822 
10.5 10.5 6 1 -0.193443 -0.00127617 
0.5 10.5 -0.5 1 -0.326622 -0.456614 
0.5 10.5 6 1 -0.286607 -0.0736733 
0.5 5.5 9.5 1 -0.0132288 0.0779685 
10.5 5.5 9.5 1 0.293335 0.264497 
0.5 6.5 -0.5 1 -0.0976799 -0.447223 
0.5 8.5 -0.5 1 -0.207801 -0.45174 
0.5 8.5 4.5 1 -0.182933 -0.164222 
0.5 6.5 4.5 1 -0.0783338 -0.169979 
0.5 2.5 2 1 0.105263 -0.307133 
0.5 4.5 2 1 0.012071 -0.306399 
0.5 4.5 4.5 1 0.0191781 -0.175345 
0.5 2.5 4.5 1 0.110299 -0.180359 
