0 0 0 1 0.32593 -0.498221 
0 0 6.5 1 0.354887 0.0130114 
10 0 0 1 -0.331489 -0.359905 
10 0 6.5 1 -0.2849 0.0422593 
10 10 0 1 -0.078776 -0.272427 
10 10 6.5 1 -0.0547973 -0.0175735 
0 10 0 1 0.337023 -0.338312 
0 10 6.5 1 0.353661 -0.0436197 
0 5 10 1 0.364922 0.168495 
10 5 10 1 -0.127982 0.166638 
0 6 0 1 0.333955 -0.382537 
0 8 0 1 0.335632 -0.358362 
0 8 5 1 0.349714 -0.109049 
0 6 5 1 0.349491 -0.107615 
0 2 2.5 1 0.339239 -0.273986 
0 4 2.5 1 0.340675 -0.256951 
0 4 5 1 0.349218 -0.105861 
0 2 5 1 0.348877 -0.103668 
0.5 0.5 -0.5 1 0.284822 -0.515859 
0.5 0.5 6 1 0.314304 -0.0258122 
10.5 0.5 -0.5 1 -0.340741 -0.37889 
10.5 0.5 6 1 -0.295439 0.0100613 
10.5 10.5 -0.5 1 -0.0904503 -0.286548 
10.5 10.5 6 1 -0.0667455 -0.0370627 
0.5 10.5 -0.5 1 0.3127 -0.352816 
0.5 10.5 6 1 0.329535 -0.0652831 
0.5 5.5 9.5 1 0.334835 0.135117 
10.5 5.5 9.5 1 -0.140331 0.138391 
0.5 6.5 -0.5 1 0.304881 -0.398541 
0.5 8.5 -0.5 1 0.309145 -0.373607 
0.5 8.5 4.5 1 0.323404 -0.130942 
0.5 6.5 4.5 1 0.320628 -0.131681 
0.5 2.5 2 1 0.303268 -0.297874 
0.5 4.5 2 1 0.308582 -0.278818 
0.5 4.5 4.5 1 0.317255 -0.132581 
0.5 2.5 4.5 1 0.313067 -0.133697 
