0.310865 -0.391705 0.364061 0.0696183 
-0.32502 -0.272385 -0.292635 0.125687 
-0.114694 -0.160161 -0.0918266 0.0889162 
0.281351 -0.21993 0.312068 0.0525228 
0.310865 -0.391705 -0.32502 -0.272385 
-0.32502 -0.272385 -0.114694 -0.160161 
-0.114694 -0.160161 0.281351 -0.21993 
0.281351 -0.21993 0.310865 -0.391705 
0.364061 0.0696183 0.35282 0.248435 
0.35282 0.248435 0.312068 0.0525228 
-0.292635 0.125687 -0.153992 0.272101 
-0.153992 0.272101 -0.0918266 0.0889162 
0.35282 0.248435 -0.153992 0.272101 
0.364061 0.0696183 -0.292635 0.125687 
0.312068 0.0525228 -0.0918266 0.0889162 
0.289694 -0.268486 0.285151 -0.242046 
0.285151 -0.242046 0.310869 -0.0145889 
0.310869 -0.0145889 0.318019 -0.0188461 
0.318019 -0.0188461 0.289694 -0.268486 
0.319711 -0.186833 0.310867 -0.163343 
0.310867 -0.163343 0.32674 -0.0240394 
0.32674 -0.0240394 0.337616 -0.0305156 
0.337616 -0.0305156 0.319711 -0.186833 
