0 0 0 1 -0.587365 -0.238255 
0 0 6.5 1 -0.658274 0.243359 
10 0 0 1 -0.192331 -0.0622694 
10 0 6.5 1 -0.210808 0.227897 
10 10 0 1 0.252397 -0.0998943 
10 10 6.5 1 0.261005 0.247431 
0 10 0 1 0.110807 -0.373713 
0 10 6.5 1 0.108329 0.289237 
0 5 10 1 -0.372275 0.619988 
10 5 10 1 -0.00133232 0.424077 
0 6 0 1 -0.221805 -0.30918 
0 8 0 1 -0.0668076 -0.339252 
0 8 5 1 -0.0856943 0.121215 
0 6 5 1 -0.253331 0.122037 
0 2 2.5 1 -0.502379 -0.0751947 
0 4 2.5 1 -0.377901 -0.0881643 
0 4 5 1 -0.39921 0.122753 
0 2 5 1 -0.527309 0.123381 
0.5 0.5 -0.5 1 -0.525757 -0.261744 
0.5 0.5 6 1 -0.588741 0.204069 
10.5 0.5 -0.5 1 -0.160908 -0.079363 
10.5 0.5 6 1 -0.177299 0.205035 
10.5 10.5 -0.5 1 0.281484 -0.119519 
10.5 10.5 6 1 0.291901 0.219566 
0.5 10.5 -0.5 1 0.169903 -0.400778 
0.5 10.5 6 1 0.175485 0.232441 
0.5 5.5 9.5 1 -0.295925 0.558059 
10.5 5.5 9.5 1 0.0325972 0.394595 
0.5 6.5 -0.5 1 -0.159897 -0.334865 
0.5 8.5 -0.5 1 -0.0058468 -0.365653 
0.5 8.5 4.5 1 -0.0183776 0.0760444 
0.5 6.5 4.5 1 -0.184994 0.079871 
0.5 2.5 2 1 -0.437368 -0.105465 
0.5 4.5 2 1 -0.312665 -0.119878 
0.5 4.5 4.5 1 -0.330654 0.0832163 
0.5 2.5 4.5 1 -0.459078 0.0861657 
