0 0 0 1 0.0936207 -0.0563924 
0 0 6.5 1 0.0856876 0.204066 
10 0 0 1 0.519841 -0.122743 
10 0 6.5 1 0.536603 0.233384 
10 10 0 1 0.255317 -0.338128 
10 10 6.5 1 0.254548 0.240542 
0 10 0 1 -0.240787 -0.16621 
0 10 6.5 1 -0.274368 0.196114 
0 5 10 1 -0.0731079 0.378244 
10 5 10 1 0.439619 0.50471 
0 6 0 1 -0.0797668 -0.113332 
0 8 0 1 -0.15441 -0.137844 
0 8 5 1 -0.173874 0.117027 
0 6 5 1 -0.0946119 0.124539 
0 2 2.5 1 0.0386423 0.0298754 
0 4 2.5 1 -0.0201186 0.0173457 
0 4 5 1 -0.0258413 0.131058 
0 2 5 1 0.0343916 0.136767 
0.5 0.5 -0.5 1 0.0979693 -0.0825328 
0.5 0.5 6 1 0.0900424 0.183349 
10.5 0.5 -0.5 1 0.540133 -0.160852 
10.5 0.5 6 1 0.558864 0.205481 
10.5 10.5 -0.5 1 0.274217 -0.413294 
10.5 10.5 6 1 0.275611 0.192588 
0.5 10.5 -0.5 1 -0.246187 -0.206759 
0.5 10.5 6 1 -0.281377 0.166099 
0.5 5.5 9.5 1 -0.0727682 0.358493 
10.5 5.5 9.5 1 0.464596 0.480545 
0.5 6.5 -0.5 1 -0.0796416 -0.146643 
0.5 8.5 -0.5 1 -0.156653 -0.174441 
0.5 8.5 4.5 1 -0.176875 0.087172 
0.5 6.5 4.5 1 -0.0949405 0.0970987 
0.5 2.5 2 1 0.0418901 0.00388466 
0.5 4.5 2 1 -0.0183142 -0.0107325 
0.5 4.5 4.5 1 -0.0241643 0.105674 
0.5 2.5 4.5 1 0.037588 0.113155 
