0 0 0 1 -0.240233 0.0279913 
0 0 6.5 1 -0.243952 0.300215 
10 0 0 1 0.154629 0.0220503 
10 0 6.5 1 0.170704 0.282614 
10 10 0 1 0.310094 -0.0831817 
10 10 6.5 1 0.349586 0.340393 
0 10 0 1 -0.330927 -0.0805698 
0 10 6.5 1 -0.345317 0.374754 
0 5 10 1 -0.285506 0.530354 
10 5 10 1 0.252035 0.495229 
0 6 0 1 -0.283416 -0.0236994 
0 8 0 1 -0.304438 -0.0488619 
0 8 5 1 -0.312409 0.254406 
0 6 5 1 -0.289423 0.247946 
0 2 2.5 1 -0.253923 0.123733 
0 4 2.5 1 -0.268581 0.116918 
0 4 5 1 -0.27094 0.242751 
0 2 5 1 -0.255756 0.238484 
0.5 0.5 -0.5 1 -0.221895 0.0041559 
0.5 0.5 6 1 -0.224702 0.279145 
10.5 0.5 -0.5 1 0.177546 -0.000904401 
10.5 0.5 6 1 0.195003 0.262187 
10.5 10.5 -0.5 1 0.35066 -0.122713 
10.5 10.5 6 1 0.394514 0.307556 
0.5 10.5 -0.5 1 -0.302503 -0.122805 
0.5 10.5 6 1 -0.314676 0.340287 
0.5 5.5 9.5 1 -0.261028 0.507143 
10.5 5.5 9.5 1 0.285026 0.472648 
0.5 6.5 -0.5 1 -0.260091 -0.0560054 
0.5 8.5 -0.5 1 -0.278806 -0.0854817 
0.5 8.5 4.5 1 -0.285415 0.222219 
0.5 6.5 4.5 1 -0.264971 0.219198 
0.5 2.5 2 1 -0.233778 0.098765 
0.5 4.5 2 1 -0.246727 0.0894035 
0.5 4.5 4.5 1 -0.248602 0.216778 
0.5 2.5 4.5 1 -0.235201 0.214798 
