0 0 0 1 0.29233 -0.289653 
0 0 6.5 1 0.254744 0.0593981 
10 0 0 1 0.232149 -0.593005 
10 0 6.5 1 0.157672 0.118834 
10 10 0 1 -0.590903 -0.519201 
10 10 6.5 1 -0.631648 0.00493013 
0 10 0 1 -0.182981 -0.293642 
0 10 6.5 1 -0.21026 0.00327349 
0 5 10 1 -0.0133869 0.199033 
10 5 10 1 -0.324555 0.368544 
0 6 0 1 -0.0111846 -0.2922 
0 8 0 1 -0.099757 -0.292944 
0 8 5 1 -0.122091 -0.0569604 
0 6 5 1 -0.0349468 -0.0487014 
0 2 2.5 1 0.170617 -0.159964 
0 4 2.5 1 0.070549 -0.165126 
0 4 5 1 0.0579352 -0.0398986 
0 2 5 1 0.157141 -0.0304965 
0.5 0.5 -0.5 1 0.265318 -0.325098 
0.5 0.5 6 1 0.227387 0.0305313 
10.5 0.5 -0.5 1 0.173665 -0.678088 
10.5 0.5 6 1 0.0979056 0.0616407 
10.5 10.5 -0.5 1 -0.655606 -0.579003 
10.5 10.5 6 1 -0.696284 -0.0399079 
0.5 10.5 -0.5 1 -0.213041 -0.323715 
0.5 10.5 6 1 -0.240427 -0.0220539 
0.5 5.5 9.5 1 -0.0426706 0.174938 
10.5 5.5 9.5 1 -0.389105 0.32833 
0.5 6.5 -0.5 1 -0.0404401 -0.324214 
0.5 8.5 -0.5 1 -0.129469 -0.323957 
0.5 8.5 4.5 1 -0.151912 -0.0840747 
0.5 6.5 4.5 1 -0.0643415 -0.0765619 
0.5 2.5 2 1 0.142575 -0.191795 
0.5 4.5 2 1 0.0417902 -0.195972 
0.5 4.5 4.5 1 0.0290903 -0.0685462 
0.5 2.5 4.5 1 0.128992 -0.0599754 
