0.300112 -0.527838 0.241035 0.0823638 
-0.223469 -0.353308 -0.261517 0.0140891 
0.121939 -0.219376 0.0961117 0.0420664 
0.570937 -0.270901 0.537062 0.093812 
0.300112 -0.527838 -0.223469 -0.353308 
-0.223469 -0.353308 0.121939 -0.219376 
0.121939 -0.219376 0.570937 -0.270901 
0.570937 -0.270901 0.300112 -0.527838 
0.241035 0.0823638 0.403144 0.337679 
0.403144 0.337679 0.537062 0.093812 
-0.261517 0.0140891 -0.069099 0.195974 
-0.069099 0.195974 0.0961117 0.0420664 
0.403144 0.337679 -0.069099 0.195974 
0.241035 0.0823638 -0.261517 0.0140891 
0.537062 0.093812 0.0961117 0.0420664 
0.49378 -0.344101 0.535735 -0.304298 
0.535735 -0.304298 0.507276 0.000428066 
0.507276 0.000428066 0.462392 -0.0101938 
0.462392 -0.0101938 0.49378 -0.344101 
0.360293 -0.246116 0.425473 -0.208169 
0.425473 -0.208169 0.407938 -0.0230806 
0.407938 -0.0230806 0.340486 -0.0390433 
0.340486 -0.0390433 0.360293 -0.246116 
