0 0 0 1 -0.591747 -0.215552 
0 0 6.5 1 -0.645725 0.246611 
10 0 0 1 -0.183886 -0.0583068 
10 0 6.5 1 -0.192348 0.227175 
10 10 0 1 0.247771 -0.118711 
10 10 6.5 1 0.268414 0.229056 
0 10 0 1 0.0463621 -0.391696 
0 10 6.5 1 0.0585481 0.259345 
0 5 10 1 -0.381176 0.598262 
10 5 10 1 0.0158591 0.414208 
0 6 0 1 -0.262285 -0.306497 
0 8 0 1 -0.119531 -0.345902 
0 8 5 1 -0.1274 0.103489 
0 6 5 1 -0.282434 0.112281 
0 2 2.5 1 -0.512566 -0.0648294 
0 4 2.5 1 -0.400406 -0.0840861 
0 4 5 1 -0.415558 0.11983 
0 2 5 1 -0.53111 0.126383 
0.5 0.5 -0.5 1 -0.533708 -0.240942 
0.5 0.5 6 1 -0.580826 0.207391 
10.5 0.5 -0.5 1 -0.15334 -0.0764023 
10.5 0.5 6 1 -0.159919 0.203782 
10.5 10.5 -0.5 1 0.277466 -0.139645 
10.5 10.5 6 1 0.299829 0.200269 
0.5 10.5 -0.5 1 0.107149 -0.421521 
0.5 10.5 6 1 0.127274 0.202155 
0.5 5.5 9.5 1 -0.3077 0.537959 
10.5 5.5 9.5 1 0.0493411 0.384315 
0.5 6.5 -0.5 1 -0.201372 -0.334587 
0.5 8.5 -0.5 1 -0.0583399 -0.37489 
0.5 8.5 4.5 1 -0.060174 0.0574434 
0.5 6.5 4.5 1 -0.215593 0.0693732 
0.5 2.5 2 1 -0.450761 -0.0964581 
0.5 4.5 2 1 -0.337481 -0.117295 
0.5 4.5 4.5 1 -0.349651 0.0796634 
0.5 2.5 4.5 1 -0.46647 0.0886303 
