-0.0888973 -0.300333 -0.0405547 0.394064 
-0.257157 -0.078039 -0.240786 0.276185 
0.189178 -0.0732774 0.218991 0.216167 
0.602186 -0.227214 0.678747 0.255268 
-0.0888973 -0.300333 -0.257157 -0.078039 
-0.257157 -0.078039 0.189178 -0.0732774 
0.189178 -0.0732774 0.602186 -0.227214 
0.602186 -0.227214 -0.0888973 -0.300333 
-0.0405547 0.394064 0.427369 0.654874 
0.427369 0.654874 0.678747 0.255268 
-0.240786 0.276185 0.0264268 0.42563 
0.0264268 0.42563 0.218991 0.216167 
0.427369 0.654874 0.0264268 0.42563 
-0.0405547 0.394064 -0.240786 0.276185 
0.678747 0.255268 0.218991 0.216167 
0.380886 -0.250628 0.498433 -0.238191 
0.498433 -0.238191 0.555039 0.151065 
0.555039 0.151065 0.435092 0.165234 
0.435092 0.165234 0.380886 -0.250628 
0.113441 -0.0477151 0.271117 -0.0479641 
0.271117 -0.0479641 0.297066 0.181539 
0.297066 0.181539 0.13654 0.200502 
0.13654 0.200502 0.113441 -0.0477151 
