0 0 0 1 0.322271 -0.099874 
0 0 6.5 1 0.33036 0.327845 
10 0 0 1 -0.316143 -0.133975 
10 0 6.5 1 -0.360684 0.303294 
10 10 0 1 -0.212642 -0.0107741 
10 10 6.5 1 -0.23393 0.254039 
0 10 0 1 0.179672 0.00829211 
0 10 6.5 1 0.177644 0.269566 
0 5 10 1 0.235272 0.482795 
10 5 10 1 -0.298296 0.467361 
0 6 0 1 0.221238 -0.0232372 
0 8 0 1 0.198731 -0.00616522 
0 8 5 1 0.197815 0.209169 
0 6 5 1 0.221215 0.211673 
0 2 2.5 1 0.282711 0.0711164 
0 4 2.5 1 0.248841 0.082463 
0 4 5 1 0.249492 0.2147 
0 2 5 1 0.284348 0.21843 
0.5 0.5 -0.5 1 0.280531 -0.122422 
0.5 0.5 6 1 0.285086 0.287771 
10.5 0.5 -0.5 1 -0.336538 -0.155908 
10.5 0.5 6 1 -0.381015 0.263034 
10.5 10.5 -0.5 1 -0.227525 -0.027037 
10.5 10.5 6 1 -0.24904 0.230962 
0.5 10.5 -0.5 1 0.156624 -0.00812343 
0.5 10.5 6 1 0.153556 0.246521 
0.5 5.5 9.5 1 0.20267 0.447051 
10.5 5.5 9.5 1 -0.315905 0.431299 
0.5 6.5 -0.5 1 0.19308 -0.0417527 
0.5 8.5 -0.5 1 0.173376 -0.023576 
0.5 8.5 4.5 1 0.171496 0.185905 
0.5 6.5 4.5 1 0.191864 0.186206 
0.5 2.5 2 1 0.245734 0.0451108 
0.5 4.5 2 1 0.216477 0.0587082 
0.5 4.5 4.5 1 0.216353 0.186567 
0.5 2.5 4.5 1 0.246357 0.18701 
