0 0 0 1 -0.191327 -0.134928 
0 0 6.5 1 -0.169773 0.119926 
10 0 0 1 0.201486 -0.176036 
10 0 6.5 1 0.229676 0.0824723 
10 10 0 1 0.30288 -0.329263 
10 10 6.5 1 0.352853 0.100015 
0 10 0 1 -0.3445 -0.257684 
0 10 6.5 1 -0.312753 0.161622 
0 5 10 1 -0.209279 0.311515 
10 5 10 1 0.295728 0.268188 
0 6 0 1 -0.264473 -0.193548 
0 8 0 1 -0.299939 -0.221971 
0 8 5 1 -0.277687 0.062194 
0 6 5 1 -0.243968 0.0616079 
0 2 2.5 1 -0.202796 -0.045897 
0 4 2.5 1 -0.226147 -0.0554502 
0 4 5 1 -0.216584 0.0611318 
0 2 5 1 -0.193902 0.0607375 
0.5 0.5 -0.5 1 -0.178053 -0.160481 
0.5 0.5 6 1 -0.155858 0.099023 
10.5 0.5 -0.5 1 0.22279 -0.202839 
10.5 0.5 6 1 0.251896 0.0604527 
10.5 10.5 -0.5 1 0.342076 -0.379432 
10.5 10.5 6 1 0.394848 0.0631907 
0.5 10.5 -0.5 1 -0.327413 -0.304136 
0.5 10.5 6 1 -0.294147 0.127901 
0.5 5.5 9.5 1 -0.192638 0.289844 
10.5 5.5 9.5 1 0.325718 0.244927 
0.5 6.5 -0.5 1 -0.248908 -0.22863 
0.5 8.5 -0.5 1 -0.283571 -0.261969 
0.5 8.5 4.5 1 -0.260373 0.0297674 
0.5 6.5 4.5 1 -0.227617 0.0326151 
0.5 2.5 2 1 -0.188522 -0.0719427 
0.5 4.5 2 1 -0.211057 -0.0842054 
0.5 4.5 4.5 1 -0.201158 0.0349153 
0.5 2.5 4.5 1 -0.179341 0.0368119 
