-0.58388 -0.261256 -0.663562 0.238089 
-0.198467 -0.0749746 -0.22366 0.218717 
0.256294 -0.0939484 0.254574 0.25256 
0.163622 -0.359935 0.148406 0.31452 
-0.58388 -0.261256 -0.198467 -0.0749746 
-0.198467 -0.0749746 0.256294 -0.0939484 
0.256294 -0.0939484 0.163622 -0.359935 
0.163622 -0.359935 -0.58388 -0.261256 
-0.663562 0.238089 -0.358563 0.63284 
-0.358563 0.63284 0.148406 0.31452 
-0.22366 0.218717 -0.013749 0.420777 
-0.013749 0.420777 0.254574 0.25256 
-0.358563 0.63284 -0.013749 0.420777 
-0.663562 0.238089 -0.22366 0.218717 
0.148406 0.31452 0.254574 0.25256 
-0.188169 -0.313495 -0.0232729 -0.335263 
-0.0232729 -0.335263 -0.0503132 0.136731 
-0.0503132 0.136731 -0.227069 0.130227 
-0.227069 0.130227 -0.188169 -0.313495 
-0.492297 -0.0856888 -0.357802 -0.0926248 
-0.357802 -0.0926248 -0.382655 0.124501 
-0.382655 0.124501 -0.520659 0.119422 
-0.520659 0.119422 -0.492297 -0.0856888 
