0.246092 -0.441654 0.248555 -0.0957118 
0.491529 -0.734331 0.469188 -0.0174897 
-0.603417 -0.661041 -0.507304 0.0265422 
-0.280539 -0.410876 -0.249049 -0.0719251 
0.246092 -0.441654 0.491529 -0.734331 
0.491529 -0.734331 -0.603417 -0.661041 
-0.603417 -0.661041 -0.280539 -0.410876 
-0.280539 -0.410876 0.246092 -0.441654 
0.248555 -0.0957118 0.00633146 0.0853324 
0.00633146 0.0853324 -0.249049 -0.0719251 
0.469188 -0.0174897 -0.00887112 0.322846 
-0.00887112 0.322846 -0.507304 0.0265422 
0.00633146 0.0853324 -0.00887112 0.322846 
0.248555 -0.0957118 0.469188 -0.0174897 
-0.249049 -0.0719251 -0.507304 0.0265422 
-0.0719463 -0.423067 -0.176582 -0.416952 
-0.176582 -0.416952 -0.156454 -0.151774 
-0.156454 -0.151774 -0.0562834 -0.156797 
-0.0562834 -0.156797 -0.0719463 -0.423067 
0.142737 -0.298191 0.0390671 -0.292571 
0.0390671 -0.292571 0.0445138 -0.161852 
0.0445138 -0.161852 0.145944 -0.166939 
0.145944 -0.166939 0.142737 -0.298191 
