0 0 0 1 0.250046 -0.0819105 
0 0 6.5 1 0.270968 0.280748 
10 0 0 1 -0.10973 -0.293272 
10 0 6.5 1 -0.120744 0.352065 
10 10 0 1 -0.572492 -0.117066 
10 10 6.5 1 -0.619187 0.298595 
0 10 0 1 -0.144464 -0.013278 
0 10 6.5 1 -0.15087 0.26353 
0 5 10 1 0.0324499 0.457245 
10 5 10 1 -0.452475 0.638541 
0 6 0 1 -0.011127 -0.0364745 
0 8 0 1 -0.0810718 -0.0243063 
0 8 5 1 -0.0833442 0.196197 
0 6 5 1 -0.0102169 0.195389 
0 2 2.5 1 0.157685 0.0608924 
0 4 2.5 1 0.0688014 0.0692802 
0 4 5 1 0.0712793 0.194487 
0 2 5 1 0.162668 0.193477 
0.5 0.5 -0.5 1 0.212509 -0.109434 
0.5 0.5 6 1 0.230649 0.251515 
10.5 0.5 -0.5 1 -0.17623 -0.34195 
10.5 0.5 6 1 -0.196509 0.297763 
10.5 10.5 -0.5 1 -0.616206 -0.148544 
10.5 10.5 6 1 -0.666722 0.26486 
0.5 10.5 -0.5 1 -0.173471 -0.0343042 
0.5 10.5 6 1 -0.181512 0.24152 
0.5 5.5 9.5 1 -0.00361516 0.431393 
10.5 5.5 9.5 1 -0.514482 0.594854 
0.5 6.5 -0.5 1 -0.0430346 -0.0596931 
0.5 8.5 -0.5 1 -0.11146 -0.0463744 
0.5 8.5 4.5 1 -0.115098 0.173303 
0.5 6.5 4.5 1 -0.0436329 0.171254 
0.5 2.5 2 1 0.121321 0.0344093 
0.5 4.5 2 1 0.0343974 0.0442835 
0.5 4.5 4.5 1 0.0360172 0.16897 
0.5 2.5 4.5 1 0.125344 0.166408 
