0 0 0 1 0.0572447 -0.163911 
0 0 6.5 1 0.0320145 0.0901666 
10 0 0 1 0.488073 -0.173538 
10 0 6.5 1 0.458023 0.152743 
10 10 0 1 0.355059 -0.357237 
10 10 6.5 1 0.302135 0.202091 
0 10 0 1 -0.239248 -0.283038 
0 10 6.5 1 -0.278542 0.0930694 
0 5 10 1 -0.109733 0.25592 
10 5 10 1 0.379837 0.395179 
0 6 0 1 -0.0919862 -0.22387 
0 8 0 1 -0.159165 -0.250862 
0 8 5 1 -0.186337 0.0127465 
0 6 5 1 -0.116687 0.0185234 
0 2 2.5 1 0.00397802 -0.0769124 
0 4 2.5 1 -0.0461221 -0.0889444 
0 4 5 1 -0.0574619 0.0234357 
0 2 5 1 -0.00648456 0.0276638 
0.5 0.5 -0.5 1 0.0661951 -0.188432 
0.5 0.5 6 1 0.040303 0.0725979 
10.5 0.5 -0.5 1 0.515055 -0.205586 
10.5 0.5 6 1 0.484076 0.132249 
10.5 10.5 -0.5 1 0.394122 -0.425116 
10.5 10.5 6 1 0.338229 0.169048 
0.5 10.5 -0.5 1 -0.238126 -0.324766 
0.5 10.5 6 1 -0.279054 0.0667774 
0.5 5.5 9.5 1 -0.104493 0.240305 
10.5 5.5 9.5 1 0.409626 0.380089 
0.5 6.5 -0.5 1 -0.0859583 -0.256596 
0.5 8.5 -0.5 1 -0.155124 -0.287582 
0.5 8.5 4.5 1 -0.183306 -0.0141516 
0.5 6.5 4.5 1 -0.111491 -0.00592266 
0.5 2.5 2 1 0.0120034 -0.100649 
0.5 4.5 2 1 -0.0390804 -0.114896 
0.5 4.5 4.5 1 -0.0507699 0.00103513 
0.5 2.5 4.5 1 0.00124399 0.00699518 
