0 0 0 1 0.149411 -0.0956018 
0 0 6.5 1 0.177209 0.179426 
10 0 0 1 0.577256 -0.234967 
10 0 6.5 1 0.64133 0.186304 
10 10 0 1 0.0647501 -0.355313 
10 10 6.5 1 0.126852 0.303723 
0 10 0 1 -0.260296 -0.120044 
0 10 6.5 1 -0.240634 0.239652 
0 5 10 1 0.0107791 0.382663 
10 5 10 1 0.481669 0.534702 
0 6 0 1 -0.0701352 -0.1087 
0 8 0 1 -0.159847 -0.114052 
0 8 5 1 -0.142779 0.144289 
0 6 5 1 -0.051511 0.135598 
0 2 2.5 1 0.0934812 0.00926252 
0 4 2.5 1 0.0202339 0.0104539 
0 4 5 1 0.0302518 0.127812 
0 2 5 1 0.103921 0.120797 
0.5 0.5 -0.5 1 0.145442 -0.122318 
0.5 0.5 6 1 0.173893 0.159583 
10.5 0.5 -0.5 1 0.58919 -0.282354 
10.5 0.5 6 1 0.656719 0.155236 
10.5 10.5 -0.5 1 0.0493431 -0.438273 
10.5 10.5 6 1 0.114666 0.261618 
0.5 10.5 -0.5 1 -0.280115 -0.155913 
0.5 10.5 6 1 -0.260563 0.215639 
0.5 5.5 9.5 1 0.00148957 0.366246 
10.5 5.5 9.5 1 0.492305 0.514716 
0.5 6.5 -0.5 1 -0.081731 -0.140252 
0.5 8.5 -0.5 1 -0.175134 -0.147625 
0.5 8.5 4.5 1 -0.15794 0.118637 
0.5 6.5 4.5 1 -0.0628315 0.111118 
0.5 2.5 2 1 0.087642 -0.0161016 
0.5 4.5 2 1 0.0118522 -0.0162172 
0.5 4.5 4.5 1 0.0220659 0.104405 
0.5 2.5 4.5 1 0.0983124 0.098377 
