-0.496511 -0.904469 -0.418882 -0.120484 
-0.282458 -0.52293 -0.258032 -0.159378 
0.254662 -0.516578 0.244323 -0.169969 
0.629035 -0.853332 0.563869 -0.144317 
-0.496511 -0.904469 -0.282458 -0.52293 
-0.282458 -0.52293 0.254662 -0.516578 
0.254662 -0.516578 0.629035 -0.853332 
0.629035 -0.853332 -0.496511 -0.904469 
-0.418882 -0.120484 0.0946974 0.195019 
0.0946974 0.195019 0.563869 -0.144317 
-0.258032 -0.159378 0.00201928 0.00807128 
0.00201928 0.00807128 0.244323 -0.169969 
0.0946974 0.195019 0.00201928 0.00807128 
-0.418882 -0.120484 -0.258032 -0.159378 
0.563869 -0.144317 0.244323 -0.169969 
0.206898 -0.872511 0.422266 -0.862726 
0.422266 -0.862726 0.389883 -0.290459 
0.389883 -0.290459 0.195269 -0.288556 
0.195269 -0.288556 0.206898 -0.872511 
-0.233317 -0.572405 -0.0119053 -0.56878 
-0.0119053 -0.56878 -0.00677313 -0.286579 
-0.00677313 -0.286579 -0.216678 -0.284526 
-0.216678 -0.284526 -0.233317 -0.572405 
