0 0 0 1 0.211393 -0.441213 
0 0 6.5 1 0.212195 -0.123551 
10 0 0 1 0.66956 -0.667512 
10 0 6.5 1 0.627484 -0.0884834 
10 10 0 1 -0.241433 -0.799023 
10 10 6.5 1 -0.182614 -0.0151826 
0 10 0 1 -0.292831 -0.463288 
0 10 6.5 1 -0.260201 -0.0926129 
0 5 10 1 0.000805216 0.0589994 
10 5 10 1 0.276169 0.245256 
0 6 0 1 -0.0715166 -0.453599 
0 8 0 1 -0.178464 -0.458281 
0 8 5 1 -0.159241 -0.178425 
0 6 5 1 -0.0578107 -0.182617 
0 2 2.5 1 0.125125 -0.314857 
0 4 2.5 1 0.033222 -0.314885 
0 4 5 1 0.037531 -0.186558 
0 2 5 1 0.127317 -0.190269 
0.5 0.5 -0.5 1 0.202007 -0.475332 
0.5 0.5 6 1 0.203361 -0.145037 
10.5 0.5 -0.5 1 0.682796 -0.747327 
10.5 0.5 6 1 0.636828 -0.12505 
10.5 10.5 -0.5 1 -0.309503 -0.923865 
10.5 10.5 6 1 -0.236583 -0.0585897 
0.5 10.5 -0.5 1 -0.325206 -0.504506 
0.5 10.5 6 1 -0.289173 -0.116508 
0.5 5.5 9.5 1 -0.0158697 0.0430025 
10.5 5.5 9.5 1 0.26316 0.227649 
0.5 6.5 -0.5 1 -0.0929933 -0.491656 
0.5 8.5 -0.5 1 -0.205049 -0.497857 
0.5 8.5 4.5 1 -0.183769 -0.205206 
0.5 6.5 4.5 1 -0.0777477 -0.208696 
0.5 2.5 2 1 0.112555 -0.344691 
0.5 4.5 2 1 0.0168335 -0.345671 
0.5 4.5 4.5 1 0.0216783 -0.211968 
0.5 2.5 4.5 1 0.115106 -0.215044 
