0.256721 -0.496981 0.235986 -0.1631 
0.710918 -0.773948 0.622141 -0.1292 
-0.319517 -0.948232 -0.287345 -0.130834 
-0.267772 -0.542619 -0.255434 -0.167753 
0.256721 -0.496981 0.710918 -0.773948 
0.710918 -0.773948 -0.319517 -0.948232 
-0.319517 -0.948232 -0.267772 -0.542619 
-0.267772 -0.542619 0.256721 -0.496981 
0.235986 -0.1631 0.000526143 0.00679831 
0.000526143 0.00679831 -0.255434 -0.167753 
0.622141 -0.1292 0.195809 0.189314 
0.195809 0.189314 -0.287345 -0.130834 
0.000526143 0.00679831 0.195809 0.189314 
0.235986 -0.1631 0.622141 -0.1292 
-0.255434 -0.167753 -0.287345 -0.130834 
-0.0433609 -0.523092 -0.152899 -0.532624 
-0.152899 -0.532624 -0.149402 -0.246818 
-0.149402 -0.246818 -0.0454675 -0.244069 
-0.0454675 -0.244069 -0.0433609 -0.523092 
0.155036 -0.368811 0.0575031 -0.374267 
0.0575031 -0.374267 0.053983 -0.241438 
0.053983 -0.241438 0.149233 -0.238919 
0.149233 -0.238919 0.155036 -0.368811 
