0 0 0 1 0.0748666 -0.239395 
0 0 6.5 1 0.0829191 0.435579 
10 0 0 1 -0.247803 -0.043301 
10 0 6.5 1 -0.267742 0.322647 
10 10 0 1 0.161498 0.012308 
10 10 6.5 1 0.169678 0.296057 
0 10 0 1 0.593197 -0.0877971 
0 10 6.5 1 0.645275 0.351856 
0 5 10 1 0.453749 0.723088 
10 5 10 1 -0.0215573 0.497521 
0 6 0 1 0.43454 -0.1342 
0 8 0 1 0.519626 -0.109315 
0 8 5 1 0.556504 0.246176 
0 6 5 1 0.467739 0.249344 
0 2 2.5 1 0.22609 0.0194542 
0 4 2.5 1 0.34822 0.0361914 
0 4 5 1 0.362587 0.253097 
0 2 5 1 0.236049 0.257613 
0.5 0.5 -0.5 1 0.0836946 -0.254493 
0.5 0.5 6 1 0.0922746 0.364824 
10.5 0.5 -0.5 1 -0.229803 -0.0598043 
10.5 0.5 6 1 -0.247596 0.289222 
10.5 10.5 -0.5 1 0.162732 -0.00242344 
10.5 10.5 6 1 0.170708 0.271056 
0.5 10.5 -0.5 1 0.574514 -0.105244 
0.5 10.5 6 1 0.622294 0.310187 
0.5 5.5 9.5 1 0.436949 0.644944 
10.5 5.5 9.5 1 -0.0129258 0.460534 
0.5 6.5 -0.5 1 0.42176 -0.151694 
0.5 8.5 -0.5 1 0.503398 -0.126869 
0.5 8.5 4.5 1 0.53714 0.208058 
0.5 6.5 4.5 1 0.452049 0.208008 
0.5 2.5 2 1 0.224386 -0.0122291 
0.5 4.5 2 1 0.33917 0.00611247 
0.5 4.5 4.5 1 0.352251 0.207949 
0.5 2.5 4.5 1 0.233573 0.207879 
