0.322214 -0.09713 0.316481 0.325889 
-0.318384 -0.152874 -0.369899 0.291012 
-0.23009 -0.0333147 -0.256731 0.233013 
0.162901 -0.00270783 0.153016 0.255962 
0.322214 -0.09713 -0.318384 -0.152874 
-0.318384 -0.152874 -0.23009 -0.0333147 
-0.23009 -0.0333147 0.162901 -0.00270783 
0.162901 -0.00270783 0.322214 -0.09713 
0.316481 0.325889 0.209083 0.468883 
0.209083 0.468883 0.153016 0.255962 
-0.369899 0.291012 -0.319251 0.448681 
-0.319251 0.448681 -0.256731 0.233013 
0.209083 0.468883 -0.319251 0.448681 
0.316481 0.325889 -0.369899 0.291012 
0.153016 0.255962 -0.256731 0.233013 
0.209381 -0.0302556 0.184218 -0.015342 
0.184218 -0.015342 0.176752 0.198233 
0.176752 0.198233 0.202135 0.202744 
0.202135 0.202744 0.209381 -0.0302556 
0.273436 0.069346 0.236212 0.0774992 
0.236212 0.0774992 0.232756 0.208186 
0.232756 0.208186 0.270419 0.21488 
0.270419 0.21488 0.273436 0.069346 
