0 0 0 1 0.341817 -0.519293 
0 0 6.5 1 0.297965 -0.0971466 
10 0 0 1 -0.34385 -0.671279 
10 0 6.5 1 -0.342607 -0.11718 
10 10 0 1 -0.364753 -0.460656 
10 10 6.5 1 -0.363005 -0.14753 
0 10 0 1 0.0682112 -0.396481 
0 10 6.5 1 0.0515245 -0.130361 
0 5 10 1 0.135152 0.0449472 
10 5 10 1 -0.354635 0.0592816 
0 6 0 1 0.14886 -0.432681 
0 8 0 1 0.105284 -0.413121 
0 8 5 1 0.0900108 -0.189745 
0 6 5 1 0.130636 -0.189716 
0 2 2.5 1 0.2499 -0.333503 
0 4 2.5 1 0.189546 -0.32001 
0 4 5 1 0.178747 -0.189682 
0 2 5 1 0.236622 -0.189641 
0.5 0.5 -0.5 1 0.297952 -0.549668 
0.5 0.5 6 1 0.257444 -0.13047 
10.5 0.5 -0.5 1 -0.389905 -0.708403 
10.5 0.5 6 1 -0.384878 -0.159476 
10.5 10.5 -0.5 1 -0.390642 -0.483612 
10.5 10.5 6 1 -0.387654 -0.172107 
0.5 10.5 -0.5 1 0.042725 -0.416575 
0.5 10.5 6 1 0.0272261 -0.151616 
0.5 5.5 9.5 1 0.105657 0.0182402 
10.5 5.5 9.5 1 -0.384791 0.0270988 
0.5 6.5 -0.5 1 0.118204 -0.455935 
0.5 8.5 -0.5 1 0.0774473 -0.434682 
0.5 8.5 4.5 1 0.0632693 -0.212377 
0.5 6.5 4.5 1 0.1013 -0.214241 
0.5 2.5 2 1 0.212559 -0.362072 
0.5 4.5 2 1 0.156278 -0.346051 
0.5 4.5 4.5 1 0.14627 -0.216444 
0.5 2.5 4.5 1 0.200269 -0.219091 
