0.210325 -0.397629 0.176192 0.219244 
-0.232729 -0.209244 -0.272364 0.148889 
0.133451 -0.0985557 0.116719 0.167277 
0.572854 -0.167413 0.569927 0.21855 
0.210325 -0.397629 -0.232729 -0.209244 
-0.232729 -0.209244 0.133451 -0.0985557 
0.133451 -0.0985557 0.572854 -0.167413 
0.572854 -0.167413 0.210325 -0.397629 
0.176192 0.219244 0.413962 0.499346 
0.413962 0.499346 0.569927 0.21855 
-0.272364 0.148889 -0.0621918 0.333819 
-0.0621918 0.333819 0.116719 0.167277 
0.413962 0.499346 -0.0621918 0.333819 
0.176192 0.219244 -0.272364 0.148889 
0.569927 0.21855 0.116719 0.167277 
0.46614 -0.235179 0.523814 -0.198555 
0.523814 -0.198555 0.519414 0.118467 
0.519414 0.118467 0.458785 0.109365 
0.458785 0.109365 0.46614 -0.235179 
0.305414 -0.128947 0.391742 -0.0947112 
0.391742 -0.0947112 0.385881 0.0984207 
0.385881 0.0984207 0.296554 0.0850108 
0.296554 0.0850108 0.305414 -0.128947 
