0.0810474 -0.0826361 0.0648632 0.174754 
0.509079 -0.12673 0.507919 0.218598 
0.292588 -0.339497 0.27275 0.23234 
-0.238561 -0.201199 -0.278414 0.163957 
0.0810474 -0.0826361 0.509079 -0.12673 
0.509079 -0.12673 0.292588 -0.339497 
0.292588 -0.339497 -0.238561 -0.201199 
-0.238561 -0.201199 0.0810474 -0.0826361 
0.0648632 0.174754 -0.0898666 0.343745 
-0.0898666 0.343745 -0.278414 0.163957 
0.507919 0.218598 0.417235 0.478021 
0.417235 0.478021 0.27275 0.23234 
-0.0898666 0.343745 0.417235 0.478021 
0.0648632 0.174754 0.507919 0.218598 
-0.278414 0.163957 0.27275 0.23234 
-0.0830931 -0.143526 -0.154794 -0.170124 
-0.154794 -0.170124 -0.179628 0.0862555 
-0.179628 0.0862555 -0.103683 0.094659 
-0.103683 0.094659 -0.0830931 -0.143526 
0.0260583 0.00241624 -0.0295119 -0.0110046 
-0.0295119 -0.0110046 -0.0382602 0.101898 
-0.0382602 0.101898 0.0186849 0.108199 
0.0186849 0.108199 0.0260583 0.00241624 
