0.249556 -0.0857398 0.284674 0.282108 
-0.176526 -0.240882 -0.163381 0.401646 
-0.562326 -0.0639884 -0.581659 0.335902 
-0.125926 -0.00333146 -0.118156 0.269759 
0.249556 -0.0857398 -0.176526 -0.240882 
-0.176526 -0.240882 -0.562326 -0.0639884 
-0.562326 -0.0639884 -0.125926 -0.00333146 
-0.125926 -0.00333146 0.249556 -0.0857398 
0.284674 0.282108 0.0624793 0.458519 
0.0624793 0.458519 -0.118156 0.269759 
-0.163381 0.401646 -0.431087 0.663847 
-0.431087 0.663847 -0.581659 0.335902 
0.0624793 0.458519 -0.431087 0.663847 
0.284674 0.282108 -0.163381 0.401646 
-0.118156 0.269759 -0.581659 0.335902 
-0.00144285 -0.0306523 -0.0670444 -0.0162545 
-0.0670444 -0.0162545 -0.0585421 0.202676 
-0.0585421 0.202676 0.01023 0.200693 
0.01023 0.200693 -0.00144285 -0.0306523 
0.165114 0.062516 0.0797265 0.0732405 
0.0797265 0.0732405 0.0876846 0.198459 
0.0876846 0.198459 0.175577 0.195924 
0.175577 0.195924 0.165114 0.062516 
