0 0 0 1 0.334246 -0.245926 
0 0 6.5 1 0.292583 0.157148 
10 0 0 1 -0.315623 -0.355801 
10 0 6.5 1 -0.361064 0.114495 
10 10 0 1 -0.281107 -0.222125 
10 10 6.5 1 -0.30785 0.0532728 
0 10 0 1 0.120049 -0.165636 
0 10 6.5 1 0.094643 0.085259 
0 5 10 1 0.153706 0.27858 
10 5 10 1 -0.345551 0.261934 
0 6 0 1 0.182834 -0.189171 
0 8 0 1 0.148874 -0.176441 
0 8 5 1 0.127662 0.0324521 
0 6 5 1 0.159658 0.0383146 
0 2 2.5 1 0.258596 -0.0843373 
0 4 2.5 1 0.210649 -0.0793751 
0 4 5 1 0.197896 0.0453206 
0 2 5 1 0.244397 0.0538409 
0.5 0.5 -0.5 1 0.293323 -0.274657 
0.5 0.5 6 1 0.252755 0.11953 
10.5 0.5 -0.5 1 -0.346239 -0.386321 
10.5 0.5 6 1 -0.390358 0.0719198 
10.5 10.5 -0.5 1 -0.299752 -0.242242 
10.5 10.5 6 1 -0.326032 0.0289778 
0.5 10.5 -0.5 1 0.0973907 -0.184789 
0.5 10.5 6 1 0.0723987 0.0626337 
0.5 5.5 9.5 1 0.125412 0.247509 
10.5 5.5 9.5 1 -0.367613 0.227463 
0.5 6.5 -0.5 1 0.155168 -0.21129 
0.5 8.5 -0.5 1 0.123953 -0.196972 
0.5 8.5 4.5 1 0.103115 0.00879522 
0.5 6.5 4.5 1 0.132438 0.0124935 
0.5 2.5 2 1 0.223585 -0.113216 
0.5 4.5 2 1 0.179862 -0.105575 
0.5 4.5 4.5 1 0.167378 0.0169002 
0.5 2.5 4.5 1 0.209718 0.0222402 
