0 0 0 1 0.126765 -0.285632 
0 0 6.5 1 0.118247 0.364412 
10 0 0 1 -0.24391 -0.0917935 
10 0 6.5 1 -0.274288 0.270778 
10 10 0 1 0.1485 -0.0136459 
10 10 6.5 1 0.146196 0.263254 
0 10 0 1 0.582997 -0.100648 
0 10 6.5 1 0.614386 0.317291 
0 5 10 1 0.43759 0.653438 
10 5 10 1 -0.0418873 0.451625 
0 6 0 1 0.445314 -0.156473 
0 8 0 1 0.519364 -0.126448 
0 8 5 1 0.540806 0.212941 
0 6 5 1 0.463353 0.210535 
0 2 2.5 1 0.256272 -0.0240715 
0 4 2.5 1 0.364293 0.000390261 
0 4 5 1 0.371012 0.207665 
0 2 5 1 0.259031 0.204186 
0.5 0.5 -0.5 1 0.129638 -0.297651 
0.5 0.5 6 1 0.122121 0.30074 
10.5 0.5 -0.5 1 -0.22728 -0.106638 
10.5 0.5 6 1 -0.255243 0.239345 
10.5 10.5 -0.5 1 0.14912 -0.0275409 
10.5 10.5 6 1 0.146923 0.239595 
0.5 10.5 -0.5 1 0.56399 -0.117114 
0.5 10.5 6 1 0.592378 0.278941 
0.5 5.5 9.5 1 0.420521 0.582848 
10.5 5.5 9.5 1 -0.0338208 0.416662 
0.5 6.5 -0.5 1 0.430651 -0.172536 
0.5 8.5 -0.5 1 0.502116 -0.142832 
0.5 8.5 4.5 1 0.521367 0.177823 
0.5 6.5 4.5 1 0.446684 0.172647 
0.5 2.5 2 1 0.250552 -0.0524382 
0.5 4.5 2 1 0.352651 -0.0269623 
0.5 4.5 4.5 1 0.358528 0.166538 
0.5 2.5 4.5 1 0.252894 0.159217 
