-0.36839 -0.365802 -0.392522 -0.0606939 
0.0470669 -0.277993 0.0220681 -0.0242182 
0.327978 -0.380229 0.284451 0.0122747 
-0.297314 -0.56872 -0.340603 -0.0381563 
-0.36839 -0.365802 0.0470669 -0.277993 
0.0470669 -0.277993 0.327978 -0.380229 
0.327978 -0.380229 -0.297314 -0.56872 
-0.297314 -0.56872 -0.36839 -0.365802 
-0.392522 -0.0606939 -0.389697 0.150576 
-0.389697 0.150576 -0.340603 -0.0381563 
0.0220681 -0.0242182 0.108603 0.152549 
0.108603 0.152549 0.284451 0.0122747 
-0.389697 0.150576 0.108603 0.152549 
-0.392522 -0.0606939 0.0220681 -0.0242182 
-0.340603 -0.0381563 0.284451 0.0122747 
-0.335492 -0.459723 -0.318866 -0.507189 
-0.318866 -0.507189 -0.347751 -0.149881 
-0.347751 -0.149881 -0.360883 -0.143346 
-0.360883 -0.143346 -0.335492 -0.459723 
-0.369745 -0.261821 -0.360106 -0.279139 
-0.360106 -0.279139 -0.371357 -0.138135 
-0.371357 -0.138135 -0.379905 -0.133882 
-0.379905 -0.133882 -0.369745 -0.261821 
