0.250046 -0.0819105 0.270968 0.280748 
-0.10973 -0.293272 -0.120744 0.352065 
-0.572492 -0.117066 -0.619187 0.298595 
-0.144464 -0.013278 -0.15087 0.26353 
0.250046 -0.0819105 -0.10973 -0.293272 
-0.10973 -0.293272 -0.572492 -0.117066 
-0.572492 -0.117066 -0.144464 -0.013278 
-0.144464 -0.013278 0.250046 -0.0819105 
0.270968 0.280748 0.0324499 0.457245 
0.0324499 0.457245 -0.15087 0.26353 
-0.120744 0.352065 -0.452475 0.638541 
-0.452475 0.638541 -0.619187 0.298595 
0.0324499 0.457245 -0.452475 0.638541 
0.270968 0.280748 -0.120744 0.352065 
-0.15087 0.26353 -0.619187 0.298595 
-0.011127 -0.0364745 -0.0810718 -0.0243063 
-0.0810718 -0.0243063 -0.0833442 0.196197 
-0.0833442 0.196197 -0.0102169 0.195389 
-0.0102169 0.195389 -0.011127 -0.0364745 
0.157685 0.0608924 0.0688014 0.0692802 
0.0688014 0.0692802 0.0712793 0.194487 
0.0712793 0.194487 0.162668 0.193477 
0.162668 0.193477 0.157685 0.0608924 
