0 0 0 1 0.249385 -0.0902228 
0 0 6.5 1 0.28596 0.277904 
10 0 0 1 -0.185375 -0.237987 
10 0 6.5 1 -0.168653 0.402765 
10 10 0 1 -0.560394 -0.0615031 
10 10 6.5 1 -0.575532 0.335486 
0 10 0 1 -0.123292 -0.0061632 
0 10 6.5 1 -0.113632 0.266038 
0 5 10 1 0.0662522 0.453651 
10 5 10 1 -0.426935 0.660382 
0 6 0 1 -8.33357e-05 -0.0339537 
0 8 0 1 -0.0650556 -0.0192988 
0 8 5 1 -0.0551483 0.199166 
0 6 5 1 0.0129469 0.197066 
0 2 2.5 1 0.16596 0.0586735 
0 4 2.5 1 0.0811349 0.0696604 
0 4 5 1 0.0897472 0.194698 
0 2 5 1 0.177036 0.192006 
0.5 0.5 -0.5 1 0.2089 -0.115495 
0.5 0.5 6 1 0.242893 0.250536 
10.5 0.5 -0.5 1 -0.253419 -0.280741 
10.5 0.5 6 1 -0.244324 0.353642 
10.5 10.5 -0.5 1 -0.602508 -0.0885461 
10.5 10.5 6 1 -0.620447 0.306031 
0.5 10.5 -0.5 1 -0.15293 -0.0249743 
0.5 10.5 6 1 -0.144631 0.246091 
0.5 5.5 9.5 1 0.0291338 0.429678 
10.5 5.5 9.5 1 -0.485962 0.621225 
0.5 6.5 -0.5 1 -0.0332803 -0.0549078 
0.5 8.5 -0.5 1 -0.0963725 -0.0391237 
0.5 8.5 4.5 1 -0.0876239 0.178381 
0.5 6.5 4.5 1 -0.0215549 0.175036 
0.5 2.5 2 1 0.127407 0.0343537 
0.5 4.5 2 1 0.0450931 0.0468488 
0.5 4.5 4.5 1 0.0529501 0.171264 
0.5 2.5 4.5 1 0.137617 0.166978 
