-0.328945 -0.175844 -0.363158 0.107856 
0.0698896 -0.11075 0.0485066 0.138123 
0.308107 -0.201914 0.282333 0.18789 
-0.310373 -0.334345 -0.368596 0.148252 
-0.328945 -0.175844 0.0698896 -0.11075 
0.0698896 -0.11075 0.308107 -0.201914 
0.308107 -0.201914 -0.310373 -0.334345 
-0.310373 -0.334345 -0.328945 -0.175844 
-0.363158 0.107856 -0.38948 0.324362 
-0.38948 0.324362 -0.368596 0.148252 
0.0485066 0.138123 0.125874 0.327632 
0.125874 0.327632 0.282333 0.18789 
-0.38948 0.324362 0.125874 0.327632 
-0.363158 0.107856 0.0485066 0.138123 
-0.368596 0.148252 0.282333 0.18789 
-0.320227 -0.25025 -0.315902 -0.287164 
-0.315902 -0.287164 -0.354846 0.0356805 
-0.354846 0.0356805 -0.354936 0.0375116 
-0.354936 0.0375116 -0.320227 -0.25025 
-0.340669 -0.0792083 -0.339183 -0.0922361 
-0.339183 -0.0922361 -0.355008 0.0389753 
-0.355008 0.0389753 -0.355067 0.0401721 
-0.355067 0.0401721 -0.340669 -0.0792083 
