0 0 0 1 0.270612 -0.434966 
0 0 6.5 1 0.25491 -0.0819815 
10 0 0 1 0.45727 -0.697931 
10 0 6.5 1 0.401764 0.0372791 
10 10 0 1 -0.624856 -0.638617 
10 10 6.5 1 -0.547359 0.0205755 
0 10 0 1 -0.257134 -0.419404 
0 10 6.5 1 -0.239137 -0.0848913 
0 5 10 1 0.00259806 0.0838933 
10 5 10 1 -0.0881901 0.335923 
0 6 0 1 -0.052878 -0.425427 
0 8 0 1 -0.156097 -0.422383 
0 8 5 1 -0.146878 -0.158508 
0 6 5 1 -0.048692 -0.158691 
0 2 2.5 1 0.157043 -0.291845 
0 4 2.5 1 0.05205 -0.290236 
0 4 5 1 0.0515311 -0.158878 
0 2 5 1 0.153855 -0.159069 
0.5 0.5 -0.5 1 0.247751 -0.470402 
0.5 0.5 6 1 0.233152 -0.105133 
10.5 0.5 -0.5 1 0.419168 -0.793651 
10.5 0.5 6 1 0.365735 -0.00317539 
10.5 10.5 -0.5 1 -0.722396 -0.720056 
10.5 10.5 6 1 -0.628789 -0.0167474 
0.5 10.5 -0.5 1 -0.293748 -0.45247 
0.5 10.5 6 1 -0.272928 -0.106942 
0.5 5.5 9.5 1 -0.0245186 0.066489 
10.5 5.5 9.5 1 -0.144941 0.315229 
0.5 6.5 -0.5 1 -0.0843732 -0.459403 
0.5 8.5 -0.5 1 -0.190212 -0.455898 
0.5 8.5 4.5 1 -0.179017 -0.183131 
0.5 6.5 4.5 1 -0.0784639 -0.183579 
0.5 2.5 2 1 0.131764 -0.321801 
0.5 4.5 2 1 0.0240449 -0.319818 
0.5 4.5 4.5 1 0.024234 -0.184037 
0.5 2.5 4.5 1 0.129146 -0.184504 
