0 0 0 1 -0.596744 -0.199408 
0 0 6.5 1 -0.629439 0.24649 
10 0 0 1 -0.175583 -0.0664461 
10 0 6.5 1 -0.173448 0.21441 
10 10 0 1 0.243233 -0.146574 
10 10 6.5 1 0.273777 0.202221 
0 10 0 1 -0.0160379 -0.406555 
0 10 6.5 1 0.00986728 0.239049 
0 5 10 1 -0.38387 0.575344 
10 5 10 1 0.0322279 0.392229 
0 6 0 1 -0.301449 -0.304745 
0 8 0 1 -0.170521 -0.351449 
0 8 5 1 -0.166512 0.0923077 
0 6 5 1 -0.308348 0.106219 
0 2 2.5 1 -0.521233 -0.0568683 
0 4 2.5 1 -0.420942 -0.0802063 
0 4 5 1 -0.428589 0.118013 
0 2 5 1 -0.531817 0.128138 
0.5 0.5 -0.5 1 -0.542222 -0.227104 
0.5 0.5 6 1 -0.569654 0.207218 
10.5 0.5 -0.5 1 -0.14594 -0.0857373 
10.5 0.5 6 1 -0.14229 0.190509 
10.5 10.5 -0.5 1 0.273674 -0.169299 
10.5 10.5 6 1 0.305718 0.172381 
0.5 10.5 -0.5 1 0.0463666 -0.440671 
0.5 10.5 6 1 0.0793023 0.180672 
0.5 5.5 9.5 1 -0.314617 0.516982 
10.5 5.5 9.5 1 0.0650134 0.362126 
0.5 6.5 -0.5 1 -0.241658 -0.336162 
0.5 8.5 -0.5 1 -0.109231 -0.384213 
0.5 8.5 4.5 1 -0.100084 0.0445568 
0.5 6.5 4.5 1 -0.243675 0.0619527 
0.5 2.5 2 1 -0.462861 -0.0903258 
0.5 4.5 2 1 -0.360644 -0.115538 
0.5 4.5 4.5 1 -0.365914 0.0767619 
0.5 2.5 4.5 1 -0.471234 0.0895213 
