0 0 0 1 0.332894 -0.571786 
0 0 6.5 1 0.265866 0.0423075 
10 0 0 1 -0.225192 -0.407168 
10 0 6.5 1 -0.258258 -0.0307687 
10 10 0 1 0.11439 -0.269742 
10 10 6.5 1 0.0876574 -0.00712139 
0 10 0 1 0.567992 -0.314962 
0 10 6.5 1 0.524975 0.0448177 
0 5 10 1 0.401145 0.28154 
10 5 10 1 -0.0706601 0.146602 
0 6 0 1 0.501954 -0.387103 
0 8 0 1 0.537955 -0.347776 
0 8 5 1 0.502153 -0.0449459 
0 6 5 1 0.463119 -0.0540946 
0 2 2.5 1 0.379671 -0.285314 
0 4 2.5 1 0.436658 -0.248806 
0 4 5 1 0.415608 -0.06523 
0 2 5 1 0.356523 -0.0790784 
0.5 0.5 -0.5 1 0.313825 -0.584007 
0.5 0.5 6 1 0.251241 -0.00640241 
10.5 0.5 -0.5 1 -0.215729 -0.421132 
10.5 0.5 6 1 -0.24768 -0.0587616 
10.5 10.5 -0.5 1 0.111875 -0.283332 
10.5 10.5 6 1 0.0858849 -0.0276173 
0.5 10.5 -0.5 1 0.54787 -0.331767 
0.5 10.5 6 1 0.506691 0.0151765 
0.5 5.5 9.5 1 0.384141 0.234373 
10.5 5.5 9.5 1 -0.0677843 0.117983 
0.5 6.5 -0.5 1 0.480906 -0.403937 
0.5 8.5 -0.5 1 0.51729 -0.364724 
0.5 8.5 4.5 1 0.483143 -0.0736782 
0.5 6.5 4.5 1 0.444016 -0.0851236 
0.5 2.5 2 1 0.360457 -0.311391 
0.5 4.5 2 1 0.416705 -0.273923 
0.5 4.5 4.5 1 0.396798 -0.0989359 
0.5 2.5 4.5 1 0.338689 -0.115934 
