0 0 0 1 0.15598 -0.134289 
0 0 6.5 1 0.185393 0.143232 
10 0 0 1 0.586627 -0.280141 
10 0 6.5 1 0.645613 0.156235 
10 10 0 1 0.0226762 -0.379154 
10 10 6.5 1 0.08924 0.293793 
0 10 0 1 -0.266671 -0.145978 
0 10 6.5 1 -0.23856 0.21143 
0 5 10 1 0.0164809 0.346565 
10 5 10 1 0.463953 0.510731 
0 6 0 1 -0.0718813 -0.140591 
0 8 0 1 -0.164071 -0.143141 
0 8 5 1 -0.142011 0.115514 
0 6 5 1 -0.0494909 0.104774 
0 2 2.5 1 0.0982368 -0.0257422 
0 4 2.5 1 0.0225986 -0.0224764 
0 4 5 1 0.0339598 0.0950868 
0 2 5 1 0.109613 0.0863047 
0.5 0.5 -0.5 1 0.15084 -0.161103 
0.5 0.5 6 1 0.181015 0.124012 
10.5 0.5 -0.5 1 0.598102 -0.329635 
10.5 0.5 6 1 0.660208 0.125804 
10.5 10.5 -0.5 1 0.000266996 -0.463784 
10.5 10.5 6 1 0.0707571 0.255618 
0.5 10.5 -0.5 1 -0.288954 -0.181074 
0.5 10.5 6 1 -0.260314 0.189031 
0.5 5.5 9.5 1 0.00584644 0.331367 
10.5 5.5 9.5 1 0.471529 0.493504 
0.5 6.5 -0.5 1 -0.0853769 -0.17183 
0.5 8.5 -0.5 1 -0.181535 -0.176196 
0.5 8.5 4.5 1 -0.158994 0.0910816 
0.5 6.5 4.5 1 -0.0624547 0.0812816 
0.5 2.5 2 1 0.0910689 -0.0507576 
0.5 4.5 2 1 0.0126721 -0.0486436 
0.5 4.5 4.5 1 0.0243189 0.0724728 
0.5 2.5 4.5 1 0.102737 0.0645122 
