0 0 0 1 -0.477265 -0.904572 
0 0 6.5 1 -0.391852 -0.116576 
10 0 0 1 -0.292394 -0.514354 
10 0 6.5 1 -0.261831 -0.150271 
10 10 0 1 0.24059 -0.512556 
10 10 6.5 1 0.238044 -0.170497 
0 10 0 1 0.626082 -0.850388 
0 10 6.5 1 0.578013 -0.159089 
0 5 10 1 0.127151 0.18925 
10 5 10 1 0.00221412 0.0121146 
0 6 0 1 0.220915 -0.870285 
0 8 0 1 0.428886 -0.860072 
0 8 5 1 0.407884 -0.300106 
0 6 5 1 0.218711 -0.295493 
0 2 2.5 1 -0.209084 -0.573423 
0 4 2.5 1 0.0110589 -0.571097 
0 4 5 1 0.0199231 -0.290646 
0 2 5 1 -0.189231 -0.285546 
0.5 0.5 -0.5 1 -0.405255 -0.92713 
0.5 0.5 6 1 -0.332469 -0.172633 
10.5 0.5 -0.5 1 -0.262934 -0.534656 
10.5 0.5 6 1 -0.234876 -0.177782 
10.5 10.5 -0.5 1 0.255864 -0.531631 
10.5 10.5 6 1 0.252496 -0.195946 
0.5 10.5 -0.5 1 0.638631 -0.872641 
0.5 10.5 6 1 0.591179 -0.207224 
0.5 5.5 9.5 1 0.158671 0.127038 
10.5 5.5 9.5 1 0.0217876 -0.0172794 
0.5 6.5 -0.5 1 0.253649 -0.892736 
0.5 8.5 -0.5 1 0.451019 -0.882434 
0.5 8.5 4.5 1 0.428998 -0.344557 
0.5 6.5 4.5 1 0.248635 -0.3412 
0.5 2.5 2 1 -0.155445 -0.610307 
0.5 4.5 2 1 0.0529577 -0.607152 
0.5 4.5 4.5 1 0.0595174 -0.33768 
0.5 2.5 4.5 1 -0.139007 -0.333985 
