0 0 0 1 -0.358292 -0.329955 
0 0 6.5 1 -0.385809 -0.0308769 
10 0 0 1 0.052397 -0.245595 
10 0 6.5 1 0.027143 0.00597629 
10 10 0 1 0.324466 -0.345615 
10 10 6.5 1 0.283278 0.044341 
0 10 0 1 -0.297774 -0.524144 
0 10 6.5 1 -0.345811 -0.00680909 
0 5 10 1 -0.389743 0.179689 
10 5 10 1 0.110995 0.184175 
0 6 0 1 -0.330193 -0.420119 
0 8 0 1 -0.31605 -0.4655 
0 8 5 1 -0.348274 -0.117512 
0 6 5 1 -0.358708 -0.111517 
0 2 2.5 1 -0.362272 -0.228329 
0 4 2.5 1 -0.354284 -0.24496 
0 4 5 1 -0.367034 -0.106733 
0 2 5 1 -0.373833 -0.102827 
0.5 0.5 -0.5 1 -0.329672 -0.353991 
0.5 0.5 6 1 -0.357699 -0.0511048 
10.5 0.5 -0.5 1 0.0806941 -0.264915 
10.5 0.5 6 1 0.0550359 -0.0106548 
10.5 10.5 -0.5 1 0.37301 -0.377374 
10.5 10.5 6 1 0.330777 0.0190819 
0.5 10.5 -0.5 1 -0.246491 -0.570299 
0.5 10.5 6 1 -0.296091 -0.0414622 
0.5 5.5 9.5 1 -0.354261 0.157374 
10.5 5.5 9.5 1 0.145889 0.166222 
0.5 6.5 -0.5 1 -0.291237 -0.453939 
0.5 8.5 -0.5 1 -0.27177 -0.504562 
0.5 8.5 4.5 1 -0.304906 -0.149828 
0.5 6.5 4.5 1 -0.320466 -0.140042 
0.5 2.5 2 1 -0.33111 -0.253179 
0.5 4.5 2 1 -0.3198 -0.272612 
0.5 4.5 4.5 1 -0.332836 -0.132263 
0.5 2.5 4.5 1 -0.342905 -0.125931 
