0 0 0 1 -0.222531 -0.000113828 
0 0 6.5 1 -0.217491 0.266311 
10 0 0 1 0.170542 -0.0178539 
10 0 6.5 1 0.192542 0.241104 
10 10 0 1 0.31 -0.134613 
10 10 6.5 1 0.356724 0.288124 
0 10 0 1 -0.331093 -0.110165 
0 10 6.5 1 -0.330755 0.33288 
0 5 10 1 -0.257165 0.486123 
10 5 10 1 0.271914 0.446567 
0 6 0 1 -0.274303 -0.0525962 
0 8 0 1 -0.299452 -0.07809 
0 8 5 1 -0.297637 0.218269 
0 6 5 1 -0.271554 0.213139 
0 2 2.5 1 -0.23506 0.0934854 
0 4 2.5 1 -0.252211 0.0861859 
0 4 5 1 -0.250522 0.209002 
0 2 5 1 -0.233203 0.205595 
0.5 0.5 -0.5 1 -0.20581 -0.0243522 
0.5 0.5 6 1 -0.199932 0.245242 
10.5 0.5 -0.5 1 0.192732 -0.041765 
10.5 0.5 6 1 0.216054 0.22018 
10.5 10.5 -0.5 1 0.349697 -0.176572 
10.5 10.5 6 1 0.400598 0.254153 
0.5 10.5 -0.5 1 -0.30607 -0.153248 
0.5 10.5 6 1 -0.303782 0.298613 
0.5 5.5 9.5 1 -0.235114 0.463259 
10.5 5.5 9.5 1 0.303917 0.423659 
0.5 6.5 -0.5 1 -0.253374 -0.0855016 
0.5 8.5 -0.5 1 -0.276643 -0.115415 
0.5 8.5 4.5 1 -0.273612 0.186032 
0.5 6.5 4.5 1 -0.249609 0.184322 
0.5 2.5 2 1 -0.216769 0.0682509 
0.5 4.5 2 1 -0.232471 0.0583766 
0.5 4.5 4.5 1 -0.230343 0.182949 
0.5 2.5 4.5 1 -0.214537 0.181823 
