-0.52287 -0.753762 -0.493711 -0.0446549 
-0.2411 -0.454313 -0.242284 -0.11001 
0.288094 -0.430977 0.256616 -0.0862329 
0.583007 -0.708287 0.48764 0.00290209 
-0.52287 -0.753762 -0.2411 -0.454313 
-0.2411 -0.454313 0.288094 -0.430977 
0.288094 -0.430977 0.583007 -0.708287 
0.583007 -0.708287 -0.52287 -0.753762 
-0.493711 -0.0446549 -0.020138 0.299097 
-0.020138 0.299097 0.48764 0.00290209 
-0.242284 -0.11001 -0.00148051 0.0715547 
-0.00148051 0.0715547 0.256616 -0.0862329 
-0.020138 0.299097 -0.00148051 0.0715547 
-0.493711 -0.0446549 -0.242284 -0.11001 
0.48764 0.00290209 0.256616 -0.0862329 
0.137626 -0.726602 0.359807 -0.717466 
0.359807 -0.717466 0.304499 -0.156121 
0.304499 -0.156121 0.102158 -0.165614 
0.102158 -0.165614 0.137626 -0.726602 
-0.301772 -0.45166 -0.0918094 -0.44239 
-0.0918094 -0.44239 -0.0993436 -0.175068 
-0.0993436 -0.175068 -0.30001 -0.184482 
-0.30001 -0.184482 -0.301772 -0.45166 
