0.256372 -0.131349 0.253918 0.220652 
-0.00779299 -0.407615 -0.0443265 0.236787 
-0.574925 -0.249211 -0.643252 0.183265 
-0.16206 -0.0869549 -0.184469 0.190769 
0.256372 -0.131349 -0.00779299 -0.407615 
-0.00779299 -0.407615 -0.574925 -0.249211 
-0.574925 -0.249211 -0.16206 -0.0869549 
-0.16206 -0.0869549 0.256372 -0.131349 
0.253918 0.220652 -0.00074272 0.385629 
-0.00074272 0.385629 -0.184469 0.190769 
-0.0443265 0.236787 -0.444796 0.52601 
-0.444796 0.52601 -0.643252 0.183265 
-0.00074272 0.385629 -0.444796 0.52601 
0.253918 0.220652 -0.0443265 0.236787 
-0.184469 0.190769 -0.643252 0.183265 
-0.0173574 -0.102307 -0.0928344 -0.0942994 
-0.0928344 -0.0942994 -0.10795 0.126143 
-0.10795 0.126143 -0.0301084 0.128167 
-0.0301084 0.128167 -0.0173574 -0.102307 
0.153004 0.00328144 0.0604363 0.00713275 
0.0604363 0.00713275 0.0554094 0.130391 
0.0554094 0.130391 0.149797 0.132846 
0.149797 0.132846 0.153004 0.00328144 
