0 0 0 1 0.24021 -0.373504 
0 0 6.5 1 0.268847 0.00792576 
10 0 0 1 -0.348423 -0.47701 
10 0 6.5 1 -0.280469 0.115799 
10 10 0 1 -0.53082 -0.274514 
10 10 6.5 1 -0.486523 0.0693317 
0 10 0 1 -0.0843146 -0.253837 
0 10 6.5 1 -0.0587772 0.00638099 
0 5 10 1 0.0890446 0.168195 
10 5 10 1 -0.382563 0.310288 
0 6 0 1 0.0171326 -0.291245 
0 8 0 1 -0.0370345 -0.271271 
0 8 5 1 -0.0166902 -0.0565674 
0 6 5 1 0.0380743 -0.0608351 
0 2 2.5 1 0.164237 -0.205198 
0 4 2.5 1 0.0906451 -0.188986 
0 4 5 1 0.101295 -0.0657619 
0 2 5 1 0.175095 -0.0715131 
0.5 0.5 -0.5 1 0.195509 -0.398088 
0.5 0.5 6 1 0.225224 -0.0171874 
10.5 0.5 -0.5 1 -0.415406 -0.514933 
10.5 0.5 6 1 -0.345081 0.0765983 
10.5 10.5 -0.5 1 -0.569105 -0.297062 
10.5 10.5 6 1 -0.524025 0.0463608 
0.5 10.5 -0.5 1 -0.11414 -0.270881 
0.5 10.5 6 1 -0.088121 -0.0109067 
0.5 5.5 9.5 1 0.0543158 0.14755 
10.5 5.5 9.5 1 -0.42937 0.281006 
0.5 6.5 -0.5 1 -0.0172763 -0.310674 
0.5 8.5 -0.5 1 -0.0689885 -0.28943 
0.5 8.5 4.5 1 -0.0482175 -0.074943 
0.5 6.5 4.5 1 0.00416005 -0.0805143 
0.5 2.5 2 1 0.123934 -0.227963 
0.5 4.5 2 1 0.0536664 -0.210026 
0.5 4.5 4.5 1 0.0646044 -0.0869436 
0.5 2.5 4.5 1 0.135135 -0.0944458 
