-0.532331 -0.469701 -0.494195 -0.103291 
-0.0654661 -0.404173 -0.0605005 -0.129017 
0.28623 -0.504214 0.26722 -0.0984409 
-0.330843 -0.680525 -0.289549 -0.0388108 
-0.532331 -0.469701 -0.0654661 -0.404173 
-0.0654661 -0.404173 0.28623 -0.504214 
0.28623 -0.504214 -0.330843 -0.680525 
-0.330843 -0.680525 -0.532331 -0.469701 
-0.494195 -0.103291 -0.398349 0.140469 
-0.398349 0.140469 -0.289549 -0.0388108 
-0.0605005 -0.129017 0.072049 0.044041 
0.072049 0.044041 0.26722 -0.0984409 
-0.398349 0.140469 0.072049 0.044041 
-0.494195 -0.103291 -0.0605005 -0.129017 
-0.289549 -0.0388108 0.26722 -0.0984409 
-0.440019 -0.566291 -0.392748 -0.615751 
-0.392748 -0.615751 -0.35926 -0.176484 
-0.35926 -0.176484 -0.406886 -0.178775 
-0.406886 -0.178775 -0.440019 -0.566291 
-0.491458 -0.334274 -0.460661 -0.348277 
-0.460661 -0.348277 -0.445081 -0.180611 
-0.445081 -0.180611 -0.476393 -0.182117 
-0.476393 -0.182117 -0.491458 -0.334274 
