-0.501117 -0.495966 -0.475161 -0.135979 
-0.0394038 -0.418202 -0.0425557 -0.143517 
0.303623 -0.521559 0.27368 -0.111086 
-0.329095 -0.717975 -0.30402 -0.0821981 
-0.501117 -0.495966 -0.0394038 -0.418202 
-0.0394038 -0.418202 0.303623 -0.521559 
0.303623 -0.521559 -0.329095 -0.717975 
-0.329095 -0.717975 -0.501117 -0.495966 
-0.475161 -0.135979 -0.398654 0.101602 
-0.398654 0.101602 -0.30402 -0.0821981 
-0.0425557 -0.143517 0.0797934 0.0310374 
0.0797934 0.0310374 0.27368 -0.111086 
-0.398654 0.101602 0.0797934 0.0310374 
-0.475161 -0.135979 -0.0425557 -0.143517 
-0.30402 -0.0821981 0.27368 -0.111086 
-0.42256 -0.59735 -0.382167 -0.649482 
-0.382167 -0.649482 -0.360807 -0.215738 
-0.360807 -0.215738 -0.400842 -0.215436 
-0.400842 -0.215436 -0.42256 -0.59735 
-0.46921 -0.364729 -0.443256 -0.380406 
-0.443256 -0.380406 -0.432854 -0.215195 
-0.432854 -0.215195 -0.459036 -0.214998 
-0.459036 -0.214998 -0.46921 -0.364729 
