0.0296939 -0.260426 0.00718375 -0.00415763 
0.463411 -0.261118 0.42252 0.0536675 
0.391825 -0.418667 0.325639 0.127839 
-0.251138 -0.371652 -0.274596 0.0196616 
0.0296939 -0.260426 0.463411 -0.261118 
0.463411 -0.261118 0.391825 -0.418667 
0.391825 -0.418667 -0.251138 -0.371652 
-0.251138 -0.371652 0.0296939 -0.260426 
0.00718375 -0.00415763 -0.117268 0.164542 
-0.117268 0.164542 -0.274596 0.0196616 
0.42252 0.0536675 0.361106 0.283641 
0.361106 0.283641 0.325639 0.127839 
-0.117268 0.164542 0.361106 0.283641 
0.00718375 -0.00415763 0.42252 0.0536675 
-0.274596 0.0196616 0.325639 0.127839 
-0.109304 -0.315478 -0.173417 -0.34087 
-0.173417 -0.34087 -0.191974 -0.0664026 
-0.191974 -0.0664026 -0.127824 -0.0650699 
-0.127824 -0.0650699 -0.109304 -0.315478 
-0.0187649 -0.168404 -0.0647454 -0.177764 
-0.0647454 -0.177764 -0.0737726 -0.0639469 
-0.0737726 -0.0639469 -0.0276079 -0.0629878 
-0.0276079 -0.0629878 -0.0187649 -0.168404 
