0.249648 -0.442917 0.249503 -0.0955228 
0.487907 -0.731186 0.460162 -0.0102682 
-0.608266 -0.658722 -0.513572 0.0257517 
-0.277834 -0.413917 -0.247892 -0.0752333 
0.249648 -0.442917 0.487907 -0.731186 
0.487907 -0.731186 -0.608266 -0.658722 
-0.608266 -0.658722 -0.277834 -0.413917 
-0.277834 -0.413917 0.249648 -0.442917 
0.249503 -0.0955228 0.00574344 0.0835319 
0.00574344 0.0835319 -0.247892 -0.0752333 
0.460162 -0.0102682 -0.0202363 0.324304 
-0.0202363 0.324304 -0.513572 0.0257517 
0.00574344 0.0835319 -0.0202363 0.324304 
0.249503 -0.0955228 0.460162 -0.0102682 
-0.247892 -0.0752333 -0.513572 0.0257517 
-0.0695919 -0.425366 -0.174164 -0.419616 
-0.174164 -0.419616 -0.155356 -0.15427 
-0.155356 -0.15427 -0.0553935 -0.15866 
-0.0553935 -0.15866 -0.0695919 -0.425366 
0.144726 -0.299167 0.0407567 -0.29404 
0.0407567 -0.29404 0.045402 -0.163087 
0.045402 -0.163087 0.147041 -0.167551 
0.147041 -0.167551 0.144726 -0.299167 
