0.23121 -0.428253 0.19104 0.184263 
-0.229741 -0.242076 -0.270141 0.116548 
0.13083 -0.124697 0.111321 0.13923 
0.57201 -0.189408 0.561226 0.19034 
0.23121 -0.428253 -0.229741 -0.242076 
-0.229741 -0.242076 0.13083 -0.124697 
0.13083 -0.124697 0.57201 -0.189408 
0.57201 -0.189408 0.23121 -0.428253 
0.19104 0.184263 0.410212 0.460199 
0.410212 0.460199 0.561226 0.19034 
-0.270141 0.116548 -0.06476 0.30153 
-0.06476 0.30153 0.111321 0.13923 
0.410212 0.460199 -0.06476 0.30153 
0.19104 0.184263 -0.270141 0.116548 
0.561226 0.19034 0.111321 0.13923 
0.472387 -0.259227 0.526301 -0.221443 
0.526301 -0.221443 0.515883 0.0915921 
0.515883 0.0915921 0.459071 0.0815504 
0.459071 0.0815504 0.472387 -0.259227 
0.318102 -0.156956 0.399397 -0.121124 
0.399397 -0.121124 0.390616 0.0694507 
0.390616 0.0694507 0.306531 0.0545882 
0.306531 0.0545882 0.318102 -0.156956 
