0.250956 -0.0930266 0.264338 0.266085 
-0.0778685 -0.328168 -0.0981541 0.315572 
-0.574444 -0.155494 -0.63052 0.265258 
-0.151449 -0.0317179 -0.163783 0.245518 
0.250956 -0.0930266 -0.0778685 -0.328168 
-0.0778685 -0.328168 -0.574444 -0.155494 
-0.574444 -0.155494 -0.151449 -0.0317179 
-0.151449 -0.0317179 0.250956 -0.0930266 
0.264338 0.266085 0.0197471 0.43996 
0.0197471 0.43996 -0.163783 0.245518 
-0.0981541 0.315572 -0.454873 0.606545 
-0.454873 0.606545 -0.63052 0.265258 
0.0197471 0.43996 -0.454873 0.606545 
0.264338 0.266085 -0.0981541 0.315572 
-0.163783 0.245518 -0.63052 0.265258 
-0.014361 -0.052604 -0.086134 -0.041669 
-0.086134 -0.041669 -0.0930469 0.178785 
-0.0930469 0.178785 -0.018263 0.178748 
-0.018263 0.178748 -0.014361 -0.052604 
0.154956 0.0470186 0.064784 0.054076 
0.064784 0.054076 0.0646853 0.178707 
0.0646853 0.178707 0.157212 0.17866 
0.157212 0.17866 0.154956 0.0470186 
