0 0 0 1 -0.509061 -0.879822 
0 0 6.5 1 -0.443 -0.110187 
10 0 0 1 -0.270325 -0.51683 
10 0 6.5 1 -0.253121 -0.156559 
10 10 0 1 0.267714 -0.505502 
10 10 6.5 1 0.249919 -0.156961 
0 10 0 1 0.624922 -0.831678 
0 10 6.5 1 0.54586 -0.113722 
0 5 10 1 0.061604 0.214143 
10 5 10 1 0.0018829 0.0155669 
0 6 0 1 0.190295 -0.85013 
0 8 0 1 0.410596 -0.840777 
0 8 5 1 0.368603 -0.26422 
0 6 5 1 0.170046 -0.265404 
0 2 2.5 1 -0.255083 -0.5523 
0 4 2.5 1 -0.0348189 -0.547184 
0 4 5 1 -0.0335495 -0.266617 
0 2 5 1 -0.242378 -0.267862 
0.5 0.5 -0.5 1 -0.432181 -0.905091 
0.5 0.5 6 1 -0.378607 -0.164061 
10.5 0.5 -0.5 1 -0.239115 -0.537034 
10.5 0.5 6 1 -0.224293 -0.183048 
10.5 10.5 -0.5 1 0.286192 -0.525309 
10.5 10.5 6 1 0.267601 -0.18265 
0.5 10.5 -0.5 1 0.646613 -0.857441 
0.5 10.5 6 1 0.568037 -0.164385 
0.5 5.5 9.5 1 0.101233 0.152899 
10.5 5.5 9.5 1 0.0242147 -0.0131088 
0.5 6.5 -0.5 1 0.232319 -0.87574 
0.5 8.5 -0.5 1 0.442186 -0.86647 
0.5 8.5 4.5 1 0.39887 -0.310837 
0.5 6.5 4.5 1 0.208827 -0.312532 
0.5 2.5 2 1 -0.194456 -0.590415 
0.5 4.5 2 1 0.0154092 -0.585035 
0.5 4.5 4.5 1 0.0141617 -0.314268 
0.5 2.5 4.5 1 -0.185296 -0.316048 
