0 0 0 1 -0.204642 -0.0588894 
0 0 6.5 1 -0.190127 0.200467 
10 0 0 1 0.187003 -0.0895274 
10 0 6.5 1 0.213753 0.167777 
10 10 0 1 0.306736 -0.223543 
10 10 6.5 1 0.357708 0.1993 
0 10 0 1 -0.335359 -0.17415 
0 10 6.5 1 -0.317945 0.254293 
0 5 10 1 -0.228623 0.405367 
10 5 10 1 0.287809 0.362482 
0 6 0 1 -0.267056 -0.113923 
0 8 0 1 -0.297324 -0.140612 
0 8 5 1 -0.284301 0.14784 
0 6 5 1 -0.254446 0.144989 
0 2 2.5 1 -0.216195 0.031938 
0 4 2.5 1 -0.236424 0.0235914 
0 4 5 1 -0.230281 0.142681 
0 2 5 1 -0.210322 0.140775 
0.5 0.5 -0.5 1 -0.189791 -0.0837005 
0.5 0.5 6 1 -0.174541 0.179485 
10.5 0.5 -0.5 1 0.208531 -0.114763 
10.5 0.5 6 1 0.236444 0.146304 
10.5 10.5 -0.5 1 0.345785 -0.269135 
10.5 10.5 6 1 0.400396 0.16394 
0.5 10.5 -0.5 1 -0.314457 -0.218641 
0.5 10.5 6 1 -0.295379 0.220338 
0.5 5.5 9.5 1 -0.209461 0.383081 
10.5 5.5 9.5 1 0.318645 0.339341 
0.5 6.5 -0.5 1 -0.248969 -0.147756 
0.5 8.5 -0.5 1 -0.277895 -0.179066 
0.5 8.5 4.5 1 -0.263824 0.115563 
0.5 6.5 4.5 1 -0.235477 0.116125 
0.5 2.5 2 1 -0.200069 0.00635631 
0.5 4.5 2 1 -0.219173 -0.00461791 
0.5 4.5 4.5 1 -0.212647 0.116577 
0.5 2.5 4.5 1 -0.193867 0.11695 
