0.308989 -0.604323 0.28547 -0.173535 
-0.384837 -0.767805 -0.343231 -0.161869 
-0.445172 -0.515599 -0.417234 -0.178647 
0.00779825 -0.458181 0.00773924 -0.183344 
0.308989 -0.604323 -0.384837 -0.767805 
-0.384837 -0.767805 -0.445172 -0.515599 
-0.445172 -0.515599 0.00779825 -0.458181 
0.00779825 -0.458181 0.308989 -0.604323 
0.28547 -0.173535 0.114121 -0.0153383 
0.114121 -0.0153383 0.00773924 -0.183344 
-0.343231 -0.161869 -0.373991 0.0337959 
-0.373991 0.0337959 -0.417234 -0.178647 
0.114121 -0.0153383 -0.373991 0.0337959 
0.28547 -0.173535 -0.343231 -0.161869 
0.00773924 -0.183344 -0.417234 -0.178647 
0.0975541 -0.501732 0.0491605 -0.478251 
0.0491605 -0.478251 0.0473469 -0.247421 
0.0473469 -0.247421 0.093362 -0.251105 
0.093362 -0.251105 0.0975541 -0.501732 
0.217923 -0.407586 0.151122 -0.388979 
0.151122 -0.388979 0.147497 -0.255438 
0.147497 -0.255438 0.212109 -0.26061 
0.212109 -0.26061 0.217923 -0.407586 
