-0.226711 0.00869268 -0.223792 0.276622 
0.166802 -0.00620929 0.187481 0.253195 
0.31027 -0.119868 0.3555 0.303142 
-0.330835 -0.100728 -0.334137 0.345476 
-0.226711 0.00869268 0.166802 -0.00620929 
0.166802 -0.00620929 0.31027 -0.119868 
0.31027 -0.119868 -0.330835 -0.100728 
-0.330835 -0.100728 -0.226711 0.00869268 
-0.223792 0.276622 -0.263893 0.499262 
-0.263893 0.499262 -0.334137 0.345476 
0.187481 0.253195 0.267539 0.460672 
0.267539 0.460672 0.3555 0.303142 
-0.263893 0.499262 0.267539 0.460672 
-0.223792 0.276622 0.187481 0.253195 
-0.334137 0.345476 0.3555 0.303142 
-0.276349 -0.0434706 -0.300473 -0.0688216 
-0.300473 -0.0688216 -0.301067 0.229298 
-0.301067 0.229298 -0.275745 0.223775 
-0.275745 0.223775 -0.276349 -0.0434706 
-0.239511 0.102864 -0.256045 0.0957233 
-0.256045 0.0957233 -0.255341 0.219324 
-0.255341 0.219324 -0.23855 0.215661 
-0.23855 0.215661 -0.239511 0.102864 
