0.0669064 -0.127267 0.0438702 0.127561 
0.496742 -0.148203 0.476542 0.185231 
0.332457 -0.345931 0.291197 0.219007 
-0.237871 -0.24842 -0.279628 0.122585 
0.0669064 -0.127267 0.496742 -0.148203 
0.496742 -0.148203 0.332457 -0.345931 
0.332457 -0.345931 -0.237871 -0.24842 
-0.237871 -0.24842 0.0669064 -0.127267 
0.0438702 0.127561 -0.103889 0.293572 
-0.103889 0.293572 -0.279628 0.122585 
0.476542 0.185231 0.392958 0.43383 
0.392958 0.43383 0.291197 0.219007 
-0.103889 0.293572 0.392958 0.43383 
0.0438702 0.127561 0.476542 0.185231 
-0.279628 0.122585 0.291197 0.219007 
-0.0877296 -0.188737 -0.156521 -0.216082 
-0.156521 -0.216082 -0.18425 0.0440297 
-0.18425 0.0440297 -0.112128 0.0514195 
-0.112128 0.0514195 -0.0877296 -0.188737 
0.0125781 -0.0416623 -0.0395661 -0.0546492 
-0.0395661 -0.0546492 -0.0505026 0.0577337 
-0.0505026 0.0577337 0.00276161 0.0631913 
0.00276161 0.0631913 0.0125781 -0.0416623 
