0 0 0 1 -0.0132136 -0.235122 
0 0 6.5 1 0.0196416 0.461277 
10 0 0 1 -0.251119 -0.0303181 
10 0 6.5 1 -0.250078 0.332573 
10 10 0 1 0.181102 -0.00759946 
10 10 6.5 1 0.204201 0.281498 
0 10 0 1 0.604317 -0.134274 
0 10 6.5 1 0.678563 0.332882 
0 5 10 1 0.457008 0.735313 
10 5 10 1 0.0118586 0.493189 
0 6 0 1 0.410663 -0.1659 
0 8 0 1 0.513994 -0.149025 
0 8 5 1 0.567805 0.227684 
0 6 5 1 0.460968 0.238695 
0 2 2.5 1 0.16947 0.0193126 
0 4 2.5 1 0.312889 0.0246329 
0 4 5 1 0.336218 0.251553 
0 2 5 1 0.188637 0.266763 
0.5 0.5 -0.5 1 0.00581975 -0.254495 
0.5 0.5 6 1 0.0383562 0.38475 
10.5 0.5 -0.5 1 -0.231426 -0.0489156 
10.5 0.5 6 1 -0.229201 0.297884 
10.5 10.5 -0.5 1 0.183491 -0.0233707 
10.5 10.5 6 1 0.205949 0.255421 
0.5 10.5 -0.5 1 0.587202 -0.152824 
0.5 10.5 6 1 0.656112 0.287941 
0.5 5.5 9.5 1 0.443617 0.651796 
10.5 5.5 9.5 1 0.0211122 0.455346 
0.5 6.5 -0.5 1 0.402071 -0.1852 
0.5 8.5 -0.5 1 0.500528 -0.167982 
0.5 8.5 4.5 1 0.550457 0.18645 
0.5 6.5 4.5 1 0.448761 0.193803 
0.5 2.5 2 1 0.175385 -0.0163785 
0.5 4.5 2 1 0.309425 -0.00869225 
0.5 4.5 4.5 1 0.331116 0.202309 
0.5 2.5 4.5 1 0.19345 0.212263 
