0 0 0 1 0.23121 -0.428253 
0 0 6.5 1 0.19104 0.184263 
10 0 0 1 -0.229741 -0.242076 
10 0 6.5 1 -0.270141 0.116548 
10 10 0 1 0.13083 -0.124697 
10 10 6.5 1 0.111321 0.13923 
0 10 0 1 0.57201 -0.189408 
0 10 6.5 1 0.561226 0.19034 
0 5 10 1 0.410212 0.460199 
10 5 10 1 -0.06476 0.30153 
0 6 0 1 0.472387 -0.259227 
0 8 0 1 0.526301 -0.221443 
0 8 5 1 0.515883 0.0915921 
0 6 5 1 0.459071 0.0815504 
0 2 2.5 1 0.318102 -0.156956 
0 4 2.5 1 0.399397 -0.121124 
0 4 5 1 0.390616 0.0694507 
0 2 5 1 0.306531 0.0545882 
0.5 0.5 -0.5 1 0.223086 -0.436806 
0.5 0.5 6 1 0.185217 0.132535 
10.5 0.5 -0.5 1 -0.216335 -0.254661 
10.5 0.5 6 1 -0.254586 0.0887348 
10.5 10.5 -0.5 1 0.13014 -0.1375 
10.5 10.5 6 1 0.111203 0.118093 
0.5 10.5 -0.5 1 0.552633 -0.204806 
0.5 10.5 6 1 0.541581 0.15792 
0.5 5.5 9.5 1 0.393629 0.404404 
10.5 5.5 9.5 1 -0.0586481 0.271 
0.5 6.5 -0.5 1 0.454567 -0.273844 
0.5 8.5 -0.5 1 0.507456 -0.23661 
0.5 8.5 4.5 1 0.496933 0.0614284 
0.5 6.5 4.5 1 0.441317 0.0492316 
0.5 2.5 2 1 0.305447 -0.181081 
0.5 4.5 2 1 0.383525 -0.144904 
0.5 4.5 4.5 1 0.374935 0.0346737 
0.5 2.5 4.5 1 0.294323 0.0169953 
