0 0 0 1 -0.524186 -0.731367 
0 0 6.5 1 -0.500871 -0.0322092 
10 0 0 1 -0.237473 -0.44129 
10 0 6.5 1 -0.241211 -0.0997838 
10 10 0 1 0.289543 -0.416365 
10 10 6.5 1 0.256693 -0.0727017 
0 10 0 1 0.573606 -0.685792 
0 10 6.5 1 0.477724 0.0226887 
0 5 10 1 -0.0324164 0.314471 
10 5 10 1 -0.00250729 0.0830269 
0 6 0 1 0.1285 -0.70427 
0 8 0 1 0.350037 -0.695073 
0 8 5 1 0.293845 -0.137564 
0 6 5 1 0.0914404 -0.148295 
0 2 2.5 1 -0.308468 -0.433743 
0 4 2.5 1 -0.100565 -0.423863 
0 4 5 1 -0.109288 -0.158937 
0 2 5 1 -0.308361 -0.169492 
0.5 0.5 -0.5 1 -0.446217 -0.758158 
0.5 0.5 6 1 -0.431789 -0.0822345 
10.5 0.5 -0.5 1 -0.204862 -0.460441 
10.5 0.5 6 1 -0.210274 -0.124518 
10.5 10.5 -0.5 1 0.311613 -0.436236 
10.5 10.5 6 1 0.278211 -0.0982158 
0.5 10.5 -0.5 1 0.606802 -0.715102 
0.5 10.5 6 1 0.511073 -0.0304012 
0.5 5.5 9.5 1 0.0169922 0.254311 
10.5 5.5 9.5 1 0.0231989 0.055413 
0.5 6.5 -0.5 1 0.180091 -0.732549 
0.5 8.5 -0.5 1 0.392513 -0.723864 
0.5 8.5 4.5 1 0.334998 -0.185552 
0.5 6.5 4.5 1 0.140228 -0.195678 
0.5 2.5 2 1 -0.242079 -0.471369 
0.5 4.5 2 1 -0.0422195 -0.462041 
0.5 4.5 4.5 1 -0.0529912 -0.205723 
0.5 2.5 4.5 1 -0.244677 -0.215689 
