0.373462 -0.615534 0.302413 0.000839812 
-0.243207 -0.475895 -0.258639 -0.0802463 
0.0870714 -0.346542 0.0650876 -0.0794164 
0.545997 -0.383678 0.496376 -0.0314384 
0.373462 -0.615534 -0.243207 -0.475895 
-0.243207 -0.475895 0.0870714 -0.346542 
0.0870714 -0.346542 0.545997 -0.383678 
0.545997 -0.383678 0.373462 -0.615534 
0.302413 0.000839812 0.395495 0.201369 
0.395495 0.201369 0.496376 -0.0314384 
-0.258639 -0.0802463 -0.0771023 0.081402 
-0.0771023 0.081402 0.0650876 -0.0794164 
0.395495 0.201369 -0.0771023 0.081402 
0.302413 0.000839812 -0.258639 -0.0802463 
0.496376 -0.0314384 0.0650876 -0.0794164 
0.498548 -0.44744 0.524511 -0.412551 
0.524511 -0.412551 0.483263 -0.112791 
0.483263 -0.112791 0.454282 -0.116302 
0.454282 -0.116302 0.498548 -0.44744 
0.399691 -0.329684 0.442141 -0.301078 
0.442141 -0.301078 0.418877 -0.120591 
0.418877 -0.120591 0.374646 -0.125949 
0.374646 -0.125949 0.399691 -0.329684 
