-0.0251279 -0.24184 0.0105109 0.455001 
-0.251743 -0.0349512 -0.248015 0.326724 
0.182937 -0.0157062 0.207484 0.273552 
0.604627 -0.146411 0.680187 0.323416 
-0.0251279 -0.24184 -0.251743 -0.0349512 
-0.251743 -0.0349512 0.182937 -0.0157062 
0.182937 -0.0157062 0.604627 -0.146411 
0.604627 -0.146411 -0.0251279 -0.24184 
0.0105109 0.455001 0.454115 0.726769 
0.454115 0.726769 0.680187 0.323416 
-0.248015 0.326724 0.0151631 0.485377 
0.0151631 0.485377 0.207484 0.273552 
0.454115 0.726769 0.0151631 0.485377 
0.0105109 0.455001 -0.248015 0.326724 
0.680187 0.323416 0.207484 0.273552 
0.406485 -0.176436 0.512135 -0.160426 
0.512135 -0.160426 0.567048 0.21842 
0.567048 0.21842 0.458005 0.230146 
0.458005 0.230146 0.406485 -0.176436 
0.161053 0.0120805 0.30694 0.0162549 
0.30694 0.0162549 0.330961 0.243807 
0.330961 0.243807 0.181059 0.259927 
0.181059 0.259927 0.161053 0.0120805 
