-0.440299 -0.489613 -0.437933 -0.148876 
0.00459046 -0.398112 -0.0113017 -0.129725 
0.326639 -0.505516 0.283522 -0.0967709 
-0.3137 -0.719479 -0.320512 -0.115345 
-0.440299 -0.489613 0.00459046 -0.398112 
0.00459046 -0.398112 0.326639 -0.505516 
0.326639 -0.505516 -0.3137 -0.719479 
-0.3137 -0.719479 -0.440299 -0.489613 
-0.437933 -0.148876 -0.394631 0.0760089 
-0.394631 0.0760089 -0.320512 -0.115345 
-0.0113017 -0.129725 0.0940984 0.0453844 
0.0940984 0.0453844 0.283522 -0.0967709 
-0.394631 0.0760089 0.0940984 0.0453844 
-0.437933 -0.148876 -0.0113017 -0.129725 
-0.320512 -0.115345 0.283522 -0.0967709 
-0.382443 -0.594662 -0.352721 -0.648628 
-0.352721 -0.648628 -0.355092 -0.239051 
-0.355092 -0.239051 -0.382996 -0.234162 
-0.382996 -0.234162 -0.382443 -0.594662 
-0.424037 -0.369328 -0.405528 -0.387365 
-0.405528 -0.387365 -0.405236 -0.230265 
-0.405236 -0.230265 -0.423377 -0.227087 
-0.423377 -0.227087 -0.424037 -0.369328 
