0 0 0 1 0.322216 -0.114411 
0 0 6.5 1 0.340542 0.315147 
10 0 0 1 -0.313908 -0.130501 
10 0 6.5 1 -0.351109 0.300721 
10 10 0 1 -0.198812 -0.00424715 
10 10 6.5 1 -0.214951 0.258834 
0 10 0 1 0.192855 0.00516254 
0 10 6.5 1 0.197084 0.267617 
0 5 10 1 0.255738 0.478972 
10 5 10 1 -0.279467 0.468725 
0 6 0 1 0.230533 -0.0296648 
0 8 0 1 0.210129 -0.0108043 
0 8 5 1 0.214361 0.205299 
0 6 5 1 0.236123 0.206055 
0 2 2.5 1 0.289771 0.0600457 
0 4 2.5 1 0.258631 0.074071 
0 4 5 1 0.262447 0.206969 
0 2 5 1 0.294933 0.208097 
0.5 0.5 -0.5 1 0.280373 -0.135148 
0.5 0.5 6 1 0.294497 0.276101 
10.5 0.5 -0.5 1 -0.333215 -0.150792 
10.5 0.5 6 1 -0.370594 0.261968 
10.5 10.5 -0.5 1 -0.213422 -0.0197201 
10.5 10.5 6 1 -0.229924 0.236396 
0.5 10.5 -0.5 1 0.169584 -0.0104589 
0.5 10.5 6 1 0.172536 0.245067 
0.5 5.5 9.5 1 0.222325 0.443531 
10.5 5.5 9.5 1 -0.296837 0.433405 
0.5 6.5 -0.5 1 0.202168 -0.0471312 
0.5 8.5 -0.5 1 0.184555 -0.0273083 
0.5 8.5 4.5 1 0.187614 0.182689 
0.5 6.5 4.5 1 0.206312 0.181338 
0.5 2.5 2 1 0.252456 0.0353291 
0.5 4.5 2 1 0.225932 0.0513924 
0.5 4.5 4.5 1 0.228812 0.179712 
0.5 2.5 4.5 1 0.256402 0.177718 
