0 0 0 1 -0.37604 -0.764369 
0 0 6.5 1 -0.289544 -0.0157314 
10 0 0 1 -0.300517 -0.408738 
10 0 6.5 1 -0.260959 -0.0550365 
10 10 0 1 0.205177 -0.416798 
10 10 6.5 1 0.223448 -0.0989859 
0 10 0 1 0.599719 -0.70817 
0 10 6.5 1 0.608601 -0.104137 
0 5 10 1 0.2255 0.258441 
10 5 10 1 0.00846869 0.092304 
0 6 0 1 0.260622 -0.727701 
0 8 0 1 0.437275 -0.717526 
0 8 5 1 0.452768 -0.226823 
0 6 5 1 0.286139 -0.216138 
0 2 2.5 1 -0.117105 -0.463088 
0 4 2.5 1 0.086994 -0.464056 
0 4 5 1 0.105113 -0.204529 
0 2 5 1 -0.0922581 -0.191871 
0.5 0.5 -0.5 1 -0.317793 -0.784231 
0.5 0.5 6 1 -0.240272 -0.0749054 
10.5 0.5 -0.5 1 -0.274393 -0.428525 
10.5 0.5 6 1 -0.236886 -0.0838099 
10.5 10.5 -0.5 1 0.215669 -0.434338 
10.5 10.5 6 1 0.23314 -0.123803 
0.5 10.5 -0.5 1 0.600459 -0.726898 
0.5 10.5 6 1 0.6089 -0.14871 
0.5 5.5 9.5 1 0.243971 0.193958 
10.5 5.5 9.5 1 0.0239726 0.0617803 
0.5 6.5 -0.5 1 0.278868 -0.746977 
0.5 8.5 -0.5 1 0.446068 -0.736537 
0.5 8.5 4.5 1 0.460405 -0.267971 
0.5 6.5 4.5 1 0.302216 -0.259428 
0.5 2.5 2 1 -0.0771767 -0.497941 
0.5 4.5 2 1 0.114582 -0.497391 
0.5 4.5 4.5 1 0.131055 -0.250184 
0.5 2.5 4.5 1 -0.0547422 -0.24015 
