0 0 0 1 0.366834 -0.610399 
0 0 6.5 1 0.294979 0.00703171 
10 0 0 1 -0.237013 -0.464322 
10 0 6.5 1 -0.257704 -0.0730694 
10 10 0 1 0.0956499 -0.331135 
10 10 6.5 1 0.0716613 -0.0651136 
0 10 0 1 0.55397 -0.369567 
0 10 6.5 1 0.504417 -0.0153584 
0 5 10 1 0.397324 0.217621 
10 5 10 1 -0.0749107 0.0932713 
0 6 0 1 0.502294 -0.43607 
0 8 0 1 0.53055 -0.399708 
0 8 5 1 0.489375 -0.098916 
0 6 5 1 0.458041 -0.10404 
0 2 2.5 1 0.397282 -0.322819 
0 4 2.5 1 0.443172 -0.291768 
0 4 5 1 0.419783 -0.110296 
0 2 5 1 0.372021 -0.118107 
0.5 0.5 -0.5 1 0.342518 -0.627508 
0.5 0.5 6 1 0.276085 -0.0426068 
10.5 0.5 -0.5 1 -0.230134 -0.480742 
10.5 0.5 6 1 -0.250367 -0.102792 
10.5 10.5 -0.5 1 0.0918562 -0.345859 
10.5 10.5 6 1 0.0685732 -0.0860462 
0.5 10.5 -0.5 1 0.533331 -0.387805 
0.5 10.5 6 1 0.486175 -0.04452 
0.5 5.5 9.5 1 0.379386 0.172819 
10.5 5.5 9.5 1 -0.0742584 0.0644809 
0.5 6.5 -0.5 1 0.479676 -0.455208 
0.5 8.5 -0.5 1 0.508921 -0.41847 
0.5 8.5 4.5 1 0.469909 -0.127895 
0.5 6.5 4.5 1 0.437949 -0.135587 
0.5 2.5 2 1 0.37492 -0.351792 
0.5 4.5 2 1 0.421182 -0.318998 
0.5 4.5 4.5 1 0.399233 -0.144905 
0.5 2.5 4.5 1 0.351367 -0.156426 
