0.32248 -0.103507 0.310108 0.316312 
-0.318896 -0.168921 -0.372482 0.277752 
-0.238165 -0.050499 -0.266677 0.216385 
0.155184 -0.0148029 0.141779 0.242256 
0.32248 -0.103507 -0.318896 -0.168921 
-0.318896 -0.168921 -0.238165 -0.050499 
-0.238165 -0.050499 0.155184 -0.0148029 
0.155184 -0.0148029 0.32248 -0.103507 
0.310108 0.316312 0.197223 0.453796 
0.197223 0.453796 0.141779 0.242256 
-0.372482 0.277752 -0.327416 0.432216 
-0.327416 0.432216 -0.266677 0.216385 
0.197223 0.453796 -0.327416 0.432216 
0.310108 0.316312 -0.372482 0.277752 
0.141779 0.242256 -0.266677 0.216385 
0.204017 -0.0406956 0.177583 -0.0266794 
0.177583 -0.0266794 0.167142 0.185792 
0.167142 0.185792 0.193452 0.191081 
0.193452 0.191081 0.204017 -0.0406956 
0.269307 0.0609239 0.230512 0.0677715 
0.230512 0.0677715 0.225156 0.197453 
0.225156 0.197453 0.264102 0.205281 
0.264102 0.205281 0.269307 0.0609239 
