0.370445 -0.61343 0.29883 0.00364174 
-0.239989 -0.470595 -0.25811 -0.0770806 
0.0915074 -0.339189 0.068456 -0.0725981 
0.5502 -0.376904 0.500479 -0.0236546 
0.370445 -0.61343 -0.239989 -0.470595 
-0.239989 -0.470595 0.0915074 -0.339189 
0.0915074 -0.339189 0.5502 -0.376904 
0.5502 -0.376904 0.370445 -0.61343 
0.29883 0.00364174 0.396447 0.209199 
0.396447 0.209199 0.500479 -0.0236546 
-0.25811 -0.0770806 -0.0759559 0.0869663 
-0.0759559 0.0869663 0.068456 -0.0725981 
0.396447 0.209199 -0.0759559 0.0869663 
0.29883 0.00364174 -0.25811 -0.0770806 
0.500479 -0.0236546 0.068456 -0.0725981 
0.50067 -0.442077 0.527762 -0.406428 
0.527762 -0.406428 0.48644 -0.106114 
0.48644 -0.106114 0.456293 -0.110439 
0.456293 -0.110439 0.50067 -0.442077 
0.398702 -0.32658 0.442858 -0.296726 
0.442858 -0.296726 0.419473 -0.115722 
0.419473 -0.115722 0.373488 -0.122319 
0.373488 -0.122319 0.398702 -0.32658 
