0 0 0 1 -0.363162 -0.348163 
0 0 6.5 1 -0.389073 -0.0461643 
10 0 0 1 0.0498299 -0.261992 
10 0 6.5 1 0.0246391 -0.00938331 
10 10 0 1 0.326317 -0.363143 
10 10 6.5 1 0.283873 0.0279903 
0 10 0 1 -0.297373 -0.546776 
0 10 6.5 1 -0.343149 -0.0230125 
0 5 10 1 -0.389684 0.164645 
10 5 10 1 0.109782 0.168034 
0 6 0 1 -0.332663 -0.440237 
0 8 0 1 -0.317281 -0.486674 
0 8 5 1 -0.347922 -0.134152 
0 6 5 1 -0.359698 -0.127855 
0 2 2.5 1 -0.365866 -0.245414 
0 4 2.5 1 -0.357055 -0.262404 
0 4 5 1 -0.369092 -0.122832 
0 2 5 1 -0.376761 -0.118731 
0.5 0.5 -0.5 1 -0.334242 -0.372503 
0.5 0.5 6 1 -0.360763 -0.0665465 
10.5 0.5 -0.5 1 0.0782871 -0.281441 
10.5 0.5 6 1 0.0525966 -0.0260685 
10.5 10.5 -0.5 1 0.375162 -0.395105 
10.5 10.5 6 1 0.331399 0.00269368 
0.5 10.5 -0.5 1 -0.245285 -0.593732 
0.5 10.5 6 1 -0.292953 -0.0579518 
0.5 5.5 9.5 1 -0.353997 0.142211 
10.5 5.5 9.5 1 0.144658 0.15006 
0.5 6.5 -0.5 1 -0.293206 -0.474556 
0.5 8.5 -0.5 1 -0.272376 -0.526357 
0.5 8.5 4.5 1 -0.304119 -0.166779 
0.5 6.5 4.5 1 -0.3211 -0.156646 
0.5 2.5 2 1 -0.334403 -0.270535 
0.5 4.5 2 1 -0.322216 -0.29037 
0.5 4.5 4.5 1 -0.334595 -0.148593 
0.5 2.5 4.5 1 -0.345578 -0.14204 
