-0.221319 -0.494746 -0.153353 0.202925 
-0.277899 -0.22052 -0.244717 0.124587 
0.192041 -0.229273 0.222493 0.0654569 
0.590807 -0.440103 0.647712 0.0783999 
-0.221319 -0.494746 -0.277899 -0.22052 
-0.277899 -0.22052 0.192041 -0.229273 
0.192041 -0.229273 0.590807 -0.440103 
0.590807 -0.440103 -0.221319 -0.494746 
-0.153353 0.202925 0.340291 0.456293 
0.340291 0.456293 0.647712 0.0783999 
-0.244717 0.124587 0.0245152 0.265171 
0.0245152 0.265171 0.222493 0.0654569 
0.340291 0.456293 0.0245152 0.265171 
-0.153353 0.202925 -0.244717 0.124587 
0.647712 0.0783999 0.222493 0.0654569 
0.321403 -0.458229 0.463356 -0.448678 
0.463356 -0.448678 0.508598 -0.0290442 
0.508598 -0.0290442 0.368274 -0.0146238 
0.368274 -0.0146238 0.321403 -0.458229 
0.00789139 -0.231554 0.186523 -0.234535 
0.186523 -0.234535 0.210897 0.001549 
0.210897 0.001549 0.0331587 0.0198142 
0.0331587 0.0198142 0.00789139 -0.231554 
