0 0 0 1 0.154454 -0.12371 
0 0 6.5 1 0.183677 0.15313 
10 0 0 1 0.584344 -0.267992 
10 0 6.5 1 0.645096 0.164469 
10 10 0 1 0.0335095 -0.371876 
10 10 6.5 1 0.0991834 0.297817 
0 10 0 1 -0.264957 -0.138214 
0 10 6.5 1 -0.238785 0.219779 
0 5 10 1 0.015508 0.35665 
10 5 10 1 0.469275 0.51793 
0 6 0 1 -0.0713087 -0.131518 
0 8 0 1 -0.162883 -0.134684 
0 8 5 1 -0.141937 0.123877 
0 6 5 1 -0.0497179 0.113554 
0 2 2.5 1 0.0972505 -0.0160596 
0 4 2.5 1 0.0222133 -0.0132442 
0 4 5 1 0.0333163 0.104258 
0 2 5 1 0.108473 0.0958448 
0.5 0.5 -0.5 1 0.149592 -0.150479 
0.5 0.5 6 1 0.179552 0.133766 
10.5 0.5 -0.5 1 0.595903 -0.316914 
10.5 0.5 6 1 0.659885 0.133884 
10.5 10.5 -0.5 1 0.0128858 -0.456024 
10.5 10.5 6 1 0.0822724 0.258709 
0.5 10.5 -0.5 1 -0.286639 -0.173469 
0.5 10.5 6 1 -0.260106 0.19701 
0.5 5.5 9.5 1 0.00519519 0.341169 
10.5 5.5 9.5 1 0.477636 0.500045 
0.5 6.5 -0.5 1 -0.0843424 -0.162808 
0.5 8.5 -0.5 1 -0.179817 -0.16784 
0.5 8.5 4.5 1 -0.158483 0.0991661 
0.5 6.5 4.5 1 -0.0622866 0.089836 
0.5 2.5 2 1 0.0904015 -0.041144 
0.5 4.5 2 1 0.0126593 -0.039517 
0.5 4.5 4.5 1 0.0240251 0.0814646 
0.5 2.5 4.5 1 0.101901 0.0739114 
