0 0 0 1 0.256372 -0.131349 
0 0 6.5 1 0.253918 0.220652 
10 0 0 1 -0.00779299 -0.407615 
10 0 6.5 1 -0.0443265 0.236787 
10 10 0 1 -0.574925 -0.249211 
10 10 6.5 1 -0.643252 0.183265 
0 10 0 1 -0.16206 -0.0869549 
0 10 6.5 1 -0.184469 0.190769 
0 5 10 1 -0.00074272 0.385629 
10 5 10 1 -0.444796 0.52601 
0 6 0 1 -0.0173574 -0.102307 
0 8 0 1 -0.0928344 -0.0942994 
0 8 5 1 -0.10795 0.126143 
0 6 5 1 -0.0301084 0.128167 
0 2 2.5 1 0.153004 0.00328144 
0 4 2.5 1 0.0604363 0.00713275 
0 4 5 1 0.0554094 0.130391 
0 2 5 1 0.149797 0.132846 
0.5 0.5 -0.5 1 0.222762 -0.161751 
0.5 0.5 6 1 0.218181 0.190229 
10.5 0.5 -0.5 1 -0.0718633 -0.465916 
10.5 0.5 6 1 -0.116572 0.178092 
10.5 10.5 -0.5 1 -0.621731 -0.287582 
10.5 10.5 6 1 -0.694219 0.144783 
0.5 10.5 -0.5 1 -0.19036 -0.11086 
0.5 10.5 6 1 -0.214253 0.166856 
0.5 5.5 9.5 1 -0.0343039 0.358914 
10.5 5.5 9.5 1 -0.508241 0.47977 
0.5 6.5 -0.5 1 -0.0475912 -0.128447 
0.5 8.5 -0.5 1 -0.122072 -0.119272 
0.5 8.5 4.5 1 -0.138396 0.101152 
0.5 6.5 4.5 1 -0.0616374 0.102005 
0.5 2.5 2 1 0.119856 -0.0255823 
0.5 4.5 2 1 0.0284641 -0.0203131 
0.5 4.5 4.5 1 0.0227265 0.102944 
0.5 2.5 4.5 1 0.115885 0.10398 
