0 0 0 1 -0.0251279 -0.24184 
0 0 6.5 1 0.0105109 0.455001 
10 0 0 1 -0.251743 -0.0349512 
10 0 6.5 1 -0.248015 0.326724 
10 10 0 1 0.182937 -0.0157062 
10 10 6.5 1 0.207484 0.273552 
0 10 0 1 0.604627 -0.146411 
0 10 6.5 1 0.680187 0.323416 
0 5 10 1 0.454115 0.726769 
10 5 10 1 0.0151631 0.485377 
0 6 0 1 0.406485 -0.176436 
0 8 0 1 0.512135 -0.160426 
0 8 5 1 0.567048 0.21842 
0 6 5 1 0.458005 0.230146 
0 2 2.5 1 0.161053 0.0120805 
0 4 2.5 1 0.30694 0.0162549 
0 4 5 1 0.330961 0.243807 
0 2 5 1 0.181059 0.259927 
0.5 0.5 -0.5 1 -0.00476338 -0.261569 
0.5 0.5 6 1 0.0304221 0.378486 
10.5 0.5 -0.5 1 -0.23187 -0.0537176 
10.5 0.5 6 1 -0.227107 0.292096 
10.5 10.5 -0.5 1 0.185502 -0.0315604 
10.5 10.5 6 1 0.209367 0.24746 
0.5 10.5 -0.5 1 0.587843 -0.165016 
0.5 10.5 6 1 0.658068 0.278328 
0.5 5.5 9.5 1 0.441495 0.643382 
10.5 5.5 9.5 1 0.0245051 0.447673 
0.5 6.5 -0.5 1 0.398553 -0.195857 
0.5 8.5 -0.5 1 0.499154 -0.179466 
0.5 8.5 4.5 1 0.550184 0.17703 
0.5 6.5 4.5 1 0.446456 0.185087 
0.5 2.5 2 1 0.168038 -0.0238719 
0.5 4.5 2 1 0.304331 -0.0172784 
0.5 4.5 4.5 1 0.326709 0.194389 
0.5 2.5 4.5 1 0.186922 0.205247 
