0 0 0 1 0.300112 -0.527838 
0 0 6.5 1 0.241035 0.0823638 
10 0 0 1 -0.223469 -0.353308 
10 0 6.5 1 -0.261517 0.0140891 
10 10 0 1 0.121939 -0.219376 
10 10 6.5 1 0.0961117 0.0420664 
0 10 0 1 0.570937 -0.270901 
0 10 6.5 1 0.537062 0.093812 
0 5 10 1 0.403144 0.337679 
10 5 10 1 -0.069099 0.195974 
0 6 0 1 0.49378 -0.344101 
0 8 0 1 0.535735 -0.304298 
0 8 5 1 0.507276 0.000428066 
0 6 5 1 0.462392 -0.0101938 
0 2 2.5 1 0.360293 -0.246116 
0 4 2.5 1 0.425473 -0.208169 
0 4 5 1 0.407938 -0.0230806 
0 2 5 1 0.340486 -0.0390433 
0.5 0.5 -0.5 1 0.284864 -0.537752 
0.5 0.5 6 1 0.229422 0.0336257 
10.5 0.5 -0.5 1 -0.212499 -0.366235 
10.5 0.5 6 1 -0.249006 -0.0132771 
10.5 10.5 -0.5 1 0.120151 -0.23243 
10.5 10.5 6 1 0.0950443 0.0216175 
0.5 10.5 -0.5 1 0.551123 -0.286908 
0.5 10.5 6 1 0.51847 0.0635717 
0.5 5.5 9.5 1 0.386469 0.288241 
10.5 5.5 9.5 1 -0.064926 0.167077 
0.5 6.5 -0.5 1 0.473865 -0.359693 
0.5 8.5 -0.5 1 0.515733 -0.320249 
0.5 8.5 4.5 1 0.488393 -0.0283966 
0.5 6.5 4.5 1 0.443834 -0.0411804 
0.5 2.5 2 1 0.343342 -0.270748 
0.5 4.5 2 1 0.406946 -0.232227 
0.5 4.5 4.5 1 0.390254 -0.0565524 
0.5 2.5 4.5 1 0.324605 -0.0753871 
