0 0 0 1 0.375898 -0.616753 
0 0 6.5 1 0.305741 -0.00142635 
10 0 0 1 -0.246642 -0.480223 
10 0 6.5 1 -0.259279 -0.0825874 
10 10 0 1 0.0823498 -0.353172 
10 10 6.5 1 0.061559 -0.0855598 
0 10 0 1 0.541362 -0.389876 
0 10 6.5 1 0.492107 -0.0387079 
0 5 10 1 0.39447 0.194112 
10 5 10 1 -0.0783474 0.076572 
0 6 0 1 0.495937 -0.452162 
0 8 0 1 0.520799 -0.418071 
0 8 5 1 0.479847 -0.118952 
0 6 5 1 0.452013 -0.121642 
0 2 2.5 1 0.400261 -0.332164 
0 4 2.5 1 0.44103 -0.304842 
0 4 5 1 0.418003 -0.124928 
0 2 5 1 0.375506 -0.129034 
0.5 0.5 -0.5 1 0.349205 -0.63646 
0.5 0.5 6 1 0.284754 -0.0514831 
10.5 0.5 -0.5 1 -0.241249 -0.498071 
10.5 0.5 6 1 -0.253727 -0.11331 
10.5 10.5 -0.5 1 0.0778197 -0.368492 
10.5 10.5 6 1 0.0576917 -0.10676 
0.5 10.5 -0.5 1 0.520426 -0.408755 
0.5 10.5 6 1 0.473683 -0.0676448 
0.5 5.5 9.5 1 0.375841 0.150287 
10.5 5.5 9.5 1 -0.0789305 0.0475777 
0.5 6.5 -0.5 1 0.472577 -0.472389 
0.5 8.5 -0.5 1 0.498686 -0.437668 
0.5 8.5 4.5 1 0.460009 -0.14802 
0.5 6.5 4.5 1 0.431313 -0.153403 
0.5 2.5 2 1 0.376402 -0.362511 
0.5 4.5 2 1 0.418035 -0.333046 
0.5 4.5 4.5 1 0.396515 -0.159929 
0.5 2.5 4.5 1 0.353436 -0.168009 
