0.249731 -0.0798654 0.281451 0.287075 
-0.158383 -0.250515 -0.15237 0.394416 
-0.565923 -0.0730294 -0.593559 0.332167 
-0.131303 -0.000961656 -0.127472 0.27365 
0.249731 -0.0798654 -0.158383 -0.250515 
-0.158383 -0.250515 -0.565923 -0.0730294 
-0.565923 -0.0730294 -0.131303 -0.000961656 
-0.131303 -0.000961656 0.249731 -0.0798654 
0.281451 0.287075 0.0543601 0.464376 
0.0543601 0.464376 -0.127472 0.27365 
-0.15237 0.394416 -0.438868 0.665172 
-0.438868 0.665172 -0.593559 0.332167 
0.0543601 0.464376 -0.438868 0.665172 
0.281451 0.287075 -0.15237 0.394416 
-0.127472 0.27365 -0.593559 0.332167 
-0.0042728 -0.0272668 -0.0711284 -0.0134225 
-0.0711284 -0.0134225 -0.0655799 0.206263 
-0.0655799 0.206263 0.00450807 0.204543 
0.00450807 0.204543 -0.0042728 -0.0272668 
0.16315 0.0670105 0.0766847 0.0771652 
0.0766847 0.0771652 0.083216 0.202611 
0.083216 0.202611 0.172238 0.200426 
0.172238 0.200426 0.16315 0.0670105 
