0 0.474386 0.524365 -0.474386 -0.524365 20.05 5.03681 5.03384 -0.0493217 -0.5187 0.266454 -2.7124 -0.563001 9.1877 
0.0333333 -0.480351 -0.523268 0.468539 0.525285 20.0492 5.24677 5.13769 -0.0493217 -0.5187 0.266454 -2.7124 -0.563001 9.1877 
0.0666667 -0.486421 -0.522015 0.462826 0.526011 20.0468 5.45674 5.24038 -0.0493217 -0.5187 0.266454 -2.7124 -0.563001 9.1877 
0.1 -0.49258 -0.520627 0.457259 0.526524 20.0427 5.66668 5.34077 -0.0493217 -0.5187 0.266454 -2.7124 -0.563001 9.1877 
0.133333 -0.498812 -0.519126 0.45185 0.526807 20.037 5.87657 5.43777 -0.0493217 -0.5187 0.266454 -2.7124 -0.563001 9.1877 
0.166667 0.505103 0.517534 -0.446612 -0.526847 20.0295 6.08639 5.5303 -0.0493217 -0.5187 0.266454 -2.7124 -0.563001 9.1877 
0.2 0.511434 0.515875 -0.441555 -0.526629 20.0204 6.2961 5.61735 -0.0493217 -0.5187 0.266454 -2.7124 -0.563001 9.1877 
0.233333 0.517789 0.514171 -0.43669 -0.526142 20.0097 6.5057 5.69795 -0.0493217 -0.5187 0.266454 -2.7124 -0.563001 9.1877 
0.266667 0.52415 0.512446 -0.432025 -0.525376 19.9972 6.71514 5.77123 -0.0493217 -0.5187 0.266454 -2.7124 -0.563001 9.1877 
0.3 0.5305 0.510724 -0.427571 -0.524322 19.9831 6.92442 5.83637 -0.0493217 -0.5187 0.266454 -2.7124 -0.563001 9.1877 
0.333333 0.536822 0.509028 -0.423333 -0.522974 19.9673 7.1335 5.89265 -0.0493217 -0.5187 0.266454 -2.7124 -0.563001 9.1877 
0.366667 0.543096 0.507382 -0.419319 -0.521327 19.9498 7.34236 5.93946 -0.0493217 -0.5187 0.266454 -2.7124 -0.563001 9.1877 
0.4 0.549305 0.505807 -0.415535 -0.519378 19.9307 7.55097 5.97628 -0.0493217 -0.5187 0.266454 -2.7124 -0.563001 9.1877 
0.433333 0.555431 0.504327 -0.411985 -0.517125 19.9099 7.75931 6.0027 -0.0493217 -0.5187 0.266454 -2.7124 -0.563001 9.1877 
0.466667 0.561456 0.502962 -0.408673 -0.51457 19.8875 7.96736 6.01843 -0.0493217 -0.5187 0.266454 -2.7124 -0.563001 9.1877 
0.5 0.567362 0.501733 -0.405602 -0.511714 19.8633 8.17509 6.02329 -0.0493217 -0.5187 0.266454 -2.7124 -0.563001 9.1877 
0.533333 0.573131 0.50066 -0.402774 -0.50856 19.8375 8.38248 6.01722 -0.0493217 -0.5187 0.266454 -2.7124 -0.563001 9.1877 
0.566667 0.578746 0.499761 -0.400189 -0.505115 19.8101 8.5895 6.00029 -0.0493217 -0.5187 0.266454 -2.7124 -0.563001 9.1877 
0.6 0.58419 0.499053 -0.397846 -0.501385 19.781 8.79612 5.97267 -0.0493217 -0.5187 0.266454 -2.7124 -0.563001 9.1877 
0.633333 0.589446 0.498552 -0.395744 -0.497379 19.7503 9.00233 5.93468 -0.0493217 -0.5187 0.266454 -2.7124 -0.563001 9.1877 
0.666667 0.594499 0.498272 -0.39388 -0.493106 19.7179 9.2081 5.88672 -0.0493217 -0.5187 0.266454 -2.7124 -0.563001 9.1877 
0.7 0.599334 0.498228 -0.392251 -0.488577 19.6839 9.41341 5.82931 -0.0493217 -0.5187 0.266454 -2.7124 -0.563001 9.1877 
0.733334 0.603935 0.49843 -0.39085 -0.483804 19.6482 9.61822 5.76308 -0.0493217 -0.5187 0.266454 -2.7124 -0.563001 9.1877 
0.766667 0.608289 0.498889 -0.389672 -0.478801 19.6109 9.82252 5.68875 -0.0493217 -0.5187 0.266454 -2.7124 -0.563001 9.1877 
0.8 0.612383 0.499612 -0.388709 -0.473582 19.572 10.0263 5.60714 -0.0493217 -0.5187 0.266454 -2.7124 -0.563001 9.1877 
0.833334 0.616205 0.500609 -0.387951 -0.468162 19.5315 10.2295 5.51914 -0.0493217 -0.5187 0.266454 -2.7124 -0.563001 9.1877 
0.866667 0.619745 0.501883 -0.38739 -0.462557 19.4893 10.4321 5.42571 -0.0493217 -0.5187 0.266454 -2.7124 -0.563001 9.1877 
0.9 0.622993 0.503439 -0.387013 -0.456782 19.4456 10.6341 5.32787 -0.0493217 -0.5187 0.266454 -2.7124 -0.563001 9.1877 
0.933334 0.62594 0.505279 -0.386808 -0.450856 19.4002 10.8355 5.2267 -0.0493217 -0.5187 0.266454 -2.7124 -0.563001 9.1877 
0.966667 0.62858 0.507404 -0.386762 -0.444796 19.3533 11.0363 5.1233 -0.0493217 -0.5187 0.266454 -2.7124 -0.563001 9.1877 
1 0.630906 0.509814 -0.38686 -0.438619 19.3047 11.2363 5.0188 -0.0493217 -0.5187 0.266454 -2.7124 -0.563001 9.1877 
1.03333 0.632915 0.512506 -0.387086 -0.432344 19.2546 11.4357 4.91435 -0.0493217 -0.5187 0.266454 -2.7124 -0.563001 9.1877 
1.06667 0.634604 0.515476 -0.387423 -0.425988 19.203 11.6343 4.8111 -0.0493217 -0.5187 0.266454 -2.7124 -0.563001 9.1877 
1.1 0.635971 0.518721 -0.387854 -0.41957 19.1497 11.8322 4.71017 -0.0493217 -0.5187 0.266454 -2.7124 -0.563001 9.1877 
1.13333 0.637017 0.522233 -0.388361 -0.413107 19.0949 12.0293 4.61267 -0.0493217 -0.5187 0.266454 -2.7124 -0.563001 9.1877 
1.16667 0.637745 0.526005 -0.388924 -0.406619 19.0385 12.2257 4.51968 -0.0493217 -0.5187 0.266454 -2.7124 -0.563001 9.1877 
1.2 0.638157 0.530029 -0.389523 -0.400121 18.9806 12.4212 4.43221 -0.0493217 -0.5187 0.266454 -2.7124 -0.563001 9.1877 
1.23333 0.638259 0.534294 -0.390139 -0.393632 18.9211 12.6159 4.35122 -0.0493217 -0.5187 0.266454 -2.7124 -0.563001 9.1877 
1.26667 0.638059 0.53879 -0.39075 -0.387169 18.8601 12.8098 4.2776 -0.0493217 -0.5187 0.266454 -2.7124 -0.563001 9.1877 
1.3 0.637566 0.543504 -0.391336 -0.380747 18.7976 13.0027 4.21216 -0.0493217 -0.5187 0.266454 -2.7124 -0.563001 9.1877 
1.33333 0.636789 0.548424 -0.391877 -0.374383 18.7336 13.1948 4.15563 -0.0493217 -0.5187 0.266454 -2.7124 -0.563001 9.1877 
1.36667 0.635742 0.553535 -0.392351 -0.368092 18.668 13.3859 4.10861 -0.0493217 -0.5187 0.266454 -2.7124 -0.563001 9.1877 
1.4 0.634438 0.558824 -0.392737 -0.361888 18.601 13.5762 4.07164 -0.0493217 -0.5187 0.266454 -2.7124 -0.563001 9.1877 
1.43333 0.632892 0.564273 -0.393016 -0.355784 18.5324 13.7654 4.04512 -0.0493217 -0.5187 0.266454 -2.7124 -0.563001 9.1877 
1.46667 0.631121 0.569868 -0.393168 -0.349794 18.4624 13.9537 4.02934 -0.0493217 -0.5187 0.266454 -2.7124 -0.563001 9.1877 
1.5 0.629144 0.575591 -0.393173 -0.343931 18.3909 14.1409 4.02448 -0.0493217 -0.5187 0.266454 -2.7124 -0.563001 9.1877 
1.53333 0.626979 0.581424 -0.393014 -0.338204 18.3179 14.3272 4.0306 -0.0493217 -0.5187 0.266454 -2.7124 -0.563001 9.1877 
1.56667 0.624649 0.587351 -0.392673 -0.332626 18.2434 14.5124 4.04763 -0.0493217 -0.5187 0.266454 -2.7124 -0.563001 9.1877 
1.6 0.622174 0.593353 -0.392135 -0.327204 18.1675 14.6965 4.07539 -0.0493217 -0.5187 0.266454 -2.7124 -0.563001 9.1877 
1.63333 0.619577 0.59941 -0.391383 -0.321949 18.0902 14.8796 4.11358 -0.0493217 -0.5187 0.266454 -2.7124 -0.563001 9.1877 
1.66667 0.616882 0.605505 -0.390405 -0.316867 18.0114 15.0615 4.1618 -0.0493217 -0.5187 0.266454 -2.7124 -0.563001 9.1877 
1.7 0.614113 0.611617 -0.389188 -0.311966 17.9312 15.2423 4.2195 -0.0493217 -0.5187 0.266454 -2.7124 -0.563001 9.1877 
1.73333 0.611294 0.617728 -0.387722 -0.307252 17.8496 15.422 4.28607 -0.0493217 -0.5187 0.266454 -2.7124 -0.563001 9.1877 
1.76667 0.608451 0.623818 -0.385997 -0.302729 17.7666 15.6005 4.36079 -0.0493217 -0.5187 0.266454 -2.7124 -0.563001 9.1877 
1.8 0.605608 0.629868 -0.384006 -0.298403 17.6822 15.7779 4.44283 -0.0493217 -0.5187 0.266454 -2.7124 -0.563001 9.1877 
1.83333 0.602792 0.635858 -0.381743 -0.294276 17.5964 15.954 4.5313 -0.0493217 -0.5187 0.266454 -2.7124 -0.563001 9.1877 
1.86667 0.600026 0.64177 -0.379205 -0.290352 17.5093 16.129 4.62524 -0.0493217 -0.5187 0.266454 -2.7124 -0.563001 9.1877 
1.9 0.597335 0.647584 -0.376388 -0.286632 17.4208 16.3027 4.72363 -0.0493217 -0.5187 0.266454 -2.7124 -0.563001 9.1877 
1.93333 0.594744 0.653282 -0.373293 -0.283116 17.331 16.4751 4.82539 -0.0493217 -0.5187 0.266454 -2.7124 -0.563001 9.1877 
1.96667 0.592276 0.658845 -0.36992 -0.279806 17.2398 16.6463 4.92941 -0.0493217 -0.5187 0.266454 -2.7124 -0.563001 9.1877 
2 0.589954 0.664255 -0.366274 -0.276699 17.1473 16.8162 5.03455 -0.0493217 -0.5187 0.266454 -2.7124 -0.563001 9.1877 
2.03333 0.5878 0.669496 -0.362357 -0.273796 17.0535 16.9848 5.13967 -0.0493217 -0.5187 0.266454 -2.7124 -0.563001 9.1877 
2.06667 0.585833 0.674549 -0.358177 -0.271094 16.9584 17.1521 5.24362 -0.0493217 -0.5187 0.266454 -2.7124 -0.563001 9.1877 
2.1 0.584075 0.6794 -0.353741 -0.268589 16.862 17.3181 5.34527 -0.0493217 -0.5187 0.266454 -2.7124 -0.563001 9.1877 
2.13333 0.582542 0.684031 -0.349059 -0.266278 16.7644 17.4827 5.4435 -0.0493217 -0.5187 0.266454 -2.7124 -0.563001 9.1877 
2.16667 0.581252 0.688429 -0.34414 -0.264156 16.6654 17.6459 5.53724 -0.0493217 -0.5187 0.266454 -2.7124 -0.563001 9.1877 
2.2 0.58022 0.69258 -0.338998 -0.262218 16.5653 17.8078 5.62548 -0.0493217 -0.5187 0.266454 -2.7124 -0.563001 9.1877 
2.23333 0.579459 0.696469 -0.333646 -0.260457 16.4639 17.9683 5.70724 -0.0493217 -0.5187 0.266454 -2.7124 -0.563001 9.1877 
2.26667 0.578982 0.700086 -0.328097 -0.258867 16.3612 18.1274 5.78164 -0.0493217 -0.5187 0.266454 -2.7124 -0.563001 9.1877 
2.3 0.578799 0.703418 -0.322366 -0.25744 16.2574 18.285 5.84786 -0.0493217 -0.5187 0.266454 -2.7124 -0.563001 9.1877 
2.33333 0.578918 0.706455 -0.316471 -0.256167 16.1523 18.4413 5.90517 -0.0493217 -0.5187 0.266454 -2.7124 -0.563001 9.1877 
2.36667 0.579346 0.709189 -0.310427 -0.255039 16.0461 18.596 5.95296 -0.0493217 -0.5187 0.266454 -2.7124 -0.563001 9.1877 
2.4 0.580088 0.71161 -0.304252 -0.254045 15.9387 18.7493 5.9907 -0.0493217 -0.5187 0.266454 -2.7124 -0.563001 9.1877 
2.43333 0.581147 0.713714 -0.297965 -0.253175 15.8301 18.9012 6.01798 -0.0493217 -0.5187 0.266454 -2.7124 -0.563001 9.1877 
2.46667 0.582524 0.715493 -0.291582 -0.252417 15.7203 19.0515 6.0345 -0.0493217 -0.5187 0.266454 -2.7124 -0.563001 9.1877 
2.5 0.58422 0.716945 -0.285124 -0.251757 15.6094 19.2003 6.04008 -0.0493217 -0.5187 0.266454 -2.7124 -0.563001 9.1877 
2.53333 0.58623 0.718066 -0.278608 -0.251184 15.4974 19.3476 6.03467 -0.0493217 -0.5187 0.266454 -2.7124 -0.563001 9.1877 
2.56667 0.588552 0.718854 -0.272054 -0.250682 15.3842 19.4934 6.01831 -0.0493217 -0.5187 0.266454 -2.7124 -0.563001 9.1877 
2.6 0.591181 0.71931 -0.265479 -0.250238 15.27 19.6376 5.99119 -0.0493217 -0.5187 0.266454 -2.7124 -0.563001 9.1877 
2.63333 0.594107 0.719436 -0.258902 -0.249835 15.1546 19.7802 5.95361 -0.0493217 -0.5187 0.266454 -2.7124 -0.563001 9.1877 
2.66667 0.597324 0.719235 -0.252341 -0.249459 15.0381 19.9212 5.90597 -0.0493217 -0.5187 0.266454 -2.7124 -0.563001 9.1877 
2.7 0.600819 0.718711 -0.245814 -0.249092 14.9205 20.0607 5.84881 -0.0493217 -0.5187 0.266454 -2.7124 -0.563001 9.1877 
2.73333 0.604583 0.71787 -0.239337 -0.248718 14.8019 20.1985 5.78273 -0.0493217 -0.5187 0.266454 -2.7124 -0.563001 9.1877 
2.76667 0.6086 0.71672 -0.232926 -0.248321 14.6822 20.3347 5.70847 -0.0493217 -0.5187 0.266454 -2.7124 -0.563001 9.1877 
2.8 0.612858 0.715271 -0.226598 -0.247882 14.5614 20.4692 5.62683 -0.0493217 -0.5187 0.266454 -2.7124 -0.563001 9.1877 
2.83333 0.61734 0.713534 -0.220366 -0.247386 14.4396 20.6021 5.53871 -0.0493217 -0.5187 0.266454 -2.7124 -0.563001 9.1877 
2.86667 0.62203 0.71152 -0.214245 -0.246814 14.3167 20.7333 5.44507 -0.0493217 -0.5187 0.266454 -2.7124 -0.563001 9.1877 
2.9 0.626911 0.709244 -0.208247 -0.246149 14.1928 20.8628 5.34694 -0.0493217 -0.5187 0.266454 -2.7124 -0.563001 9.1877 
2.93333 0.631963 0.706721 -0.202384 -0.245374 14.0679 20.9906 5.24537 -0.0493217 -0.5187 0.266454 -2.7124 -0.563001 9.1877 
2.96667 0.637168 0.703968 -0.196668 -0.244474 13.942 21.1166 5.1415 -0.0493217 -0.5187 0.266454 -2.7124 -0.563001 9.1877 
3 0.642506 0.701003 -0.191107 -0.243432 13.8151 21.2409 5.03644 -0.0493217 -0.5187 0.266454 -2.7124 -0.563001 9.1877 
3.03333 0.647955 0.697846 -0.18571 -0.242234 13.6873 21.3635 4.93135 -0.0493217 -0.5187 0.266454 -2.7124 -0.563001 9.1877 
3.06667 0.653496 0.694516 -0.180485 -0.240863 13.5584 21.4842 4.82737 -0.0493217 -0.5187 0.266454 -2.7124 -0.563001 9.1877 
3.1 0.659108 0.691036 -0.175438 -0.239308 13.4286 21.6032 4.72564 -0.0493217 -0.5187 0.266454 -2.7124 -0.563001 9.1877 
3.13333 0.664767 0.687427 -0.170575 -0.237555 13.2978 21.7203 4.62728 -0.0493217 -0.5187 0.266454 -2.7124 -0.563001 9.1877 
3.16667 0.670453 0.683714 -0.165898 -0.235594 13.1661 21.8357 4.53334 -0.0493217 -0.5187 0.266454 -2.7124 -0.563001 9.1877 
3.2 0.676145 0.679921 -0.161413 -0.233413 13.0335 21.9492 4.44486 -0.0493217 -0.5187 0.266454 -2.7124 -0.563001 9.1877 
3.23333 0.681819 0.676071 -0.157119 -0.231005 12.9 22.0608 4.36281 -0.0493217 -0.5187 0.266454 -2.7124 -0.563001 9.1877 
3.26666 0.687456 0.672191 -0.153019 -0.228362 12.7656 22.1705 4.28807 -0.0493217 -0.5187 0.266454 -2.7124 -0.563001 9.1877 
3.3 0.693032 0.668305 -0.149112 -0.225477 12.6303 22.2784 4.22147 -0.0493217 -0.5187 0.266454 -2.7124 -0.563001 9.1877 
3.33333 0.698528 0.664439 -0.145397 -0.222348 12.4941 22.3844 4.16372 -0.0493217 -0.5187 0.266454 -2.7124 -0.563001 9.1877 
3.36666 0.703922 0.660619 -0.141873 -0.21897 12.3571 22.4884 4.11546 -0.0493217 -0.5187 0.266454 -2.7124 -0.563001 9.1877 
3.4 0.709195 0.656869 -0.138536 -0.215344 12.2192 22.5906 4.07721 -0.0493217 -0.5187 0.266454 -2.7124 -0.563001 9.1877 
3.43333 0.714327 0.653215 -0.135384 -0.211469 12.0806 22.6907 4.04938 -0.0493217 -0.5187 0.266454 -2.7124 -0.563001 9.1877 
3.46666 0.719298 0.649681 -0.132411 -0.207348 11.9411 22.789 4.03228 -0.0493217 -0.5187 0.266454 -2.7124 -0.563001 9.1877 
3.5 0.72409 0.64629 -0.129614 -0.202984 11.8008 22.8852 4.02609 -0.0493217 -0.5187 0.266454 -2.7124 -0.563001 9.1877 
3.53333 0.728687 0.643066 -0.126986 -0.198384 11.6598 22.9795 4.03087 -0.0493217 -0.5187 0.266454 -2.7124 -0.563001 9.1877 
3.56666 0.73307 0.640031 -0.124521 -0.193554 11.518 23.0718 4.04657 -0.0493217 -0.5187 0.266454 -2.7124 -0.563001 9.1877 
3.6 0.737225 0.637205 -0.122213 -0.188503 11.3754 23.1621 4.07301 -0.0493217 -0.5187 0.266454 -2.7124 -0.563001 9.1877 
3.63333 0.741135 0.634609 -0.120054 -0.183241 11.2322 23.2503 4.10989 -0.0493217 -0.5187 0.266454 -2.7124 -0.563001 9.1877 
3.66666 0.744788 0.63226 -0.118038 -0.177778 11.0882 23.3366 4.15681 -0.0493217 -0.5187 0.266454 -2.7124 -0.563001 9.1877 
3.7 0.748171 0.630175 -0.116155 -0.172129 10.9435 23.4208 4.21325 -0.0493217 -0.5187 0.266454 -2.7124 -0.563001 9.1877 
3.73333 0.75127 0.62837 -0.114398 -0.166306 10.7982 23.503 4.2786 -0.0493217 -0.5187 0.266454 -2.7124 -0.563001 9.1877 
3.76666 0.754076 0.626859 -0.112757 -0.160324 10.6523 23.5831 4.35212 -0.0493217 -0.5187 0.266454 -2.7124 -0.563001 9.1877 
3.8 0.756578 0.625653 -0.111223 -0.1542 10.5057 23.6611 4.43301 -0.0493217 -0.5187 0.266454 -2.7124 -0.563001 9.1877 
3.83333 0.758769 0.624762 -0.109786 -0.14795 10.3584 23.7371 4.52038 -0.0493217 -0.5187 0.266454 -2.7124 -0.563001 9.1877 
3.86666 0.76064 0.624195 -0.108437 -0.141592 10.2106 23.811 4.61328 -0.0493217 -0.5187 0.266454 -2.7124 -0.563001 9.1877 
3.9 0.762186 0.623958 -0.107164 -0.135143 10.0622 23.8829 4.71067 -0.0493217 -0.5187 0.266454 -2.7124 -0.563001 9.1877 
3.93333 0.763402 0.624056 -0.105958 -0.128622 9.91327 23.9526 4.8115 -0.0493217 -0.5187 0.266454 -2.7124 -0.563001 9.1877 
3.96666 0.764284 0.624491 -0.104808 -0.122048 9.76377 24.0202 4.91466 -0.0493217 -0.5187 0.266454 -2.7124 -0.563001 9.1877 
4 0.76483 0.625264 -0.1037 -0.11544 9.61375 24.0857 5.019 -0.0493217 -0.5187 0.266454 -2.7124 -0.563001 9.1877 
4.03333 0.765039 0.626373 -0.102625 -0.108817 9.46322 24.1492 5.1234 -0.0493217 -0.5187 0.266454 -2.7124 -0.563001 9.1877 
4.06666 0.76491 0.627814 -0.10157 -0.102198 9.3122 24.2104 5.2267 -0.0493217 -0.5187 0.266454 -2.7124 -0.563001 9.1877 
4.1 0.764447 0.629584 -0.100523 -0.0956021 9.16071 24.2696 5.32778 -0.0493217 -0.5187 0.266454 -2.7124 -0.563001 9.1877 
4.13333 0.763652 0.631674 -0.099471 -0.0890471 9.00877 24.3266 5.42552 -0.0493217 -0.5187 0.266454 -2.7124 -0.563001 9.1877 
4.16666 0.762529 0.634076 -0.0984011 -0.0825514 8.85639 24.3815 5.51885 -0.0493217 -0.5187 0.266454 -2.7124 -0.563001 9.1877 
4.2 0.761084 0.636779 -0.0973006 -0.0761324 8.70359 24.4343 5.60675 -0.0493217 -0.5187 0.266454 -2.7124 -0.563001 9.1877 
4.23333 0.759324 0.639771 -0.0961563 -0.0698067 8.5504 24.4849 5.68826 -0.0493217 -0.5187 0.266454 -2.7124 -0.563001 9.1877 
4.26666 0.757259 0.643039 -0.0949548 -0.0635904 8.39682 24.5333 5.76249 -0.0493217 -0.5187 0.266454 -2.7124 -0.563001 9.1877 
4.3 0.754897 0.646566 -0.0936831 -0.0574984 8.24289 24.5796 5.82862 -0.0493217 -0.5187 0.266454 -2.7124 -0.563001 9.1877 
4.33333 0.752251 0.650336 -0.0923276 -0.0515446 8.0886 24.6238 5.88593 -0.0493217 -0.5187 0.266454 -2.7124 -0.563001 9.1877 
4.36666 0.749333 0.654331 -0.0908755 -0.0457421 7.93399 24.6657 5.9338 -0.0493217 -0.5187 0.266454 -2.7124 -0.563001 9.1877 
4.4 0.746157 0.658532 -0.0893135 -0.0401025 7.77907 24.7055 5.9717 -0.0493217 -0.5187 0.266454 -2.7124 -0.563001 9.1877 
4.43333 0.742738 0.662919 -0.0876291 -0.0346363 7.62386 24.7431 5.99921 -0.0493217 -0.5187 0.266454 -2.7124 -0.563001 9.1877 
4.46666 0.739093 0.66747 -0.08581 -0.0293528 7.46837 24.7785 6.01605 -0.0493217 -0.5187 0.266454 -2.7124 -0.563001 9.1877 
4.5 0.73524 0.672164 -0.0838441 -0.0242598 7.31262 24.8118 6.02203 -0.0493217 -0.5187 0.266454 -2.7124 -0.563001 9.1877 
4.53333 0.731196 0.676978 -0.0817204 -0.0193639 7.15664 24.8428 6.01708 -0.0493217 -0.5187 0.266454 -2.7124 -0.563001 9.1877 
4.56666 0.726982 0.681889 -0.079428 -0.0146702 7.00043 24.8717 6.00127 -0.0493217 -0.5187 0.266454 -2.7124 -0.563001 9.1877 
4.6 0.722619 0.686874 -0.0769571 -0.0101825 6.84402 24.8984 5.97477 -0.0493217 -0.5187 0.266454 -2.7124 -0.563001 9.1877 
4.63333 0.718128 0.691908 -0.0742988 -0.00590318 6.68743 24.9228 5.93787 -0.0493217 -0.5187 0.266454 -2.7124 -0.563001 9.1877 
4.66666 0.713532 0.696968 -0.0714449 -0.00183326 6.53067 24.9451 5.89099 -0.0493217 -0.5187 0.266454 -2.7124 -0.563001 9.1877 
4.7 0.708854 0.702029 -0.0683884 0.00202754 6.37375 24.9652 5.83463 -0.0493217 -0.5187 0.266454 -2.7124 -0.563001 9.1877 
4.73333 0.704117 0.707069 -0.0651236 0.00568079 6.2167 24.983 5.76943 -0.0493217 -0.5187 0.266454 -2.7124 -0.563001 9.1877 
4.76666 0.699345 0.712062 -0.0616457 0.00912931 6.05954 24.9987 5.6961 -0.0493217 -0.5187 0.266454 -2.7124 -0.563001 9.1877 
4.8 0.694563 0.716987 -0.0579513 0.0123771 5.90228 25.0122 5.61544 -0.0493217 -0.5187 0.266454 -2.7124 -0.563001 9.1877 
4.83333 0.689796 0.72182 -0.0540385 0.0154292 5.74494 25.0235 5.52835 -0.0493217 -0.5187 0.266454 -2.7124 -0.563001 9.1877 
4.86666 0.685067 0.726539 -0.0499066 0.0182917 5.58754 25.0325 5.43579 -0.0493217 -0.5187 0.266454 -2.7124 -0.563001 9.1877 
4.9 0.680401 0.731122 -0.0455564 0.0209718 5.43009 25.0394 5.33877 -0.0493217 -0.5187 0.266454 -2.7124 -0.563001 9.1877 
4.93333 0.675823 0.735549 -0.0409903 0.0234774 5.27261 25.0441 5.23836 -0.0493217 -0.5187 0.266454 -2.7124 -0.563001 9.1877 
4.96666 0.671356 0.739799 -0.0362118 0.025817 5.11512 25.0465 5.13567 -0.0493217 -0.5187 0.266454 -2.7124 -0.563001 9.1877 
5 0.667025 0.743854 -0.0312262 0.0280003 4.95764 25.0468 5.03182 -0.0493217 -0.5187 0.266454 -2.7124 -0.563001 9.1877 
5.03333 0.66285 0.747696 -0.0260401 0.030037 4.80018 25.0449 4.92797 -0.0493217 -0.5187 0.266454 -2.7124 -0.563001 9.1877 
5.06666 0.658855 0.751307 -0.0206616 0.0319378 4.64276 25.0408 4.82524 -0.0493217 -0.5187 0.266454 -2.7124 -0.563001 9.1877 
5.1 0.655061 0.754673 -0.0151001 0.0337136 4.4854 25.0345 4.72477 -0.0493217 -0.5187 0.266454 -2.7124 -0.563001 9.1877 
5.13333 0.651487 0.757777 -0.00936629 0.0353756 4.32811 25.0261 4.62767 -0.0493217 -0.5187 0.266454 -2.7124 -0.563001 9.1877 
5.16666 0.648152 0.760607 -0.0034723 0.0369353 4.17091 25.0154 4.53501 -0.0493217 -0.5187 0.266454 -2.7124 -0.563001 9.1877 
5.2 0.645074 0.76315 0.00256869 0.0384045 4.01381 25.0026 4.44779 -0.0493217 -0.5187 0.266454 -2.7124 -0.563001 9.1877 
5.23333 0.642269 0.765396 0.00874238 0.0397952 3.85684 24.9876 4.367 -0.0493217 -0.5187 0.266454 -2.7124 -0.563001 9.1877 
5.26666 0.639751 0.767334 0.0150335 0.0411192 3.7 24.9704 4.2935 -0.0493217 -0.5187 0.266454 -2.7124 -0.563001 9.1877 
5.3 0.637533 0.768957 0.0214257 0.0423885 3.54331 24.9511 4.22812 -0.0493217 -0.5187 0.266454 -2.7124 -0.563001 9.1877 
5.33333 0.635628 0.770258 0.0279021 0.0436152 3.3868 24.9296 4.17157 -0.0493217 -0.5187 0.266454 -2.7124 -0.563001 9.1877 
5.36666 0.634043 0.77123 0.0344449 0.0448112 3.23046 24.906 4.12447 -0.0493217 -0.5187 0.266454 -2.7124 -0.563001 9.1877 
5.4 0.632787 0.771869 0.041036 0.0459883 3.07433 24.8802 4.08735 -0.0493217 -0.5187 0.266454 -2.7124 -0.563001 9.1877 
5.43333 0.631866 0.772172 0.0476566 0.0471583 2.91841 24.8523 4.06061 -0.0493217 -0.5187 0.266454 -2.7124 -0.563001 9.1877 
5.46666 0.631284 0.772138 0.0542878 0.0483328 2.76272 24.8222 4.04455 -0.0493217 -0.5187 0.266454 -2.7124 -0.563001 9.1877 
5.5 0.631042 0.771767 0.0609104 0.0495234 2.60727 24.79 4.03935 -0.0493217 -0.5187 0.266454 -2.7124 -0.563001 9.1877 
5.53333 0.63114 0.771058 0.0675054 0.0507415 2.45209 24.7557 4.04507 -0.0493217 -0.5187 0.266454 -2.7124 -0.563001 9.1877 
5.56666 0.631577 0.770014 0.0740537 0.0519982 2.29717 24.7192 4.06164 -0.0493217 -0.5187 0.266454 -2.7124 -0.563001 9.1877 
5.6 0.632349 0.76864 0.0805365 0.0533046 2.14255 24.6807 4.08889 -0.0493217 -0.5187 0.266454 -2.7124 -0.563001 9.1877 
5.63333 0.633449 0.766939 0.0869354 0.0546716 1.98822 24.64 4.12651 -0.0493217 -0.5187 0.266454 -2.7124 -0.563001 9.1877 
5.66666 0.63487 0.764918 0.0932325 0.0561098 1.83422 24.5971 4.1741 -0.0493217 -0.5187 0.266454 -2.7124 -0.563001 9.1877 
5.7 0.636603 0.762583 0.0994106 0.0576297 1.68055 24.5522 4.23114 -0.0493217 -0.5187 0.266454 -2.7124 -0.563001 9.1877 
5.73333 0.638634 0.759945 0.105453 0.0592418 1.52723 24.5052 4.29699 -0.0493217 -0.5187 0.266454 -2.7124 -0.563001 9.1877 
5.76666 0.640952 0.757012 0.111345 0.0609558 1.37427 24.4561 4.37094 -0.0493217 -0.5187 0.266454 -2.7124 -0.563001 9.1877 
5.8 0.643542 0.753795 0.117071 0.0627818 1.22169 24.4048 4.45218 -0.0493217 -0.5187 0.266454 -2.7124 -0.563001 9.1877 
5.83333 0.646386 0.750307 0.122617 0.0647291 1.0695 24.3515 4.53982 -0.0493217 -0.5187 0.266454 -2.7124 -0.563001 9.1877 
5.86666 0.649468 0.74656 0.127972 0.0668071 0.917718 24.2961 4.63289 -0.0493217 -0.5187 0.266454 -2.7124 -0.563001 9.1877 
5.9 0.652767 0.742569 0.133125 0.0690244 0.766363 24.2386 4.73037 -0.0493217 -0.5187 0.266454 -2.7124 -0.563001 9.1877 
5.93333 0.656263 0.738349 0.138066 0.0713895 0.615448 24.1789 4.83119 -0.0493217 -0.5187 0.266454 -2.7124 -0.563001 9.1877 
5.96666 0.659936 0.733917 0.142787 0.0739103 0.464988 24.1173 4.93425 -0.0493217 -0.5187 0.266454 -2.7124 -0.563001 9.1877 
6 0.663761 0.72929 0.147281 0.0765944 0.315001 24.0535 5.03842 -0.0493217 -0.5187 0.266454 -2.7124 -0.563001 9.1877 
6.03333 0.667715 0.724485 0.151543 0.0794486 0.165501 23.9876 5.14254 -0.0493217 -0.5187 0.266454 -2.7124 -0.563001 9.1877 
6.06666 0.671776 0.719522 0.15557 0.0824791 0.0165057 23.9197 5.24547 -0.0493217 -0.5187 0.266454 -2.7124 -0.563001 9.1877 
6.1 0.675917 0.714421 0.15936 0.0856915 -0.131969 23.8497 5.3461 -0.0493217 -0.5187 0.266454 -2.7124 -0.563001 9.1877 
6.13333 0.680114 0.709202 0.162912 0.0890905 -0.279905 23.7777 5.4433 -0.0493217 -0.5187 0.266454 -2.7124 -0.563001 9.1877 
6.16666 0.684342 0.703885 0.166227 0.0926801 -0.427287 23.7036 5.536 -0.0493217 -0.5187 0.266454 -2.7124 -0.563001 9.1877 
6.2 0.688576 0.698493 0.169308 0.0964634 -0.574098 23.6274 5.6232 -0.0493217 -0.5187 0.266454 -2.7124 -0.563001 9.1877 
6.23333 0.692789 0.693048 0.172161 0.100442 -0.720319 23.5492 5.70393 -0.0493217 -0.5187 0.266454 -2.7124 -0.563001 9.1877 
6.26666 0.696958 0.68757 0.174789 0.104618 -0.865934 23.4689 5.77731 -0.0493217 -0.5187 0.266454 -2.7124 -0.563001 9.1877 
6.3 0.701058 0.682084 0.177201 0.108991 -1.01093 23.3866 5.84251 -0.0493217 -0.5187 0.266454 -2.7124 -0.563001 9.1877 
6.33333 0.705064 0.676611 0.179405 0.113559 -1.15528 23.3022 5.89884 -0.0493217 -0.5187 0.266454 -2.7124 -0.563001 9.1877 
6.36666 0.708954 0.671175 0.18141 0.11832 -1.29897 23.2159 5.94565 -0.0493217 -0.5187 0.266454 -2.7124 -0.563001 9.1877 
6.4 0.712703 0.665797 0.183228 0.123272 -1.44199 23.1274 5.98245 -0.0493217 -0.5187 0.266454 -2.7124 -0.563001 9.1877 
6.43333 0.716291 0.660501 0.184869 0.128408 -1.58431 23.037 6.00881 -0.0493217 -0.5187 0.266454 -2.7124 -0.563001 9.1877 
6.46666 0.719697 0.655307 0.186348 0.133724 -1.72592 22.9446 6.02445 -0.0493217 -0.5187 0.266454 -2.7124 -0.563001 9.1877 
6.5 0.722901 0.650239 0.187677 0.139213 -1.86681 22.8502 6.02919 -0.0493217 -0.5187 0.266454 -2.7124 -0.563001 9.1877 
6.53333 0.725884 0.645317 0.188871 0.144865 -2.00694 22.7538 6.02297 -0.0493217 -0.5187 0.266454 -2.7124 -0.563001 9.1877 
6.56666 0.72863 0.640561 0.189944 0.150672 -2.14632 22.6554 6.00586 -0.0493217 -0.5187 0.266454 -2.7124 -0.563001 9.1877 
6.6 0.731121 0.635991 0.190911 0.156622 -2.28491 22.555 5.97804 -0.0493217 -0.5187 0.266454 -2.7124 -0.563001 9.1877 
6.63333 0.733344 0.631626 0.191789 0.162704 -2.42271 22.4527 5.93982 -0.0493217 -0.5187 0.266454 -2.7124 -0.563001 9.1877 
6.66666 0.735284 0.627484 0.192592 0.168905 -2.55969 22.3485 5.8916 -0.0493217 -0.5187 0.266454 -2.7124 -0.563001 9.1877 
6.7 0.736931 0.623582 0.193337 0.175212 -2.69584 22.2423 5.83391 -0.0493217 -0.5187 0.266454 -2.7124 -0.563001 9.1877 
6.73333 0.738274 0.619934 0.194039 0.181608 -2.83115 22.1342 5.76738 -0.0493217 -0.5187 0.266454 -2.7124 -0.563001 9.1877 
6.76666 0.739304 0.616556 0.194714 0.188079 -2.96559 22.0241 5.69273 -0.0493217 -0.5187 0.266454 -2.7124 -0.563001 9.1877 
6.79999 0.740014 0.613461 0.195378 0.194609 -3.09915 21.9122 5.61078 -0.0493217 -0.5187 0.266454 -2.7124 -0.563001 9.1877 
6.83333 0.740398 0.610659 0.196046 0.201179 -3.23181 21.7984 5.52243 -0.0493217 -0.5187 0.266454 -2.7124 -0.563001 9.1877 
6.86666 0.740452 0.60816 0.196731 0.207772 -3.36356 21.6827 5.42862 -0.0493217 -0.5187 0.266454 -2.7124 -0.563001 9.1877 
6.89999 0.740172 0.605973 0.19745 0.214371 -3.49438 21.5652 5.3304 -0.0493217 -0.5187 0.266454 -2.7124 -0.563001 9.1877 
6.93333 0.739558 0.604105 0.198216 0.220956 -3.62426 21.4458 5.22883 -0.0493217 -0.5187 0.266454 -2.7124 -0.563001 9.1877 
6.96666 0.73861 0.602559 0.199043 0.227509 -3.75318 21.3246 5.12503 -0.0493217 -0.5187 0.266454 -2.7124 -0.563001 9.1877 
6.99999 0.737328 0.60134 0.199942 0.23401 -3.88113 21.2016 5.02012 -0.0493217 -0.5187 0.266454 -2.7124 -0.563001 9.1877 
7.03333 0.735716 0.600447 0.200928 0.240442 -4.00809 21.0768 4.91526 -0.0493217 -0.5187 0.266454 -2.7124 -0.563001 9.1877 
7.06666 0.733778 0.599882 0.20201 0.246786 -4.13405 20.9502 4.81159 -0.0493217 -0.5187 0.266454 -2.7124 -0.563001 9.1877 
7.09999 0.73152 0.59964 0.203201 0.253023 -4.25899 20.8219 4.71024 -0.0493217 -0.5187 0.266454 -2.7124 -0.563001 9.1877 
7.13333 0.728947 0.599718 0.204511 0.259134 -4.3829 20.6918 4.61233 -0.0493217 -0.5187 0.266454 -2.7124 -0.563001 9.1877 
7.16666 0.726068 0.600108 0.20595 0.265104 -4.50577 20.5599 4.51892 -0.0493217 -0.5187 0.266454 -2.7124 -0.563001 9.1877 
7.19999 0.722892 0.600804 0.207527 0.270915 -4.62757 20.4264 4.43104 -0.0493217 -0.5187 0.266454 -2.7124 -0.563001 9.1877 
7.23333 0.719428 0.601795 0.20925 0.27655 -4.7483 20.2911 4.34965 -0.0493217 -0.5187 0.266454 -2.7124 -0.563001 9.1877 
7.26666 0.715689 0.60307 0.211127 0.281995 -4.86795 20.1542 4.27564 -0.0493217 -0.5187 0.266454 -2.7124 -0.563001 9.1877 
7.29999 0.711687 0.604614 0.213166 0.287237 -4.98649 20.0156 4.20983 -0.0493217 -0.5187 0.266454 -2.7124 -0.563001 9.1877 
7.33333 0.707433 0.606412 0.215373 0.292261 -5.10392 19.8753 4.15292 -0.0493217 -0.5187 0.266454 -2.7124 -0.563001 9.1877 
7.36666 0.702944 0.608449 0.217754 0.297057 -5.22023 19.7335 4.10555 -0.0493217 -0.5187 0.266454 -2.7124 -0.563001 9.1877 
7.39999 0.698233 0.610706 0.220315 0.301614 -5.33539 19.5899 4.06824 -0.0493217 -0.5187 0.266454 -2.7124 -0.563001 9.1877 
7.43333 0.693316 0.613163 0.223059 0.305923 -5.4494 19.4448 4.0414 -0.0493217 -0.5187 0.266454 -2.7124 -0.563001 9.1877 
7.46666 0.688209 0.6158 0.225992 0.309977 -5.56225 19.2981 4.02531 -0.0493217 -0.5187 0.266454 -2.7124 -0.563001 9.1877 
7.49999 0.682931 0.618595 0.229115 0.313771 -5.67392 19.1499 4.02017 -0.0493217 -0.5187 0.266454 -2.7124 -0.563001 9.1877 
7.53333 0.677498 0.621525 0.232433 0.317299 -5.78439 19.0001 4.02602 -0.0493217 -0.5187 0.266454 -2.7124 -0.563001 9.1877 
7.56666 0.671928 0.624567 0.235945 0.32056 -5.89367 18.8487 4.04281 -0.0493217 -0.5187 0.266454 -2.7124 -0.563001 9.1877 
7.59999 0.666242 0.627695 0.239655 0.323553 -6.00173 18.6958 4.07035 -0.0493217 -0.5187 0.266454 -2.7124 -0.563001 9.1877 
7.63333 0.660456 0.630887 0.243561 0.326278 -6.10856 18.5415 4.10835 -0.0493217 -0.5187 0.266454 -2.7124 -0.563001 9.1877 
7.66666 0.654593 0.634115 0.247663 0.32874 -6.21415 18.3856 4.15639 -0.0493217 -0.5187 0.266454 -2.7124 -0.563001 9.1877 
7.69999 0.64867 0.637355 0.25196 0.330941 -6.31849 18.2283 4.21395 -0.0493217 -0.5187 0.266454 -2.7124 -0.563001 9.1877 
7.73333 0.642708 0.640582 0.25645 0.332888 -6.42157 18.0695 4.28041 -0.0493217 -0.5187 0.266454 -2.7124 -0.563001 9.1877 
7.76666 0.636728 0.64377 0.261129 0.334589 -6.52337 17.9094 4.35502 -0.0493217 -0.5187 0.266454 -2.7124 -0.563001 9.1877 
7.79999 0.630748 0.646894 0.265994 0.336054 -6.6239 17.7478 4.437 -0.0493217 -0.5187 0.266454 -2.7124 -0.563001 9.1877 
7.83333 0.624791 0.649929 0.27104 0.337292 -6.72312 17.5848 4.52543 -0.0493217 -0.5187 0.266454 -2.7124 -0.563001 9.1877 
7.86666 0.618875 0.652852 0.27626 0.338316 -6.82105 17.4204 4.61936 -0.0493217 -0.5187 0.266454 -2.7124 -0.563001 9.1877 
7.89999 0.613021 0.65564 0.281648 0.339141 -6.91766 17.2547 4.71775 -0.0493217 -0.5187 0.266454 -2.7124 -0.563001 9.1877 
7.93333 0.607248 0.658269 0.287196 0.339779 -7.01294 17.0877 4.81955 -0.0493217 -0.5187 0.266454 -2.7124 -0.563001 9.1877 
7.96666 0.601575 0.66072 0.292895 0.340248 -7.10689 16.9193 4.92363 -0.0493217 -0.5187 0.266454 -2.7124 -0.563001 9.1877 
7.99999 0.596022 0.662971 0.298736 0.340564 -7.1995 16.7497 5.02885 -0.0493217 -0.5187 0.266454 -2.7124 -0.563001 9.1877 
8.03333 0.590607 0.665003 0.304708 0.340745 -7.29076 16.5787 5.13408 -0.0493217 -0.5187 0.266454 -2.7124 -0.563001 9.1877 
8.06666 0.585347 0.6668 0.310798 0.340809 -7.38066 16.4066 5.23816 -0.0493217 -0.5187 0.266454 -2.7124 -0.563001 9.1877 
8.09999 0.580259 0.668345 0.316996 0.340775 -7.46919 16.2331 5.33996 -0.0493217 -0.5187 0.266454 -2.7124 -0.563001 9.1877 
8.13333 0.575361 0.669623 0.323287 0.340663 -7.55634 16.0585 5.43837 -0.0493217 -0.5187 0.266454 -2.7124 -0.563001 9.1877 
8.16666 0.570667 0.67062 0.329657 0.340491 -7.64212 15.8827 5.53231 -0.0493217 -0.5187 0.266454 -2.7124 -0.563001 9.1877 
8.2 0.566192 0.671327 0.336091 0.340279 -7.7265 15.7057 5.62076 -0.0493217 -0.5187 0.266454 -2.7124 -0.563001 9.1877 
8.23333 0.561949 0.671732 0.342573 0.340048 -7.80949 15.5275 5.70275 -0.0493217 -0.5187 0.266454 -2.7124 -0.563001 9.1877 
8.26666 0.557952 0.671828 0.349088 0.339816 -7.89108 15.3482 5.77739 -0.0493217 -0.5187 0.266454 -2.7124 -0.563001 9.1877 
8.3 0.554211 0.671607 0.355618 0.339602 -7.97126 15.1678 5.84386 -0.0493217 -0.5187 0.266454 -2.7124 -0.563001 9.1877 
8.33333 0.550736 0.671066 0.362147 0.339426 -8.05002 14.9863 5.90145 -0.0493217 -0.5187 0.266454 -2.7124 -0.563001 9.1877 
8.36666 0.547538 0.6702 0.368655 0.339305 -8.12737 14.8038 5.94953 -0.0493217 -0.5187 0.266454 -2.7124 -0.563001 9.1877 
8.4 0.544622 0.669008 0.375126 0.339258 -8.20329 14.6202 5.98757 -0.0493217 -0.5187 0.266454 -2.7124 -0.563001 9.1877 
8.43333 0.541995 0.66749 0.381541 0.3393 -8.27778 14.4355 6.01516 -0.0493217 -0.5187 0.266454 -2.7124 -0.563001 9.1877 
8.46667 0.539662 0.665647 0.387882 0.339449 -8.35083 14.2499 6.032 -0.0493217 -0.5187 0.266454 -2.7124 -0.563001 9.1877 
8.5 0.537626 0.663483 0.394131 0.33972 -8.42244 14.0632 6.03791 -0.0493217 -0.5187 0.266454 -2.7124 -0.563001 9.1877 
8.53333 0.535889 0.661001 0.400269 0.340126 -8.4926 13.8756 6.03283 -0.0493217 -0.5187 0.266454 -2.7124 -0.563001 9.1877 
8.56667 0.53445 0.658208 0.406278 0.340681 -8.56131 13.687 6.01682 -0.0493217 -0.5187 0.266454 -2.7124 -0.563001 9.1877 
8.6 0.533307 0.655111 0.412141 0.341398 -8.62857 13.4975 5.99005 -0.0493217 -0.5187 0.266454 -2.7124 -0.563001 9.1877 
8.63334 0.532458 0.651719 0.41784 0.342287 -8.69436 13.3071 5.95283 -0.0493217 -0.5187 0.266454 -2.7124 -0.563001 9.1877 
8.66667 0.531898 0.64804 0.42336 0.34336 -8.75868 13.1158 5.90556 -0.0493217 -0.5187 0.266454 -2.7124 -0.563001 9.1877 
8.7 0.531619 0.644085 0.428683 0.344625 -8.82153 12.9236 5.84876 -0.0493217 -0.5187 0.266454 -2.7124 -0.563001 9.1877 
8.73334 0.531613 0.639867 0.433796 0.34609 -8.88291 12.7306 5.78305 -0.0493217 -0.5187 0.266454 -2.7124 -0.563001 9.1877 
8.76667 0.531871 0.635398 0.438684 0.347763 -8.9428 12.5368 5.70916 -0.0493217 -0.5187 0.266454 -2.7124 -0.563001 9.1877 
8.8 0.532381 0.630691 0.443333 0.349649 -9.0012 12.3421 5.62789 -0.0493217 -0.5187 0.266454 -2.7124 -0.563001 9.1877 
8.83334 0.53313 0.625762 0.447732 0.351753 -9.0581 12.1466 5.54014 -0.0493217 -0.5187 0.266454 -2.7124 -0.563001 9.1877 
8.86667 0.534103 0.620625 0.45187 0.35408 -9.1135 11.9504 5.44687 -0.0493217 -0.5187 0.266454 -2.7124 -0.563001 9.1877 
8.90001 0.535283 0.615296 0.455737 0.356632 -9.1674 11.7534 5.3491 -0.0493217 -0.5187 0.266454 -2.7124 -0.563001 9.1877 
8.93334 0.536655 0.609791 0.459326 0.35941 -9.21978 11.5556 5.2479 -0.0493217 -0.5187 0.266454 -2.7124 -0.563001 9.1877 
8.96667 0.538198 0.604128 0.46263 0.362416 -9.27063 11.3572 5.14438 -0.0493217 -0.5187 0.266454 -2.7124 -0.563001 9.1877 
9.00001 0.539893 0.598324 0.465644 0.36565 -9.31996 11.158 5.03967 -0.0493217 -0.5187 0.266454 -2.7124 -0.563001 9.1877 
9.03334 0.541719 0.592396 0.468365 0.36911 -9.36775 10.9582 4.93491 -0.0493217 -0.5187 0.266454 -2.7124 -0.563001 9.1877 
9.06667 0.543655 0.586362 0.47079 0.372794 -9.414 10.7577 4.83126 -0.0493217 -0.5187 0.266454 -2.7124 -0.563001 9.1877 
9.10001 0.545677 0.580241 0.472921 0.376699 -9.4587 10.5565 4.72984 -0.0493217 -0.5187 0.266454 -2.7124 -0.563001 9.1877 
9.13334 0.547762 0.574051 0.474759 0.380822 -9.50185 10.3547 4.63176 -0.0493217 -0.5187 0.266454 -2.7124 -0.563001 9.1877 
9.16668 0.549887 0.567811 0.476308 0.385158 -9.54342 10.1524 4.5381 -0.0493217 -0.5187 0.266454 -2.7124 -0.563001 9.1877 
9.20001 0.552027 0.561538 0.477573 0.3897 -9.58343 9.94943 4.44988 -0.0493217 -0.5187 0.266454 -2.7124 -0.563001 9.1877 
9.23334 0.554159 0.555251 0.478561 0.394442 -9.62185 9.74592 4.36806 -0.0493217 -0.5187 0.266454 -2.7124 -0.563001 9.1877 
9.26668 0.556257 0.548968 0.479281 0.399378 -9.65869 9.54188 4.29354 -0.0493217 -0.5187 0.266454 -2.7124 -0.563001 9.1877 
9.30001 0.558298 0.542707 0.479744 0.404497 -9.69393 9.33731 4.22712 -0.0493217 -0.5187 0.266454 -2.7124 -0.563001 9.1877 
9.33334 0.560258 0.536486 0.479962 0.409793 -9.72756 9.13224 4.16953 -0.0493217 -0.5187 0.266454 -2.7124 -0.563001 9.1877 
9.36668 0.562113 0.530322 0.479949 0.415254 -9.75959 8.9267 4.12141 -0.0493217 -0.5187 0.266454 -2.7124 -0.563001 9.1877 
9.40001 0.563842 0.524232 0.479721 0.42087 -9.79 8.7207 4.08326 -0.0493217 -0.5187 0.266454 -2.7124 -0.563001 9.1877 
9.43335 0.565421 0.518233 0.479292 0.426629 -9.81879 8.51427 4.05552 -0.0493217 -0.5187 0.266454 -2.7124 -0.563001 9.1877 
9.46668 0.566831 0.51234 0.478683 0.432519 -9.84594 8.30742 4.03846 -0.0493217 -0.5187 0.266454 -2.7124 -0.563001 9.1877 
9.50001 0.56805 0.50657 0.477911 0.438528 -9.87146 8.10019 4.03229 -0.0493217 -0.5187 0.266454 -2.7124 -0.563001 9.1877 
9.53335 0.569062 0.500937 0.476996 0.444641 -9.89534 7.89259 4.03705 -0.0493217 -0.5187 0.266454 -2.7124 -0.563001 9.1877 
9.56668 0.569847 0.495455 0.47596 0.450845 -9.91757 7.68465 4.05271 -0.0493217 -0.5187 0.266454 -2.7124 -0.563001 9.1877 
9.60001 0.57039 0.490138 0.474824 0.457124 -9.93815 7.47639 4.07907 -0.0493217 -0.5187 0.266454 -2.7124 -0.563001 9.1877 
9.63335 0.570677 0.484999 0.473609 0.463463 -9.95706 7.26784 4.11584 -0.0493217 -0.5187 0.266454 -2.7124 -0.563001 9.1877 
9.66668 0.570696 0.48005 0.472339 0.469846 -9.97432 7.05901 4.16263 -0.0493217 -0.5187 0.266454 -2.7124 -0.563001 9.1877 
9.70002 0.570433 0.475301 0.471036 0.476256 -9.98991 6.84994 4.21891 -0.0493217 -0.5187 0.266454 -2.7124 -0.563001 9.1877 
9.73335 0.569882 0.470765 0.469722 0.482676 -10.0038 6.64064 4.28405 -0.0493217 -0.5187 0.266454 -2.7124 -0.563001 9.1877 
9.76668 0.569032 0.466449 0.468421 0.48909 -10.0161 6.43114 4.35735 -0.0493217 -0.5187 0.266454 -2.7124 -0.563001 9.1877 
9.80002 0.56788 0.462363 0.467154 0.49548 -10.0267 6.22146 4.438 -0.0493217 -0.5187 0.266454 -2.7124 -0.563001 9.1877 
9.83335 0.566419 0.458513 0.465944 0.501827 -10.0356 6.01164 4.5251 -0.0493217 -0.5187 0.266454 -2.7124 -0.563001 9.1877 
9.86668 0.564649 0.454907 0.464813 0.508114 -10.0428 5.80169 4.6177 -0.0493217 -0.5187 0.266454 -2.7124 -0.563001 9.1877 
9.90002 0.562568 0.45155 0.46378 0.514323 -10.0483 5.59164 4.71479 -0.0493217 -0.5187 0.266454 -2.7124 -0.563001 9.1877 
9.93335 0.560176 0.448446 0.462865 0.520437 -10.0522 5.38151 4.81528 -0.0493217 -0.5187 0.266454 -2.7124 -0.563001 9.1877 
9.96669 0.557477 0.445599 0.462089 0.526436 -10.0544 5.17133 4.91808 -0.0493217 -0.5187 0.266454 -2.7124 -0.563001 9.1877 
10 0.554475 0.443009 0.461468 0.532303 -10.0549 4.96113 5.02207 -0.0493217 -0.5187 0.266454 -2.7124 -0.563001 9.1877 
10.0334 0.551176 0.440679 0.46102 0.538022 -10.0537 4.75092 5.12608 -0.0493217 -0.5187 0.266454 -2.7124 -0.563001 9.1877 
10.0667 0.547586 0.438607 0.460761 0.543574 -10.0509 4.54074 5.22899 -0.0493217 -0.5187 0.266454 -2.7124 -0.563001 9.1877 
10.1 0.543715 0.436791 0.460704 0.548943 -10.0464 4.3306 5.32967 -0.0493217 -0.5187 0.266454 -2.7124 -0.563001 9.1877 
10.1334 0.539572 0.435229 0.460864 0.554114 -10.0402 4.12054 5.42699 -0.0493217 -0.5187 0.266454 -2.7124 -0.563001 9.1877 
10.1667 0.535168 0.433916 0.461251 0.55907 -10.0323 3.91058 5.51991 -0.0493217 -0.5187 0.266454 -2.7124 -0.563001 9.1877 
10.2 0.530516 0.432846 0.461876 0.563798 -10.0228 3.70073 5.60739 -0.0493217 -0.5187 0.266454 -2.7124 -0.563001 9.1877 
10.2334 0.525628 0.432012 0.462749 0.568282 -10.0115 3.49104 5.68848 -0.0493217 -0.5187 0.266454 -2.7124 -0.563001 9.1877 
10.2667 0.520519 0.431405 0.463875 0.572511 -9.99866 3.28151 5.76229 -0.0493217 -0.5187 0.266454 -2.7124 -0.563001 9.1877 
10.3 0.515204 0.431016 0.465263 0.576473 -9.98412 3.07218 5.828 -0.0493217 -0.5187 0.266454 -2.7124 -0.563001 9.1877 
10.3334 0.509699 0.430833 0.466915 0.580156 -9.96792 2.86307 5.8849 -0.0493217 -0.5187 0.266454 -2.7124 -0.563001 9.1877 
10.3667 0.50402 0.430844 0.468835 0.583551 -9.95005 2.6542 5.93236 -0.0493217 -0.5187 0.266454 -2.7124 -0.563001 9.1877 
10.4 0.498184 0.431034 0.471025 0.586649 -9.93053 2.4456 5.96985 -0.0493217 -0.5187 0.266454 -2.7124 -0.563001 9.1877 
10.4334 0.492207 0.43139 0.473486 0.589445 -9.90936 2.23729 5.99698 -0.0493217 -0.5187 0.266454 -2.7124 -0.563001 9.1877 
10.4667 0.486109 0.431895 0.476216 0.591932 -9.88653 2.02929 6.01344 -0.0493217 -0.5187 0.266454 -2.7124 -0.563001 9.1877 
10.5 0.479906 0.432531 0.479212 0.594107 -9.86206 1.82164 6.01905 -0.0493217 -0.5187 0.266454 -2.7124 -0.563001 9.1877 
10.5334 0.473617 0.43328 0.482472 0.595966 -9.83595 1.61434 6.01375 -0.0493217 -0.5187 0.266454 -2.7124 -0.563001 9.1877 
10.5667 0.467259 0.434124 0.48599 0.59751 -9.80819 1.40744 5.9976 -0.0493217 -0.5187 0.266454 -2.7124 -0.563001 9.1877 
10.6 0.460852 0.435042 0.489761 0.598739 -9.77881 1.20094 5.97078 -0.0493217 -0.5187 0.266454 -2.7124 -0.563001 9.1877 
10.6334 0.454411 0.436014 0.493776 0.599656 -9.74778 0.994875 5.93359 -0.0493217 -0.5187 0.266454 -2.7124 -0.563001 9.1877 
10.6667 0.447956 0.437018 0.498029 0.600265 -9.71513 0.789267 5.88643 -0.0493217 -0.5187 0.266454 -2.7124 -0.563001 9.1877 
10.7 0.441503 0.438034 0.502509 0.600572 -9.68086 0.584138 5.82982 -0.0493217 -0.5187 0.266454 -2.7124 -0.563001 9.1877 
10.7334 0.435069 0.439038 0.507206 0.600585 -9.64497 0.379512 5.76438 -0.0493217 -0.5187 0.266454 -2.7124 -0.563001 9.1877 
10.7667 0.428672 0.44001 0.512109 0.600314 -9.60746 0.175411 5.69084 -0.0493217 -0.5187 0.266454 -2.7124 -0.563001 9.1877 
10.8 0.422326 0.440927 0.517205 0.599769 -9.56834 -0.0281415 5.61 -0.0493217 -0.5187 0.266454 -2.7124 -0.563001 9.1877 
10.8334 0.416049 0.441767 0.522482 0.598964 -9.52761 -0.231123 5.52276 -0.0493217 -0.5187 0.266454 -2.7124 -0.563001 9.1877 
10.8667 0.409853 0.442509 0.527926 0.597913 -9.48528 -0.433511 5.43006 -0.0493217 -0.5187 0.266454 -2.7124 -0.563001 9.1877 
10.9 0.403754 0.443133 0.533522 0.596633 -9.44136 -0.635283 5.33294 -0.0493217 -0.5187 0.266454 -2.7124 -0.563001 9.1877 
10.9334 0.397766 0.443617 0.539255 0.595139 -9.39585 -0.836416 5.23245 -0.0493217 -0.5187 0.266454 -2.7124 -0.563001 9.1877 
10.9667 0.3919 0.443942 0.545109 0.593453 -9.34876 -1.03689 5.12971 -0.0493217 -0.5187 0.266454 -2.7124 -0.563001 9.1877 
11 0.38617 0.44409 0.551068 0.591592 -9.30008 -1.23668 5.02584 -0.0493217 -0.5187 0.266454 -2.7124 -0.563001 9.1877 
11.0334 0.380586 0.444043 0.557114 0.589579 -9.24984 -1.43576 4.92199 -0.0493217 -0.5187 0.266454 -2.7124 -0.563001 9.1877 
11.0667 0.375159 0.443786 0.563232 0.587436 -9.19803 -1.63412 4.81929 -0.0493217 -0.5187 0.266454 -2.7124 -0.563001 9.1877 
11.1 0.369898 0.443302 0.569401 0.585185 -9.14467 -1.83174 4.71888 -0.0493217 -0.5187 0.266454 -2.7124 -0.563001 9.1877 
11.1334 0.364813 0.442578 0.575606 0.582849 -9.08976 -2.02858 4.62186 -0.0493217 -0.5187 0.266454 -2.7124 -0.563001 9.1877 
11.1667 0.359912 0.441604 0.581827 0.580455 -9.0333 -2.22463 4.5293 -0.0493217 -0.5187 0.266454 -2.7124 -0.563001 9.1877 
11.2 0.355201 0.440367 0.588045 0.578024 -8.97531 -2.41988 4.44222 -0.0493217 -0.5187 0.266454 -2.7124 -0.563001 9.1877 
11.2334 0.350687 0.438859 0.594243 0.575583 -8.9158 -2.61429 4.36158 -0.0493217 -0.5187 0.266454 -2.7124 -0.563001 9.1877 
11.2667 0.346376 0.437074 0.600401 0.573156 -8.85477 -2.80785 4.28826 -0.0493217 -0.5187 0.266454 -2.7124 -0.563001 9.1877 
11.3 0.342272 0.435006 0.606501 0.570768 -8.79224 -3.00054 4.22307 -0.0493217 -0.5187 0.266454 -2.7124 -0.563001 9.1877 
11.3334 0.338378 0.432651 0.612524 0.568443 -8.7282 -3.19234 4.16673 -0.0493217 -0.5187 0.266454 -2.7124 -0.563001 9.1877 
11.3667 0.334698 0.430009 0.618452 0.566204 -8.66268 -3.38323 4.11987 -0.0493217 -0.5187 0.266454 -2.7124 -0.563001 9.1877 
11.4 0.331234 0.427078 0.624265 0.564076 -8.59568 -3.57319 4.083 -0.0493217 -0.5187 0.266454 -2.7124 -0.563001 9.1877 
11.4334 0.327987 0.42386 0.629947 0.562079 -8.52721 -3.7622 4.05653 -0.0493217 -0.5187 0.266454 -2.7124 -0.563001 9.1877 
11.4667 0.324958 0.42036 0.63548 0.560237 -8.45727 -3.95024 4.04076 -0.0493217 -0.5187 0.266454 -2.7124 -0.563001 9.1877 
11.5 0.322144 0.416582 0.640845 0.55857 -8.38589 -4.1373 4.03585 -0.0493217 -0.5187 0.266454 -2.7124 -0.563001 9.1877 
11.5334 0.319546 0.412532 0.646027 0.557096 -8.31306 -4.32335 4.04188 -0.0493217 -0.5187 0.266454 -2.7124 -0.563001 9.1877 
11.5667 0.317161 0.40822 0.65101 0.555835 -8.23881 -4.50838 4.05877 -0.0493217 -0.5187 0.266454 -2.7124 -0.563001 9.1877 
11.6 0.314985 0.403654 0.655776 0.554802 -8.16313 -4.69237 4.08635 -0.0493217 -0.5187 0.266454 -2.7124 -0.563001 9.1877 
11.6334 0.313014 0.398846 0.660313 0.554013 -8.08604 -4.87531 4.12432 -0.0493217 -0.5187 0.266454 -2.7124 -0.563001 9.1877 
11.6667 0.311243 0.393808 0.664605 0.553482 -8.00755 -5.05716 4.17226 -0.0493217 -0.5187 0.266454 -2.7124 -0.563001 9.1877 
11.7 0.309666 0.388553 0.66864 0.553221 -7.92767 -5.23793 4.22965 -0.0493217 -0.5187 0.266454 -2.7124 -0.563001 9.1877 
11.7334 0.308275 0.383096 0.672405 0.553241 -7.8464 -5.41759 4.29587 -0.0493217 -0.5187 0.266454 -2.7124 -0.563001 9.1877 
11.7667 0.307064 0.377452 0.675888 0.55355 -7.76376 -5.59611 4.37019 -0.0493217 -0.5187 0.266454 -2.7124 -0.563001 9.1877 
11.8 0.306021 0.371637 0.67908 0.554155 -7.67976 -5.7735 4.45181 -0.0493217 -0.5187 0.266454 -2.7124 -0.563001 9.1877 
11.8334 0.305139 0.365668 0.681971 0.555062 -7.5944 -5.94972 4.53982 -0.0493217 -0.5187 0.266454 -2.7124 -0.563001 9.1877 
11.8667 0.304405 0.359562 0.684552 0.556274 -7.50769 -6.12476 4.63327 -0.0493217 -0.5187 0.266454 -2.7124 -0.563001 9.1877 
11.9 0.303808 0.353337 0.686819 0.557793 -7.41964 -6.29861 4.73113 -0.0493217 -0.5187 0.266454 -2.7124 -0.563001 9.1877 
11.9334 0.303335 0.347012 0.688764 0.55962 -7.33027 -6.47124 4.83233 -0.0493217 -0.5187 0.266454 -2.7124 -0.563001 9.1877 
11.9667 0.302973 0.340604 0.690383 0.561753 -7.23957 -6.64265 4.93577 -0.0493217 -0.5187 0.266454 -2.7124 -0.563001 9.1877 
12 0.302706 0.334133 0.691675 0.564189 -7.14756 -6.8128 5.04031 -0.0493217 -0.5187 0.266454 -2.7124 -0.563001 9.1877 
12.0334 0.30252 0.327616 0.692638 0.566923 -7.05424 -6.98169 5.1448 -0.0493217 -0.5187 0.266454 -2.7124 -0.563001 9.1877 
12.0667 0.302398 0.321072 0.693272 0.569949 -6.95962 -7.1493 5.2481 -0.0493217 -0.5187 0.266454 -2.7124 -0.563001 9.1877 
12.1 0.302324 0.314519 0.69358 0.573259 -6.86372 -7.3156 5.34907 -0.0493217 -0.5187 0.266454 -2.7124 -0.563001 9.1877 
12.1334 0.30228 0.307975 0.693563 0.576843 -6.76653 -7.48059 5.44661 -0.0493217 -0.5187 0.266454 -2.7124 -0.563001 9.1877 
12.1667 0.302249 0.301456 0.693229 0.580692 -6.66807 -7.64424 5.53966 -0.0493217 -0.5187 0.266454 -2.7124 -0.563001 9.1877 
12.2 0.302213 0.294981 0.692583 0.584793 -6.56834 -7.80653 5.62717 -0.0493217 -0.5187 0.266454 -2.7124 -0.563001 9.1877 
12.2334 0.302152 0.288564 0.691633 0.589134 -6.46736 -7.96745 5.70821 -0.0493217 -0.5187 0.266454 -2.7124 -0.563001 9.1877 
12.2667 0.302049 0.282221 0.69039 0.593699 -6.36512 -8.12698 5.78187 -0.0493217 -0.5187 0.266454 -2.7124 -0.563001 9.1877 
12.3001 0.301885 0.275967 0.688865 0.598475 -6.26164 -8.2851 5.84734 -0.0493217 -0.5187 0.266454 -2.7124 -0.563001 9.1877 
12.3334 0.301641 0.269816 0.687072 0.603444 -6.15692 -8.44178 5.90391 -0.0493217 -0.5187 0.266454 -2.7124 -0.563001 9.1877 
12.3667 0.301298 0.263781 0.685024 0.608589 -6.05097 -8.59702 5.95095 -0.0493217 -0.5187 0.266454 -2.7124 -0.563001 9.1877 
12.4001 0.30084 0.257873 0.682738 0.613893 -5.94381 -8.7508 5.98794 -0.0493217 -0.5187 0.266454 -2.7124 -0.563001 9.1877 
12.4334 0.300248 0.252104 0.680232 0.619337 -5.83543 -8.90309 6.01448 -0.0493217 -0.5187 0.266454 -2.7124 -0.563001 9.1877 
12.4667 0.299505 0.246484 0.677524 0.624903 -5.72586 -9.05387 6.03026 -0.0493217 -0.5187 0.266454 -2.7124 -0.563001 9.1877 
12.5001 0.298596 0.241021 0.674635 0.630569 -5.61509 -9.20313 6.03512 -0.0493217 -0.5187 0.266454 -2.7124 -0.563001 9.1877 
12.5334 0.297505 0.235725 0.671584 0.636317 -5.50313 -9.35085 6.029 -0.0493217 -0.5187 0.266454 -2.7124 -0.563001 9.1877 
12.5667 0.296218 0.2306 0.668396 0.642125 -5.39001 -9.49701 6.01195 -0.0493217 -0.5187 0.266454 -2.7124 -0.563001 9.1877 
12.6001 0.294722 0.225655 0.665093 0.647974 -5.27572 -9.64159 5.98416 -0.0493217 -0.5187 0.266454 -2.7124 -0.563001 9.1877 
12.6334 0.293006 0.220893 0.661698 0.653842 -5.16027 -9.78457 5.94594 -0.0493217 -0.5187 0.266454 -2.7124 -0.563001 9.1877 
12.6667 0.291059 0.216318 0.658237 0.659708 -5.04369 -9.92593 5.89769 -0.0493217 -0.5187 0.266454 -2.7124 -0.563001 9.1877 
12.7001 0.288873 0.211934 0.654734 0.665552 -4.92598 -10.0657 5.83994 -0.0493217 -0.5187 0.266454 -2.7124 -0.563001 9.1877 
12.7334 0.286439 0.207742 0.651215 0.671353 -4.80714 -10.2037 5.77332 -0.0493217 -0.5187 0.266454 -2.7124 -0.563001 9.1877 
12.7667 0.283752 0.203744 0.647705 0.677091 -4.6872 -10.3402 5.69855 -0.0493217 -0.5187 0.266454 -2.7124 -0.563001 9.1877 
12.8001 0.280808 0.199939 0.644229 0.682745 -4.56617 -10.4749 5.61645 -0.0493217 -0.5187 0.266454 -2.7124 -0.563001 9.1877 
12.8334 0.277605 0.196327 0.640813 0.688294 -4.44406 -10.6079 5.52792 -0.0493217 -0.5187 0.266454 -2.7124 -0.563001 9.1877 
12.8667 0.274142 0.192907 0.637483 0.693721 -4.32088 -10.7392 5.43391 -0.0493217 -0.5187 0.266454 -2.7124 -0.563001 9.1877 
12.9001 0.270419 0.189676 0.634262 0.699005 -4.19665 -10.8688 5.33546 -0.0493217 -0.5187 0.266454 -2.7124 -0.563001 9.1877 
12.9334 0.26644 0.186632 0.631174 0.704129 -4.07138 -10.9966 5.23364 -0.0493217 -0.5187 0.266454 -2.7124 -0.563001 9.1877 
12.9667 0.262209 0.183771 0.628243 0.709074 -3.94508 -11.1226 5.12956 -0.0493217 -0.5187 0.266454 -2.7124 -0.563001 9.1877 
13.0001 0.257731 0.181088 0.625491 0.713823 -3.81778 -11.2469 5.02436 -0.0493217 -0.5187 0.266454 -2.7124 -0.563001 9.1877 
13.0334 0.253014 0.178579 0.622939 0.71836 -3.68948 -11.3693 4.91918 -0.0493217 -0.5187 0.266454 -2.7124 -0.563001 9.1877 
13.0667 0.248067 0.176238 0.620606 0.722669 -3.5602 -11.49 4.81518 -0.0493217 -0.5187 0.266454 -2.7124 -0.563001 9.1877 
13.1001 0.242901 0.174059 0.618512 0.726736 -3.42996 -11.6088 4.71349 -0.0493217 -0.5187 0.266454 -2.7124 -0.563001 9.1877 
13.1334 0.237527 0.172035 0.616673 0.730547 -3.29877 -11.7258 4.61522 -0.0493217 -0.5187 0.266454 -2.7124 -0.563001 9.1877 
13.1667 0.231959 0.170159 0.615106 0.734088 -3.16665 -11.8409 4.52144 -0.0493217 -0.5187 0.266454 -2.7124 -0.563001 9.1877 
13.2001 0.22621 0.168424 0.613824 0.737349 -3.03362 -11.9542 4.43318 -0.0493217 -0.5187 0.266454 -2.7124 -0.563001 9.1877 
13.2334 0.220295 0.166821 0.612839 0.740317 -2.89969 -12.0655 4.35141 -0.0493217 -0.5187 0.266454 -2.7124 -0.563001 9.1877 
13.2667 0.214231 0.165341 0.612162 0.742984 -2.76488 -12.175 4.27701 -0.0493217 -0.5187 0.266454 -2.7124 -0.563001 9.1877 
13.3001 0.208035 0.163974 0.611802 0.745341 -2.62921 -12.2826 4.21079 -0.0493217 -0.5187 0.266454 -2.7124 -0.563001 9.1877 
13.3334 0.201724 0.162712 0.611765 0.74738 -2.49268 -12.3883 4.15349 -0.0493217 -0.5187 0.266454 -2.7124 -0.563001 9.1877 
13.3667 0.195316 0.161542 0.612057 0.749094 -2.35533 -12.492 4.10573 -0.0493217 -0.5187 0.266454 -2.7124 -0.563001 9.1877 
13.4001 0.18883 0.160456 0.61268 0.750481 -2.21716 -12.5938 4.06802 -0.0493217 -0.5187 0.266454 -2.7124 -0.563001 9.1877 
13.4334 0.182284 0.15944 0.613635 0.751534 -2.0782 -12.6937 4.04078 -0.0493217 -0.5187 0.266454 -2.7124 -0.563001 9.1877 
13.4667 0.175698 0.158484 0.614922 0.752253 -1.93845 -12.7916 4.02431 -0.0493217 -0.5187 0.266454 -2.7124 -0.563001 9.1877 
13.5001 0.169091 0.157574 0.616538 0.752635 -1.79794 -12.8875 4.01879 -0.0493217 -0.5187 0.266454 -2.7124 -0.563001 9.1877 
13.5334 0.162481 0.156698 0.618478 0.752682 -1.65669 -12.9814 4.02427 -0.0493217 -0.5187 0.266454 -2.7124 -0.563001 9.1877 
13.5667 0.155886 0.155843 0.620736 0.752395 -1.5147 -13.0734 4.0407 -0.0493217 -0.5187 0.266454 -2.7124 -0.563001 9.1877 
13.6001 0.149326 0.154995 0.623304 0.751778 -1.372 -13.1633 4.06789 -0.0493217 -0.5187 0.266454 -2.7124 -0.563001 9.1877 
13.6334 0.142818 0.154139 0.626172 0.750834 -1.22861 -13.2513 4.10555 -0.0493217 -0.5187 0.266454 -2.7124 -0.563001 9.1877 
13.6667 0.136379 0.153263 0.629329 0.749571 -1.08454 -13.3372 4.15327 -0.0493217 -0.5187 0.266454 -2.7124 -0.563001 9.1877 
13.7001 0.130025 0.15235 0.632762 0.747994 -0.9398 -13.4211 4.21052 -0.0493217 -0.5187 0.266454 -2.7124 -0.563001 9.1877 
13.7334 0.123772 0.151387 0.636455 0.746115 -0.79442 -13.5029 4.27668 -0.0493217 -0.5187 0.266454 -2.7124 -0.563001 9.1877 
13.7667 0.117635 0.150359 0.640394 0.743942 -0.648412 -13.5827 4.35103 -0.0493217 -0.5187 0.266454 -2.7124 -0.563001 9.1877 
13.8001 0.111628 0.149252 0.644561 0.741488 -0.501792 -13.6605 4.43275 -0.0493217 -0.5187 0.266454 -2.7124 -0.563001 9.1877 
13.8334 0.105763 0.148049 0.648939 0.738765 -0.354577 -13.7361 4.52094 -0.0493217 -0.5187 0.266454 -2.7124 -0.563001 9.1877 
13.8667 0.100051 0.146738 0.653507 0.735789 -0.206784 -13.8097 4.61466 -0.0493217 -0.5187 0.266454 -2.7124 -0.563001 9.1877 
13.9001 0.0945035 0.145304 0.658247 0.732576 -0.0584313 -13.8813 4.71286 -0.0493217 -0.5187 0.266454 -2.7124 -0.563001 9.1877 
13.9334 0.0891291 0.143733 0.663136 0.729142 0.0904656 -13.9507 4.81448 -0.0493217 -0.5187 0.266454 -2.7124 -0.563001 9.1877 
13.9667 0.0839358 0.142012 0.668153 0.725506 0.239889 -14.0181 4.9184 -0.0493217 -0.5187 0.266454 -2.7124 -0.563001 9.1877 
14.0001 0.0789301 0.140129 0.673276 0.721688 0.389823 -14.0833 5.0235 -0.0493217 -0.5187 0.266454 -2.7124 -0.563001 9.1877 
14.0334 0.0741173 0.138072 0.678483 0.717708 0.540248 -14.1464 5.12863 -0.0493217 -0.5187 0.266454 -2.7124 -0.563001 9.1877 
14.0667 0.0695015 0.135829 0.68375 0.713587 0.69115 -14.2074 5.23263 -0.0493217 -0.5187 0.266454 -2.7124 -0.563001 9.1877 
14.1001 0.0650853 0.133392 0.689054 0.709348 0.842509 -14.2663 5.33437 -0.0493217 -0.5187 0.266454 -2.7124 -0.563001 9.1877 
14.1334 0.0608702 0.130751 0.694372 0.705015 0.994309 -14.3231 5.43274 -0.0493217 -0.5187 0.266454 -2.7124 -0.563001 9.1877 
14.1667 0.0568564 0.127899 0.699681 0.700611 1.14653 -14.3777 5.52666 -0.0493217 -0.5187 0.266454 -2.7124 -0.563001 9.1877 
14.2001 0.0530431 0.124829 0.704957 0.69616 1.29916 -14.4302 5.61512 -0.0493217 -0.5187 0.266454 -2.7124 -0.563001 9.1877 
14.2334 0.0494282 0.121536 0.710179 0.691687 1.45218 -14.4806 5.69714 -0.0493217 -0.5187 0.266454 -2.7124 -0.563001 9.1877 
14.2667 0.0460085 0.118016 0.715323 0.687218 1.60558 -14.5288 5.77183 -0.0493217 -0.5187 0.266454 -2.7124 -0.563001 9.1877 
14.3001 0.0427799 0.114267 0.720368 0.682776 1.75932 -14.5748 5.83839 -0.0493217 -0.5187 0.266454 -2.7124 -0.563001 9.1877 
14.3334 0.0397374 0.110289 0.725292 0.678387 1.9134 -14.6187 5.89607 -0.0493217 -0.5187 0.266454 -2.7124 -0.563001 9.1877 
14.3667 0.036875 0.106082 0.730074 0.674076 2.06781 -14.6605 5.94427 -0.0493217 -0.5187 0.266454 -2.7124 -0.563001 9.1877 
14.4001 0.0341861 0.101648 0.734695 0.669868 2.22251 -14.7001 5.98244 -0.0493217 -0.5187 0.266454 -2.7124 -0.563001 9.1877 
14.4334 0.0316631 0.096991 0.739134 0.665786 2.3775 -14.7375 6.01019 -0.0493217 -0.5187 0.266454 -2.7124 -0.563001 9.1877 
14.4667 0.0292981 0.0921169 0.743375 0.661853 2.53276 -14.7728 6.0272 -0.0493217 -0.5187 0.266454 -2.7124 -0.563001 9.1877 
14.5001 0.0270824 0.0870323 0.747399 0.658093 2.68827 -14.8059 6.03331 -0.0493217 -0.5187 0.266454 -2.7124 -0.563001 9.1877 
14.5334 0.0250069 0.0817455 0.751191 0.654526 2.84402 -14.8368 6.02844 -0.0493217 -0.5187 0.266454 -2.7124 -0.563001 9.1877 
14.5667 0.0230621 0.0762663 0.754734 0.651174 2.99998 -14.8656 6.01265 -0.0493217 -0.5187 0.266454 -2.7124 -0.563001 9.1877 
14.6001 0.0212382 0.0706058 0.758015 0.648056 3.15615 -14.8922 5.98613 -0.0493217 -0.5187 0.266454 -2.7124 -0.563001 9.1877 
14.6334 0.0195248 0.0647763 0.761021 0.64519 3.3125 -14.9167 5.94916 -0.0493217 -0.5187 0.266454 -2.7124 -0.563001 9.1877 
14.6667 0.0179117 0.0587914 0.763739 0.642593 3.46902 -14.939 5.90215 -0.0493217 -0.5187 0.266454 -2.7124 -0.563001 9.1877 
14.7001 0.016388 0.0526658 0.766159 0.64028 3.62569 -14.9591 5.84563 -0.0493217 -0.5187 0.266454 -2.7124 -0.563001 9.1877 
14.7334 0.0149431 0.0464151 0.768271 0.638264 3.78249 -14.9771 5.78022 -0.0493217 -0.5187 0.266454 -2.7124 -0.563001 9.1877 
14.7668 0.013566 0.0400559 0.770068 0.636558 3.93942 -14.9929 5.70664 -0.0493217 -0.5187 0.266454 -2.7124 -0.563001 9.1877 
14.8001 0.0122455 0.0336054 0.771542 0.635172 4.09645 -15.0065 5.62569 -0.0493217 -0.5187 0.266454 -2.7124 -0.563001 9.1877 
14.8334 0.0109706 0.0270816 0.772688 0.634113 4.25357 -15.018 5.53827 -0.0493217 -0.5187 0.266454 -2.7124 -0.563001 9.1877 
14.8668 0.0097301 0.0205028 0.773501 0.633388 4.41076 -15.0273 5.44533 -0.0493217 -0.5187 0.266454 -2.7124 -0.563001 9.1877 
14.9001 0.00851266 0.013888 0.773979 0.633002 4.56801 -15.0345 5.34791 -0.0493217 -0.5187 0.266454 -2.7124 -0.563001 9.1877 
14.9334 0.00730702 0.00725609 0.774118 0.632957 4.7253 -15.0395 5.24706 -0.0493217 -0.5187 0.266454 -2.7124 -0.563001 9.1877 
14.9668 0.00610184 0.000626349 0.77392 0.633254 4.88261 -15.0423 5.1439 -0.0493217 -0.5187 0.266454 -2.7124 -0.563001 9.1877 
15.0001 0.00488578 -0.00598213 0.773384 0.633891 5.03994 -15.043 5.03956 -0.0493217 -0.5187 0.266454 -2.7124 -0.563001 9.1877 
15.0334 0.00364746 -0.0125504 0.772513 0.634864 5.19727 -15.0415 4.93518 -0.0493217 -0.5187 0.266454 -2.7124 -0.563001 9.1877 
15.0668 0.00237552 -0.0190597 0.771311 0.636168 5.35458 -15.0379 4.8319 -0.0493217 -0.5187 0.266454 -2.7124 -0.563001 9.1877 
15.1001 0.00105862 -0.0254918 0.769782 0.637797 5.51185 -15.0321 4.73086 -0.0493217 -0.5187 0.266454 -2.7124 -0.563001 9.1877 
15.1334 -0.000314562 -0.0318292 0.767932 0.639739 5.66908 -15.0242 4.63317 -0.0493217 -0.5187 0.266454 -2.7124 -0.563001 9.1877 
15.1668 -0.00175528 -0.0380547 0.765769 0.641986 5.82624 -15.0141 4.53989 -0.0493217 -0.5187 0.266454 -2.7124 -0.563001 9.1877 
15.2001 -0.00327473 -0.0441522 0.763302 0.644523 5.98332 -15.0019 4.45205 -0.0493217 -0.5187 0.266454 -2.7124 -0.563001 9.1877 
15.2334 -0.00488396 -0.0501064 0.760539 0.647337 6.14031 -14.9874 4.3706 -0.0493217 -0.5187 0.266454 -2.7124 -0.563001 9.1877 
15.2668 -0.00659389 -0.0559031 0.757493 0.650412 6.29719 -14.9709 4.29645 -0.0493217 -0.5187 0.266454 -2.7124 -0.563001 9.1877 
15.3001 -0.00841522 -0.0615293 0.754175 0.65373 6.45395 -14.9522 4.23039 -0.0493217 -0.5187 0.266454 -2.7124 -0.563001 9.1877 
15.3334 -0.0103584 -0.0669729 0.7506 0.657272 6.61056 -14.9313 4.17316 -0.0493217 -0.5187 0.266454 -2.7124 -0.563001 9.1877 
15.3668 -0.0124336 -0.0722235 0.746782 0.661019 6.76702 -14.9082 4.12538 -0.0493217 -0.5187 0.266454 -2.7124 -0.563001 9.1877 
15.4001 -0.0146506 -0.0772717 0.742736 0.664949 6.9233 -14.883 4.08756 -0.0493217 -0.5187 0.266454 -2.7124 -0.563001 9.1877 
15.4334 -0.0170187 -0.0821099 0.73848 0.669041 7.0794 -14.8556 4.06012 -0.0493217 -0.5187 0.266454 -2.7124 -0.563001 9.1877 
15.4668 -0.0195468 -0.0867316 0.734032 0.67327 7.23529 -14.8261 4.04336 -0.0493217 -0.5187 0.266454 -2.7124 -0.563001 9.1877 
15.5001 -0.022243 -0.091132 0.729409 0.677615 7.39096 -14.7944 4.03745 -0.0493217 -0.5187 0.266454 -2.7124 -0.563001 9.1877 
15.5334 -0.025115 -0.0953079 0.724633 0.682051 7.5464 -14.7606 4.04247 -0.0493217 -0.5187 0.266454 -2.7124 -0.563001 9.1877 
15.5668 -0.0281694 -0.0992573 0.719722 0.686553 7.70158 -14.7245 4.05834 -0.0493217 -0.5187 0.266454 -2.7124 -0.563001 9.1877 
15.6001 -0.0314124 -0.10298 0.714699 0.691096 7.85648 -14.6864 4.0849 -0.0493217 -0.5187 0.266454 -2.7124 -0.563001 9.1877 
15.6334 -0.0348489 -0.106477 0.709586 0.695655 8.0111 -14.646 4.12185 -0.0493217 -0.5187 0.266454 -2.7124 -0.563001 9.1877 
15.6668 -0.0384831 -0.109752 0.704404 0.700206 8.16541 -14.6035 4.16878 -0.0493217 -0.5187 0.266454 -2.7124 -0.563001 9.1877 
15.7001 -0.0423181 -0.112807 0.699177 0.704724 8.3194 -14.5589 4.22516 -0.0493217 -0.5187 0.266454 -2.7124 -0.563001 9.1877 
15.7334 -0.0463556 -0.11565 0.693927 0.709184 8.47304 -14.512 4.29039 -0.0493217 -0.5187 0.266454 -2.7124 -0.563001 9.1877 
15.7668 -0.0505965 -0.118285 0.688677 0.713563 8.62633 -14.4631 4.36373 -0.0493217 -0.5187 0.266454 -2.7124 -0.563001 9.1877 
15.8001 -0.0550403 -0.120722 0.683453 0.717836 8.77923 -14.4119 4.44439 -0.0493217 -0.5187 0.266454 -2.7124 -0.563001 9.1877 
15.8334 -0.0596853 -0.122969 0.678275 0.721982 8.93175 -14.3587 4.53147 -0.0493217 -0.5187 0.266454 -2.7124 -0.563001 9.1877 
15.8668 -0.0645285 -0.125037 0.673169 0.725979 9.08384 -14.3032 4.62402 -0.0493217 -0.5187 0.266454 -2.7124 -0.563001 9.1877 
15.9001 -0.0695655 -0.126935 0.668157 0.729804 9.23551 -14.2457 4.72101 -0.0493217 -0.5187 0.266454 -2.7124 -0.563001 9.1877 
15.9334 -0.0747907 -0.128677 0.663262 0.733439 9.38672 -14.1859 4.82139 -0.0493217 -0.5187 0.266454 -2.7124 -0.563001 9.1877 
15.9668 -0.0801971 -0.130273 0.658505 0.736864 9.53747 -14.1241 4.92404 -0.0493217 -0.5187 0.266454 -2.7124 -0.563001 9.1877 
16.0001 -0.0857763 -0.131738 0.65391 0.740061 9.68772 -14.0601 5.02783 -0.0493217 -0.5187 0.266454 -2.7124 -0.563001 9.1877 
16.0334 -0.091519 -0.133084 0.649495 0.743014 9.83747 -13.994 5.13163 -0.0493217 -0.5187 0.266454 -2.7124 -0.563001 9.1877 
16.0668 -0.0974143 -0.134326 0.645281 0.745707 9.9867 -13.9258 5.2343 -0.0493217 -0.5187 0.266454 -2.7124 -0.563001 9.1877 
16.1001 -0.10345 -0.135478 0.641287 0.748127 10.1354 -13.8555 5.3347 -0.0493217 -0.5187 0.266454 -2.7124 -0.563001 9.1877 
16.1334 -0.109614 -0.136554 0.637532 0.750261 10.2835 -13.7831 5.43173 -0.0493217 -0.5187 0.266454 -2.7124 -0.563001 9.1877 
16.1668 -0.115891 -0.137567 0.63403 0.752097 10.431 -13.7086 5.52432 -0.0493217 -0.5187 0.266454 -2.7124 -0.563001 9.1877 
16.2001 -0.122267 -0.138534 0.630798 0.753626 10.578 -13.632 5.61146 -0.0493217 -0.5187 0.266454 -2.7124 -0.563001 9.1877 
16.2334 -0.128725 -0.139467 0.62785 0.75484 10.7243 -13.5534 5.69219 -0.0493217 -0.5187 0.266454 -2.7124 -0.563001 9.1877 
16.2668 -0.135249 -0.140381 0.625197 0.755731 10.87 -13.4726 5.76561 -0.0493217 -0.5187 0.266454 -2.7124 -0.563001 9.1877 
16.3001 -0.141822 -0.141289 0.622852 0.756294 11.0151 -13.3899 5.83093 -0.0493217 -0.5187 0.266454 -2.7124 -0.563001 9.1877 
16.3334 -0.148425 -0.142206 0.620821 0.756524 11.1595 -13.305 5.88742 -0.0493217 -0.5187 0.266454 -2.7124 -0.563001 9.1877 
16.3668 -0.15504 -0.143144 0.619114 0.75642 11.3032 -13.2182 5.93446 -0.0493217 -0.5187 0.266454 -2.7124 -0.563001 9.1877 
16.4001 -0.161648 -0.144117 0.617735 0.755979 11.4462 -13.1293 5.97153 -0.0493217 -0.5187 0.266454 -2.7124 -0.563001 9.1877 
16.4334 -0.16823 -0.145136 0.616688 0.755202 11.5885 -13.0384 5.99822 -0.0493217 -0.5187 0.266454 -2.7124 -0.563001 9.1877 
16.4668 -0.174768 -0.146214 0.615975 0.75409 11.7301 -12.9455 6.01424 -0.0493217 -0.5187 0.266454 -2.7124 -0.563001 9.1877 
16.5001 -0.181242 -0.147363 0.615596 0.752647 11.8709 -12.8507 6.01942 -0.0493217 -0.5187 0.266454 -2.7124 -0.563001 9.1877 
16.5334 -0.187634 -0.148593 0.615548 0.750875 12.0109 -12.7538 6.01368 -0.0493217 -0.5187 0.266454 -2.7124 -0.563001 9.1877 
16.5668 -0.193925 -0.149916 0.615829 0.748781 12.1502 -12.655 5.9971 -0.0493217 -0.5187 0.266454 -2.7124 -0.563001 9.1877 
16.6001 -0.200097 -0.151341 0.616431 0.746372 12.2886 -12.5542 5.96985 -0.0493217 -0.5187 0.266454 -2.7124 -0.563001 9.1877 
16.6334 -0.206133 -0.152878 0.617347 0.743654 12.4263 -12.4515 5.93223 -0.0493217 -0.5187 0.266454 -2.7124 -0.563001 9.1877 
16.6668 -0.212017 -0.154537 0.618567 0.740636 12.5631 -12.3469 5.88465 -0.0493217 -0.5187 0.266454 -2.7124 -0.563001 9.1877 
16.7001 -0.217733 -0.156326 0.62008 0.73733 12.6991 -12.2404 5.82764 -0.0493217 -0.5187 0.266454 -2.7124 -0.563001 9.1877 
16.7334 -0.223265 -0.158254 0.621873 0.733745 12.8342 -12.1319 5.76182 -0.0493217 -0.5187 0.266454 -2.7124 -0.563001 9.1877 
16.7668 -0.2286 -0.160329 0.623931 0.729895 12.9684 -12.0216 5.6879 -0.0493217 -0.5187 0.266454 -2.7124 -0.563001 9.1877 
16.8001 -0.233726 -0.162557 0.626237 0.725793 13.1018 -11.9094 5.6067 -0.0493217 -0.5187 0.266454 -2.7124 -0.563001 9.1877 
16.8334 -0.238631 -0.164946 0.628773 0.721452 13.2342 -11.7953 5.51912 -0.0493217 -0.5187 0.266454 -2.7124 -0.563001 9.1877 
16.8668 -0.243305 -0.167501 0.631521 0.716887 13.3657 -11.6794 5.4261 -0.0493217 -0.5187 0.266454 -2.7124 -0.563001 9.1877 
16.9001 -0.247741 -0.170229 0.634459 0.712115 13.4963 -11.5617 5.32867 -0.0493217 -0.5187 0.266454 -2.7124 -0.563001 9.1877 
16.9334 -0.251931 -0.173134 0.637566 0.707153 13.6259 -11.4421 5.22791 -0.0493217 -0.5187 0.266454 -2.7124 -0.563001 9.1877 
16.9668 -0.255869 -0.176221 0.640819 0.702017 13.7546 -11.3208 5.12491 -0.0493217 -0.5187 0.266454 -2.7124 -0.563001 9.1877 
17.0001 -0.259553 -0.179493 0.644195 0.696726 13.8823 -11.1976 5.02081 -0.0493217 -0.5187 0.266454 -2.7124 -0.563001 9.1877 
17.0334 -0.26298 -0.182954 0.647668 0.691299 14.009 -11.0727 4.91675 -0.0493217 -0.5187 0.266454 -2.7124 -0.563001 9.1877 
17.0667 -0.26615 -0.186606 0.651216 0.685755 14.1346 -10.946 4.81387 -0.0493217 -0.5187 0.266454 -2.7124 -0.563001 9.1877 
17.1001 -0.269064 -0.19045 0.654811 0.680114 14.2593 -10.8175 4.7133 -0.0493217 -0.5187 0.266454 -2.7124 -0.563001 9.1877 
17.1334 -0.271726 -0.194487 0.658429 0.674396 14.3829 -10.6873 4.61616 -0.0493217 -0.5187 0.266454 -2.7124 -0.563001 9.1877 
17.1667 -0.274139 -0.198718 0.662045 0.668622 14.5055 -10.5554 4.52349 -0.0493217 -0.5187 0.266454 -2.7124 -0.563001 9.1877 
17.2001 -0.276311 -0.20314 0.665632 0.662813 14.627 -10.4218 4.43634 -0.0493217 -0.5187 0.266454 -2.7124 -0.563001 9.1877 
17.2334 -0.278249 -0.207752 0.669166 0.656988 14.7474 -10.2865 4.35565 -0.0493217 -0.5187 0.266454 -2.7124 -0.563001 9.1877 
17.2667 -0.279963 -0.212551 0.672621 0.651171 14.8667 -10.1496 4.2823 -0.0493217 -0.5187 0.266454 -2.7124 -0.563001 9.1877 
17.3001 -0.281462 -0.217533 0.675975 0.645381 14.985 -10.0109 4.21712 -0.0493217 -0.5187 0.266454 -2.7124 -0.563001 9.1877 
17.3334 -0.28276 -0.222693 0.679202 0.639639 15.1021 -9.87066 4.16082 -0.0493217 -0.5187 0.266454 -2.7124 -0.563001 9.1877 
17.3667 -0.28387 -0.228025 0.682281 0.633968 15.2181 -9.72878 4.11401 -0.0493217 -0.5187 0.266454 -2.7124 -0.563001 9.1877 
17.4001 -0.284805 -0.233522 0.685189 0.628386 15.333 -9.58529 4.07722 -0.0493217 -0.5187 0.266454 -2.7124 -0.563001 9.1877 
17.4334 -0.285581 -0.239176 0.687907 0.622915 15.4467 -9.44021 4.05085 -0.0493217 -0.5187 0.266454 -2.7124 -0.563001 9.1877 
17.4667 -0.286215 -0.244977 0.690413 0.617573 15.5592 -9.29355 4.03521 -0.0493217 -0.5187 0.266454 -2.7124 -0.563001 9.1877 
17.5001 -0.286722 -0.250915 0.692691 0.612381 15.6706 -9.14535 4.03045 -0.0493217 -0.5187 0.266454 -2.7124 -0.563001 9.1877 
17.5334 -0.287121 -0.256979 0.694724 0.607357 15.7808 -8.9956 4.03664 -0.0493217 -0.5187 0.266454 -2.7124 -0.563001 9.1877 
17.5667 -0.287429 -0.263157 0.696495 0.602518 15.8898 -8.84434 4.05372 -0.0493217 -0.5187 0.266454 -2.7124 -0.563001 9.1877 
17.6001 -0.287664 -0.269435 0.697991 0.597882 15.9976 -8.69158 4.08151 -0.0493217 -0.5187 0.266454 -2.7124 -0.563001 9.1877 
17.6334 -0.287845 -0.2758 0.6992 0.593464 16.1042 -8.53733 4.1197 -0.0493217 -0.5187 0.266454 -2.7124 -0.563001 9.1877 
17.6667 -0.287989 -0.282237 0.70011 0.58928 16.2095 -8.38162 4.16788 -0.0493217 -0.5187 0.266454 -2.7124 -0.563001 9.1877 
17.7001 -0.288116 -0.288729 0.700713 0.585343 16.3137 -8.22447 4.22553 -0.0493217 -0.5187 0.266454 -2.7124 -0.563001 9.1877 
17.7334 -0.288242 -0.295261 0.701 0.581667 16.4166 -8.06589 4.29201 -0.0493217 -0.5187 0.266454 -2.7124 -0.563001 9.1877 
17.7667 -0.288387 -0.301815 0.700966 0.578262 16.5182 -7.9059 4.36662 -0.0493217 -0.5187 0.266454 -2.7124 -0.563001 9.1877 
17.8001 -0.288566 -0.308375 0.700606 0.57514 16.6186 -7.74452 4.44852 -0.0493217 -0.5187 0.266454 -2.7124 -0.563001 9.1877 
17.8334 -0.288797 -0.314922 0.699918 0.572308 16.7177 -7.58177 4.53684 -0.0493217 -0.5187 0.266454 -2.7124 -0.563001 9.1877 
17.8667 -0.289095 -0.321438 0.698899 0.569773 16.8156 -7.41766 4.6306 -0.0493217 -0.5187 0.266454 -2.7124 -0.563001 9.1877 
17.9001 -0.289477 -0.327905 0.697551 0.567542 16.9122 -7.25222 4.72879 -0.0493217 -0.5187 0.266454 -2.7124 -0.563001 9.1877 
17.9334 -0.289956 -0.334303 0.695875 0.565619 17.0075 -7.08547 4.83032 -0.0493217 -0.5187 0.266454 -2.7124 -0.563001 9.1877 
17.9667 -0.290548 -0.340616 0.693874 0.564006 17.1014 -6.91741 4.9341 -0.0493217 -0.5187 0.266454 -2.7124 -0.563001 9.1877 
18.0001 -0.291264 -0.346823 0.691552 0.562703 17.1941 -6.74808 5.03898 -0.0493217 -0.5187 0.266454 -2.7124 -0.563001 9.1877 
18.0334 -0.292118 -0.352908 0.688916 0.56171 17.2855 -6.57749 5.14382 -0.0493217 -0.5187 0.266454 -2.7124 -0.563001 9.1877 
18.0667 -0.29312 -0.358852 0.685973 0.561024 17.3756 -6.40565 5.24748 -0.0493217 -0.5187 0.266454 -2.7124 -0.563001 9.1877 
18.1001 -0.294281 -0.364639 0.68273 0.56064 17.4643 -6.23258 5.34881 -0.0493217 -0.5187 0.266454 -2.7124 -0.563001 9.1877 
18.1334 -0.29561 -0.370251 0.679199 0.560552 17.5517 -6.05831 5.44672 -0.0493217 -0.5187 0.266454 -2.7124 -0.563001 9.1877 
18.1667 -0.297116 -0.375672 0.675388 0.560752 17.6378 -5.88285 5.54013 -0.0493217 -0.5187 0.266454 -2.7124 -0.563001 9.1877 
18.2001 -0.298807 -0.380889 0.67131 0.561231 17.7225 -5.70621 5.62801 -0.0493217 -0.5187 0.266454 -2.7124 -0.563001 9.1877 
18.2334 -0.30069 -0.385885 0.666978 0.561977 17.8058 -5.52842 5.70942 -0.0493217 -0.5187 0.266454 -2.7124 -0.563001 9.1877 
18.2667 -0.30277 -0.39065 0.662405 0.562977 17.8878 -5.34949 5.78344 -0.0493217 -0.5187 0.266454 -2.7124 -0.563001 9.1877 
18.3001 -0.305052 -0.39517 0.657605 0.564216 17.9684 -5.16944 5.84928 -0.0493217 -0.5187 0.266454 -2.7124 -0.563001 9.1877 
18.3334 -0.30754 -0.399436 0.652594 0.565678 18.0477 -4.98828 5.90621 -0.0493217 -0.5187 0.266454 -2.7124 -0.563001 9.1877 
18.3667 -0.310238 -0.403438 0.647387 0.567346 18.1255 -4.80604 5.9536 -0.0493217 -0.5187 0.266454 -2.7124 -0.563001 9.1877 
18.4001 -0.313147 -0.407168 0.642 0.5692 18.2019 -4.62273 5.99095 -0.0493217 -0.5187 0.266454 -2.7124 -0.563001 9.1877 
18.4334 -0.316269 -0.410621 0.636451 0.571221 18.2769 -4.43837 6.01782 -0.0493217 -0.5187 0.266454 -2.7124 -0.563001 9.1877 
18.4667 -0.319606 -0.413793 0.630758 0.573387 18.3505 -4.25298 6.03394 -0.0493217 -0.5187 0.266454 -2.7124 -0.563001 9.1877 
18.5001 -0.323155 -0.416679 0.624937 0.575677 18.4227 -4.06656 6.03912 -0.0493217 -0.5187 0.266454 -2.7124 -0.563001 9.1877 
18.5334 -0.326917 -0.419279 0.619007 0.578067 18.4934 -3.87915 6.03329 -0.0493217 -0.5187 0.266454 -2.7124 -0.563001 9.1877 
18.5667 -0.330888 -0.421595 0.612986 0.580533 18.5627 -3.69076 6.01653 -0.0493217 -0.5187 0.266454 -2.7124 -0.563001 9.1877 
18.6001 -0.335067 -0.423628 0.606894 0.583051 18.6305 -3.5014 5.98902 -0.0493217 -0.5187 0.266454 -2.7124 -0.563001 9.1877 
18.6334 -0.33945 -0.425382 0.600749 0.585597 18.6969 -3.3111 5.95104 -0.0493217 -0.5187 0.266454 -2.7124 -0.563001 9.1877 
18.6667 -0.344031 -0.426863 0.59457 0.588146 18.7617 -3.11987 5.90302 -0.0493217 -0.5187 0.266454 -2.7124 -0.563001 9.1877 
18.7001 -0.348806 -0.42808 0.588376 0.590673 18.8251 -2.92774 5.84547 -0.0493217 -0.5187 0.266454 -2.7124 -0.563001 9.1877 
18.7334 -0.353769 -0.429041 0.582186 0.593154 18.887 -2.73471 5.77903 -0.0493217 -0.5187 0.266454 -2.7124 -0.563001 9.1877 
18.7667 -0.358911 -0.429758 0.576017 0.595563 18.9473 -2.54082 5.70442 -0.0493217 -0.5187 0.266454 -2.7124 -0.563001 9.1877 
18.8001 -0.364226 -0.430243 0.56989 0.597876 19.0062 -2.34608 5.62245 -0.0493217 -0.5187 0.266454 -2.7124 -0.563001 9.1877 
18.8334 -0.369704 -0.43051 0.563821 0.600072 19.0635 -2.1505 5.53401 -0.0493217 -0.5187 0.266454 -2.7124 -0.563001 9.1877 
18.8667 -0.375336 -0.430574 0.557829 0.602126 19.1192 -1.95412 5.44007 -0.0493217 -0.5187 0.266454 -2.7124 -0.563001 9.1877 
18.9001 -0.381111 -0.430452 0.551932 0.604017 19.1734 -1.75695 5.34166 -0.0493217 -0.5187 0.266454 -2.7124 -0.563001 9.1877 
18.9334 -0.387018 -0.430162 0.546146 0.605724 19.2261 -1.55901 5.23985 -0.0493217 -0.5187 0.266454 -2.7124 -0.563001 9.1877 
18.9667 -0.393044 -0.429723 0.540488 0.607229 19.2772 -1.36032 5.13574 -0.0493217 -0.5187 0.266454 -2.7124 -0.563001 9.1877 
19.0001 -0.399178 -0.429154 0.534974 0.608512 19.3267 -1.16091 5.03049 -0.0493217 -0.5187 0.266454 -2.7124 -0.563001 9.1877 
19.0334 -0.405405 -0.428476 0.529619 0.609557 19.3746 -0.960794 4.92522 -0.0493217 -0.5187 0.266454 -2.7124 -0.563001 9.1877 
19.0667 -0.411711 -0.42771 0.524437 0.610348 19.421 -0.759997 4.8211 -0.0493217 -0.5187 0.266454 -2.7124 -0.563001 9.1877 
19.1001 -0.418081 -0.426876 0.519443 0.610872 19.4657 -0.558543 4.71927 -0.0493217 -0.5187 0.266454 -2.7124 -0.563001 9.1877 
19.1334 -0.424499 -0.425997 0.51465 0.611116 19.5089 -0.356453 4.62082 -0.0493217 -0.5187 0.266454 -2.7124 -0.563001 9.1877 
19.1667 -0.43095 -0.425094 0.510069 0.61107 19.5504 -0.153752 4.52684 -0.0493217 -0.5187 0.266454 -2.7124 -0.563001 9.1877 
19.2001 -0.437417 -0.424189 0.505712 0.610725 19.5903 0.049539 4.43835 -0.0493217 -0.5187 0.266454 -2.7124 -0.563001 9.1877 
19.2334 -0.443882 -0.423303 0.50159 0.610074 19.6286 0.253395 4.35631 -0.0493217 -0.5187 0.266454 -2.7124 -0.563001 9.1877 
19.2667 -0.450328 -0.422458 0.497711 0.609112 19.6652 0.457792 4.28163 -0.0493217 -0.5187 0.266454 -2.7124 -0.563001 9.1877 
19.3 -0.456738 -0.421674 0.494083 0.607835 19.7002 0.662706 4.21511 -0.0493217 -0.5187 0.266454 -2.7124 -0.563001 9.1877 
19.3334 -0.463094 -0.420971 0.490714 0.606241 19.7336 0.868113 4.15748 -0.0493217 -0.5187 0.266454 -2.7124 -0.563001 9.1877 
19.3667 -0.469377 -0.420368 0.487609 0.604329 19.7654 1.07399 4.10937 -0.0493217 -0.5187 0.266454 -2.7124 -0.563001 9.1877 
19.4 -0.47557 -0.419884 0.484772 0.602101 19.7955 1.28031 4.0713 -0.0493217 -0.5187 0.266454 -2.7124 -0.563001 9.1877 
19.4334 -0.481655 -0.419536 0.482208 0.599561 19.8239 1.48705 4.04369 -0.0493217 -0.5187 0.266454 -2.7124 -0.563001 9.1877 
19.4667 -0.487614 -0.419341 0.479917 0.596712 19.8507 1.69419 4.02683 -0.0493217 -0.5187 0.266454 -2.7124 -0.563001 9.1877 
19.5 -0.493428 -0.419315 0.477901 0.593561 19.8758 1.9017 4.0209 -0.0493217 -0.5187 0.266454 -2.7124 -0.563001 9.1877 
19.5334 -0.499082 -0.419471 0.476158 0.590115 19.8993 2.10955 4.02597 -0.0493217 -0.5187 0.266454 -2.7124 -0.563001 9.1877 
19.5667 0.504558 0.419822 -0.474686 -0.586383 19.9211 2.31772 4.04198 -0.0493217 -0.5187 0.266454 -2.7124 -0.563001 9.1877 
19.6 0.50984 0.42038 -0.473481 -0.582374 19.9413 2.5262 4.06876 -0.0493217 -0.5187 0.266454 -2.7124 -0.563001 9.1877 
19.6334 0.514912 0.421156 -0.472539 -0.5781 19.9598 2.73494 4.10599 -0.0493217 -0.5187 0.266454 -2.7124 -0.563001 9.1877 
19.6667 0.51976 0.42216 -0.471852 -0.573573 19.9767 2.94394 4.15328 -0.0493217 -0.5187 0.266454 -2.7124 -0.563001 9.1877 
19.7 0.52437 0.423397 -0.471412 -0.568807 19.9918 3.15315 4.21011 -0.0493217 -0.5187 0.266454 -2.7124 -0.563001 9.1877 
19.7334 0.528729 0.424877 -0.47121 -0.563815 20.0053 3.36257 4.27585 -0.0493217 -0.5187 0.266454 -2.7124 -0.563001 9.1877 
19.7667 0.532825 0.426602 -0.471234 -0.558612 20.0172 3.57216 4.34978 -0.0493217 -0.5187 0.266454 -2.7124 -0.563001 9.1877 
19.8 0.536647 0.428579 -0.471471 -0.553213 20.0274 3.7819 4.43109 -0.0493217 -0.5187 0.266454 -2.7124 -0.563001 9.1877 
19.8334 0.540186 0.430808 -0.471909 -0.547636 20.0359 3.99177 4.51889 -0.0493217 -0.5187 0.266454 -2.7124 -0.563001 9.1877 
19.8667 0.543434 0.433292 -0.472531 -0.541897 20.0427 4.20174 4.61222 -0.0493217 -0.5187 0.266454 -2.7124 -0.563001 9.1877 
19.9 0.546384 0.43603 -0.473321 -0.536012 20.0479 4.41179 4.71004 -0.0493217 -0.5187 0.266454 -2.7124 -0.563001 9.1877 
19.9334 0.549031 0.439022 -0.474262 -0.53 20.0515 4.62189 4.8113 -0.0493217 -0.5187 0.266454 -2.7124 -0.563001 9.1877 
19.9667 0.551372 0.442265 -0.475335 -0.523878 20.0533 4.83202 4.91489 -0.0493217 -0.5187 0.266454 -2.7124 -0.563001 9.1877 
